2 0.0551562 0.39875 0.0875 0.419583 0.277969 0.404583 0.260937 0.586875 0.222969 0.579375 0.02625 0.582083 0 0.572708 0.0529687 0.396875
2 0.081875 0.3125 0.107344 0.324583 0.30125 0.304792 0.280781 0.416667 0.0515625 0.416667
2 0.294063 0.26625 0.3075 0.272917 0.512656 0.289792 0.498594 0.385625 0.509062 0.429792 0.260937 0.408333 0.29125 0.26625
2 0.0629687 0.571875 0.313906 0.565208 0.301875 0.745625 0.026875 0.725 0.0579687 0.568958
2 0.256719 0.4525 0.308906 0.4525 0.33 0.430833 0.324375 0.583958 0.226406 0.579375 0.251875 0.455208
2 0.3125 0.441042 0.33 0.419583 0.537344 0.412917 0.540937 0.574583 0.309688 0.568125 0.3075 0.442917
2 0.29125 0.553958 0.542344 0.565208 0.55 0.7325 0.267969 0.735417 0.284219 0.550208
2 0.512656 0.313333 0.542969 0.284167 0.537969 0.425208 0.487969 0.4025 0.502031 0.306667 0.509844 0.311458
2 0.217344 0.174167 0.24625 0.182708 0.414687 0.200417 0.435781 0.189167 0.440781 0.314167 0.224375 0.305833 0.216562 0.177917
2 0.535156 0.389375 0.55 0.411042 0.75875 0.4025 0.777031 0.393125 0.815781 0.571875 0.540156 0.598125 0.53375 0.390417
2 0.552813 0.275625 0.77625 0.276667 0.801719 0.396875 0.787656 0.415833 0.53875 0.415833 0.55 0.278542
2 0.549531 0.586458 0.572344 0.580208 0.805 0.562083 0.823906 0.723542 0.554219 0.726667 0.543594 0.584792
2 0.800938 0.526875 0.825 0.533958 1 0.519792 1 0.717292 0.815625 0.721875 0.799687 0.533958
2 0.834688 0.297292 0.998906 0.298958 1 0.531042 0.836094 0.527083 0.845313 0.493542 0.840781 0.319792 0.83375 0.305
2 0.795312 0.391458 1 0.389167 1 0.537917 0.800781 0.543333 0.793906 0.397917
2 0.79625 0.26375 1 0.26875 1 0.385208 0.805781 0.386042 0.813594 0.360625 0.794531 0.264167
