2 0.231406 0.793958 0.374844 0.788125 0.372344 0.891875 0.225469 0.89 0.232344 0.793958
2 0.368906 0.794792 0.488438 0.795417 0.491406 0.895208 0.3675 0.891875 0.367031 0.797292
2 0.484063 0.8 0.616719 0.796667 0.61375 0.895208 0.483594 0.89 0.481094 0.8
2 0.606875 0.803125 0.755781 0.80125 0.763125 0.89125 0.609844 0.892708 0.606406 0.8025
2 0.0840625 0.4775 0.0975 0.479167 0.111406 0.492292 0.232969 0.495 0.2375 0.595 0.0746875 0.583125 0.0828125 0.480208
2 0.109844 0.351875 0.262344 0.348125 0.245312 0.5025 0.0832813 0.499375 0.106875 0.35125
2 0.144063 0.281667 0.25875 0.272917 0.250156 0.3525 0.130156 0.352917 0.142031 0.283958
2 0.250469 0.283333 0.430938 0.284375 0.421875 0.354583 0.232187 0.335625
2 0.25375 0.33875 0.438125 0.324167 0.432031 0.466042 0.240313 0.445 0.251719 0.339375
2 0.240625 0.434583 0.401875 0.423542 0.429219 0.436667 0.438594 0.588958 0.215 0.581875 0.221563 0.432917 0.238281 0.433333
2 0.431406 0.485208 0.439219 0.472917 0.583594 0.465 0.587969 0.592292 0.418594 0.591667 0.429375 0.488542
2 0.427969 0.351458 0.43375 0.346875 0.560625 0.351458 0.569375 0.475417 0.425 0.483333 0.425938 0.354792
2 0.43375 0.296667 0.582188 0.292083 0.581719 0.36 0.437812 0.371042 0.431406 0.30125
2 0.462656 0.487917 0.472031 0.486667 0.612031 0.388125 0.635469 0.360625 0.69625 0.512083 0.513125 0.600208 0.459844 0.489792
2 0.554219 0.334583 0.712812 0.304583 0.75 0.4325 0.572813 0.473542 0.55375 0.335833
2 0.577813 0.292083 0.732031 0.290833 0.744688 0.331875 0.5875 0.353542 0.57625 0.296042
2 0.721719 0.293958 0.895 0.294792 0.903281 0.33125 0.729063 0.34375 0.719219 0.297292
2 0.72125 0.345625 0.723125 0.335208 0.900313 0.320833 0.929219 0.449375 0.762344 0.4625 0.751563 0.373125 0.72125 0.352083
2 0.730938 0.423958 0.921875 0.4325 0.945469 0.591667 0.745625 0.592917 0.732969 0.427292
2 0.601406 0.547708 0.6 0.48375 0.748437 0.421042 0.784687 0.558542 0.746719 0.584792 0.600781 0.60125 0.600625 0.550625
