2 0.155156 0.556042 0.157344 0.503958 0.449375 0.476042 0.484063 0.506875 0.460938 0.524167 0.156719 0.556042
2 0.160938 0.502083 0.163125 0.455833 0.457969 0.415417 0.505 0.425 0.530312 0.45875 0.466719 0.474167 0.161719 0.503125
2 0.1725 0.397083 0.421875 0.368125 0.445625 0.381667 0.493438 0.368125 0.500625 0.382708 0.453594 0.415417 0.163906 0.457708 0.171875 0.396042
2 0.171406 0.395208 0.1775 0.338958 0.361094 0.320833 0.402031 0.30375 0.473438 0.319583 0.491719 0.328958 0.47 0.365833 0.438281 0.360625 0.425 0.366875 0.171406 0.396042
2 0.185156 0.2775 0.368906 0.260417 0.443594 0.274792 0.458906 0.282917 0.370625 0.317292 0.177656 0.337083 0.183906 0.279792
2 0.184688 0.269583 0.198281 0.0933333 0.446094 0.106042 0.463438 0.189167 0.474219 0.225 0.46375 0.244375 0.185312 0.274583
2 0.404375 0.254375 0.463281 0.242292 0.475 0.22375 0.445781 0.103333 0.825 0.123958 0.843125 0.168958 0.886562 0.171667 0.915156 0.168542 0.92 0.189375 0.855937 0.230625 0.4775 0.277083 0.462812 0.266875 0.431094 0.269792 0.401562 0.258542
2 0.442969 0.268333 0.4625 0.267708 0.475625 0.277083 0.852344 0.232917 0.912656 0.196042 0.952812 0.245 0.895469 0.279792 0.872031 0.290417 0.4825 0.324583 0.460938 0.285208 0.440937 0.271667
2 0.4725 0.366042 0.493125 0.324583 0.889062 0.285833 0.940156 0.25625 0.955313 0.283125 0.926094 0.327292 0.882969 0.343333 0.54125 0.370833 0.519688 0.3675 0.475625 0.3675
2 0.473594 0.40125 0.500625 0.383958 0.490625 0.366458 0.534844 0.374583 0.88 0.345 0.926719 0.32625 0.939219 0.341042 0.904687 0.383958 0.52375 0.41875 0.507188 0.423333 0.472031 0.419375 0.470625 0.403333
2 0.507969 0.424375 0.545156 0.414792 0.855937 0.389792 0.923594 0.375833 0.902344 0.417083 0.844219 0.445 0.521406 0.470625 0.504687 0.465 0.528906 0.456667 0.50625 0.426042
2 0.457813 0.475 0.502969 0.465 0.521406 0.472292 0.843281 0.445625 0.897344 0.420417 0.902656 0.422708 0.886875 0.464583 0.871719 0.475625 0.555625 0.524167 0.4875 0.547083 0.47625 0.513542 0.48375 0.504583 0.461094 0.477292
