2 0.209844 0.665625 0.22375 0.659167 0.382656 0.667292 0.392344 0.699375 0.405 0.782083 0.235781 0.7675 0.209844 0.674375
2 0.364063 0.607083 0.476094 0.559583 0.479687 0.562083 0.480938 0.586875 0.52125 0.732292 0.414687 0.784375 0.3725 0.638333 0.363437 0.631042 0.362187 0.610208
2 0.675781 0.811667 0.69375 0.793333 0.751875 0.78 0.81125 0.771667 0.835938 0.748125 0.837656 0.749792 0.841875 0.781667 0.835156 0.789375 0.6925 0.82125 0.680469 0.817292
2 0.316094 0.518542 0.235469 0.488542 0.253594 0.384583 0.265 0.367083 0.353437 0.386875 0.337812 0.396042 0.347344 0.419167 0.31875 0.511667
2 0.434844 0.445833 0.532813 0.3925 0.622188 0.581042 0.525 0.659583 0.524219 0.636458 0.446094 0.464167 0.436562 0.452708
2 0.647344 0.415625 0.743594 0.421458 0.747969 0.44 0.736563 0.446875 0.747969 0.614583 0.762656 0.637708 0.639531 0.645833 0.648125 0.625 0.636875 0.43875 0.643906 0.415625
2 0.700156 0.420417 0.758281 0.339375 0.761719 0.319792 0.77125 0.313958 0.835469 0.415625 0.814688 0.430833 0.747969 0.519792 0.750469 0.5475 0.746094 0.54625 0.7375 0.449167 0.747969 0.441042 0.742656 0.422708 0.704531 0.422708
2 0.522031 0.388333 0.511719 0.33375 0.511719 0.316042 0.520781 0.316042 0.559375 0.39875 0.559375 0.409167 0.570156 0.406042 0.615938 0.377917 0.626719 0.462083 0.64125 0.491875 0.64 0.511042 0.588281 0.511042 0.533438 0.393125 0.525 0.39625
2 0.56 0.4075 0.55875 0.39625 0.506875 0.287083 0.488906 0.258958 0.577969 0.181875 0.585781 0.195625 0.584688 0.207708 0.652031 0.33125 0.661094 0.335208 0.561094 0.410833
2 0.394375 0.363333 0.3925 0.348958 0.341406 0.26375 0.339531 0.248542 0.435313 0.228542 0.436562 0.245417 0.500312 0.334583 0.501563 0.345625 0.453281 0.35375 0.439531 0.3675 0.395 0.3675
