2 0.665 0.759167 0.689844 0.733125 0.73625 0.728125 0.740156 0.7225 0.735313 0.749583 0.659844 0.763333
2 0.424219 0.70375 0.48875 0.698542 0.495 0.695 0.505156 0.711875 0.505 0.75375 0.500312 0.759583 0.430156 0.761875 0.423594 0.742708 0.420469 0.720417 0.422031 0.703333
2 0.487969 0.667292 0.540312 0.637292 0.545156 0.648125 0.543281 0.658958 0.564219 0.712708 0.565781 0.723125 0.561406 0.731042 0.5175 0.7575 0.507656 0.718958 0.488281 0.669167
2 0.567187 0.68125 0.514531 0.588125 0.557969 0.550208 0.614844 0.640625 0.570156 0.683958
2 0.425 0.558125 0.473594 0.5625 0.463125 0.632292 0.415781 0.624375 0.424219 0.560208
2 0.492812 0.551875 0.458437 0.497292 0.504531 0.476667 0.54375 0.529583 0.496094 0.553542
2 0.55375 0.543542 0.54625 0.517292 0.550938 0.513958 0.580625 0.554167 0.602656 0.539167 0.613594 0.585417 0.620313 0.601042 0.593125 0.606458 0.555 0.54625
2 0.535 0.486667 0.575469 0.446458 0.616563 0.52625 0.580156 0.553542 0.533281 0.488958
2 0.617812 0.556875 0.674219 0.554792 0.67 0.568542 0.680469 0.648333 0.685937 0.659583 0.625781 0.673958 0.628594 0.657292 0.619375 0.569167 0.616094 0.558542
2 0.649531 0.554792 0.682969 0.5 0.691719 0.496667 0.724375 0.54125 0.684219 0.602083 0.682969 0.617083 0.675469 0.60875 0.670937 0.566875 0.675 0.555208 0.65125 0.556458
