3 0.498906 0.189375 0.669375 0.168542 0.692187 0.162708 0.712812 0.162708 0.71 0.17 0.72125 0.269583 0.724531 0.360208 0.735156 0.425 0.73625 0.453125 0.74625 0.506667 0.74625 0.53625 0.470469 0.5675 0.470937 0.504375 0.46875 0.489583 0.471562 0.302292 0.453125 0.19375 0.504375 0.188542
3 0.467344 0.569167 0.746875 0.537083 0.754219 0.882083 0.762188 0.925833 0.764219 0.9525 0.685937 0.959583 0.580937 0.980208 0.500156 0.99 0.49875 0.907917 0.482031 0.646667 0.47 0.570833
3 0.199531 0 0.250781 0 0.439375 0 0.400156 0.0866667 0.38 0.228542 0.364687 0.228542 0.357969 0.239167 0.152031 0.171458 0.147969 0.14375 0.152656 0.129583 0.151406 0.11 0.171406 0.068125 0.174063 0.05375 0.199531 0.000208333
3 0.162969 0.170833 0.170938 0.137083 0.194062 0.0754167 0.227656 0.016875 0.400938 0.1 0.378906 0.147708 0.349375 0.265417 0.344375 0.2975 0.347812 0.343958 0.326094 0.343958 0.210781 0.309792 0.149375 0.300625 0.15125 0.285208 0.143906 0.273333 0.142813 0.260417 0.153125 0.20625 0.164375 0.17625
3 0.394375 0.141667 0.375312 0.141667 0.374844 0.0958333 0.381875 0 0.530938 0 0.525781 0.0325 0.530938 0.142708 0.393437 0.142292
3 0.601562 0.0591667 0.675469 0.0483333 0.699844 0.144792 0.719688 0.188125 0.634531 0.219167 0.565625 0.239792 0.548594 0.167917 0.53625 0.09375 0.529219 0.073125 0.541406 0.0695833
3 0.694063 0.02 0.739375 0.0291667 0.845313 0.0416667 0.849687 0.0741667 0.862344 0.110833 0.861563 0.129375 0.873594 0.149375 0.896094 0.17625 0.849219 0.181875 0.772656 0.180417 0.733594 0.17625 0.718438 0.109167 0.704844 0.0664583 0.694063 0.0410417 0.690156 0.0189583
3 0.73375 0.176875 0.854531 0.181875 0.895781 0.176875 0.904219 0.194792 0.909844 0.222708 0.924687 0.2475 0.926406 0.280208 0.936719 0.30875 0.940469 0.356458 0.938594 0.408958 0.817812 0.420833 0.7575 0.43 0.770469 0.3725 0.767656 0.336042 0.762031 0.2975 0.734219 0.178125
3 0.851406 0.480208 0.888125 0.484167 0.975 0.485208 0.964531 0.523125 0.9225 0.584375 0.907188 0.614583 0.811875 0.621042 0.783906 0.62875 0.783438 0.624792 0.798125 0.587292 0.820781 0.535625 0.834688 0.495625 0.838125 0.474792
3 0.850313 0.0425 0.860469 0.0395833 0.888281 0.051875 0.950156 0.0939583 0.983125 0.131667 1 0.195 0.996094 0.1775 0.949687 0.162708 0.931563 0.162083 0.897656 0.0995833 0.872031 0.063125 0.850781 0.045625
3 0.872812 0.40875 0.870469 0.331875 0.85875 0.288542 0.880469 0.283542 0.950156 0.277708 0.981406 0.289167 0.987656 0.304167 0.999219 0.390208 1 0.452292 1 0.499167 0.968281 0.490417 0.861563 0.481042 0.875781 0.450625 0.873437 0.413958
3 0.35625 0.238958 0.37625 0.140417 0.531719 0.142292 0.523906 0.266042 0.526563 0.347292 0.37625 0.349792 0.347812 0.358333 0.345 0.302708 0.347344 0.275417 0.356719 0.239583
