3 0.519219 0.24375 0.612812 0.265208 0.747656 0.283125 0.730469 0.471042 0.724844 0.585417 0.719844 0.624792 0.612344 0.596667 0.480781 0.570625 0.496406 0.464375 0.506406 0.360417 0.514687 0.315833 0.5175 0.248958
3 0.573125 0.589167 0.721562 0.626667 0.720156 0.654375 0.708125 0.731875 0.702187 0.833542 0.690781 0.9075 0.686719 0.954792 0.689531 0.990417 0.685469 1 0.500156 0.977083 0.437344 0.96 0.462812 0.794167 0.462812 0.760417 0.472187 0.685417 0.476875 0.607083 0.482188 0.571458
3 0.0782812 0 0.0832813 0.0291667 0.157969 0.157708 0.134531 0.156042 0.117813 0.147917 0.105469 0.136875 0.0626562 0.133125 0.00125 0.136042 0 0.147292 0 0 0.0765625 0 0.0782812 0
3 0.156406 0.158125 0.165313 0.210833 0.173125 0.238333 0.212188 0.291875 0.225469 0.352708 0.225 0.387708 0.08125 0.397292 0 0.409167 0 0.306667 0 0.25625 0 0.21375 0 0.152083 0 0.147708 0.00765625 0.135 0.10625 0.135833 0.120781 0.15 0.136875 0.155833 0.1575 0.158125
3 0.189688 0.393125 0.214219 0.458333 0.222187 0.492292 0.22125 0.516458 0.146875 0.53 0.0632812 0.550417 0 0.571458 0 0.40625 0 0.276875 0.0420312 0.259583 0.141406 0.250208 0.172969 0.324583 0.189688 0.387083
3 0.0270312 0.564375 0.0009375 0.480625 0 0.425208 0.00625 0.403958 0.142031 0.348542 0.178125 0.393958 0.267656 0.526875 0.275 0.570625 0.266406 0.576875 0.127188 0.638333 0.0576562 0.676667 0.054375 0.623125 0.04375 0.595625 0.0276563 0.567083
3 0.143281 0.119583 0.244531 0.104583 0.260937 0.147083 0.271563 0.16125 0.299375 0.1875 0.316094 0.21375 0.28 0.227083 0.245781 0.233125 0.209063 0.248542 0.176094 0.270208 0.162656 0.229792 0.158438 0.200833 0.137187 0.141875 0.124219 0.122292 0.143906 0.119167
3 0.17625 0.27 0.210312 0.246875 0.248594 0.232292 0.290313 0.224167 0.315937 0.213333 0.331719 0.229792 0.369688 0.292708 0.39875 0.32 0.41375 0.345417 0.421875 0.369167 0.417344 0.38 0.4025 0.385208 0.375469 0.401667 0.243906 0.488333 0.232656 0.499583 0.1975 0.3975 0.173906 0.301042 0.159531 0.27875 0.176563 0.27
3 0.245156 0.491458 0.22625 0.449792 0.21125 0.400833 0.183906 0.359167 0.33375 0.272292 0.367188 0.307292 0.405156 0.377083 0.412344 0.394792 0.444688 0.42375 0.455312 0.446042 0.340938 0.533125 0.276875 0.567292 0.265156 0.5175 0.244688 0.492292
3 0.288125 0.170417 0.382969 0.1075 0.401562 0.130208 0.429844 0.157708 0.47125 0.210833 0.410156 0.260208 0.366406 0.289792 0.318438 0.215833 0.284687 0.174167
3 0.368125 0.289167 0.480938 0.20625 0.497656 0.220417 0.522344 0.253958 0.578125 0.348125 0.48 0.457083 0.409062 0.356042 0.36125 0.298542 0.366719 0.290417
3 0.400938 0.0779167 0.439375 0.0775 0.510313 0.06 0.537656 0.0870833 0.577031 0.14125 0.600313 0.15875 0.603906 0.164792 0.51 0.204375 0.462656 0.149375 0.395156 0.0810417
3 0.512344 0.204792 0.613594 0.159792 0.662031 0.214583 0.66625 0.225833 0.712344 0.265208 0.603906 0.337292 0.52625 0.226875
3 0.634219 0.136042 0.663594 0.140625 0.687656 0.154583 0.719375 0.17875 0.771563 0.238125 0.80375 0.285208 0.728594 0.2825 0.72625 0.269167 0.695 0.209792 0.661719 0.172708 0.634219 0.136458
3 0.655469 0.0622917 0.668281 0.0633333 0.702656 0.0797917 0.726719 0.0829167 0.756875 0.096875 0.773906 0.110833 0.780156 0.122083 0.835469 0.180417 0.777031 0.17625 0.765781 0.168958 0.752188 0.157708 0.735156 0.133958 0.715156 0.11375 0.679531 0.0797917 0.669375 0.07625 0.655938 0.06375
