3 0.0366667 0.399844 0.0560417 0.351719 0.110208 0.277344 0.14875 0.286875 0.2025 0.294063 0.299375 0.313437 0.259167 0.402813 0.248333 0.433906 0.035 0.400469
3 0.300833 0.507344 0.382708 0.470781 0.414375 0.449688 0.424375 0.448437 0.512292 0.515781 0.496875 0.525781 0.422708 0.557656 0.393333 0.578281 0.365833 0.593438 0.284583 0.513281
3 0.426042 0.447187 0.432292 0.437969 0.498333 0.407656 0.545417 0.380781 0.622292 0.443438 0.511875 0.515781 0.425208 0.447969
3 0.556667 0.379688 0.643958 0.325781 0.750833 0.370781 0.622917 0.443125 0.545 0.380781 0.55625 0.379219
3 0.717292 0.463125 0.589167 0.427969 0.625417 0.37 0.638542 0.342344 0.642292 0.325781 0.754375 0.3725 0.740833 0.397187 0.7175 0.462812
3 0.547292 0.520625 0.567708 0.486719 0.589167 0.428437 0.718542 0.463125 0.703333 0.49 0.685 0.559688 0.542708 0.526563
3 0.49125 0.648281 0.524375 0.585469 0.53375 0.563125 0.537708 0.535781 0.542708 0.52625 0.685417 0.560156 0.673542 0.582812 0.644583 0.682344 0.492708 0.648906
3 0.491458 0.647969 0.644792 0.682344 0.591667 0.820312 0.438333 0.776094
3 0.590833 0.861406 0.578333 0.851094 0.53875 0.826719 0.435417 0.775156 0.53875 0.716719 0.608958 0.673438 0.720208 0.77375 0.683333 0.798438 0.640417 0.821406 0.624583 0.838906 0.591667 0.860781
3 0.73125 0.766563 0.720208 0.772969 0.609792 0.674063 0.654792 0.650469 0.702083 0.634375 0.728333 0.606719 0.745625 0.597813 0.855417 0.689844 0.7675 0.74 0.730208 0.766875
