3 0.153125 0.491875 0.209375 0.466094 0.221667 0.45625 0.25875 0.438438 0.294375 0.41125 0.306875 0.408594 0.404792 0.484375 0.38375 0.498125 0.32125 0.529531 0.255417 0.576875 0.191667 0.520156 0.153958 0.491563
3 0.308125 0.4075 0.315208 0.397656 0.389167 0.356406 0.437917 0.323281 0.529792 0.394062 0.404792 0.485156 0.306875 0.408125
3 0.448125 0.323594 0.540625 0.254688 0.638542 0.321875 0.530625 0.394062 0.438542 0.323594
3 0.488333 0.377969 0.506667 0.344219 0.540625 0.255 0.666667 0.305156 0.654792 0.32875 0.630208 0.410781
3 0.44375 0.493281 0.453333 0.477969 0.48875 0.377969 0.630833 0.411094 0.614583 0.445781 0.597917 0.52375 0.443333 0.494375
3 0.426667 0.562188 0.4425 0.494062 0.597917 0.52375 0.559583 0.660469 0.395208 0.632969
3 0.395208 0.634844 0.559583 0.660156 0.510625 0.813594 0.345 0.774219 0.379375 0.693281 0.394375 0.634844
3 0.51 0.857187 0.422083 0.808437 0.392917 0.798438 0.346667 0.774062 0.365625 0.759062 0.381458 0.752969 0.460208 0.700625 0.494583 0.670469 0.518958 0.65375 0.64 0.759375 0.571667 0.803438 0.55625 0.82 0.510833 0.8575
3 0.640417 0.75875 0.52 0.65375 0.579792 0.621094 0.619792 0.605312 0.648125 0.570937 0.663333 0.562031 0.782292 0.65625 0.701458 0.708594 0.640417 0.757969
3 0.084375 0.996094 0.269375 0.832031 0.453125 0.93375 0.289375 1 0.08375 0.996719
