6 0.879078 0.580617 0.819974 0.819748 0.836958 0.848733 0.860735 0.865038 0.877719 0.876813 0.902855 0.887683 0.932067 0.893117 0.959241 0.893117 0.98098 0.881342 0.987773 0.860509 1 0.641305 1 0.620472 1 0.594204 0.985056 0.586958 0.963996 0.579711 0.932067 0.574276 0.905572 0.570653
6 0.959241 0.326993 0.885192 0.637682 0.875001 0.645834 0.853262 0.655798 0.801632 0.656704 0.774458 0.650363 0.754757 0.642211 0.728941 0.623189 0.714675 0.611414 0.705164 0.597827 0.697012 0.576994 0.693615 0.560689 0.735735 0.315218 0.74117 0.279892 0.743887 0.26087 0.757474 0.25 0.774458 0.248189 0.800952 0.248189 0.822012 0.25 0.847828 0.253624 0.875681 0.262682 0.902175 0.277174 0.929349 0.294385 0.947012 0.308877
6 0.522419 0.270834 0.512908 0.59511 0.527175 0.617755 0.55299 0.636776 0.57405 0.645834 0.59443 0.650363 0.629757 0.653081 0.654892 0.652175 0.673235 0.643117 0.692936 0.627718 0.69905 0.609602 0.748643 0.282609 0.745246 0.261776 0.713316 0.241848 0.686142 0.231884 0.660327 0.227355 0.629757 0.225544 0.6053 0.224638 0.58424 0.227355 0.559784 0.23279 0.539403 0.240942 0.522419 0.25
6 0.298234 0.293479 0.31318 0.61232 0.321332 0.633153 0.336278 0.647646 0.355979 0.660327 0.375001 0.665762 0.402854 0.669385 0.431387 0.667574 0.45924 0.662139 0.483017 0.653081 0.503398 0.633153 0.512229 0.611414 0.522419 0.27808 0.519702 0.255435 0.495245 0.24366 0.466713 0.234602 0.440218 0.230073 0.412365 0.230073 0.375001 0.233696 0.353261 0.235508 0.336957 0.237319 0.315218 0.244566 0.300952 0.251812 0.296196 0.26087
6 0.693615 0.591487 0.662365 0.823371 0.673235 0.848733 0.691577 0.868661 0.70992 0.884059 0.735735 0.898552 0.76155 0.903081 0.794838 0.898552 0.817257 0.874096 0.823371 0.853262 0.884512 0.615037 0.873643 0.589675 0.835599 0.557066 0.80367 0.543479 0.769702 0.533515 0.739132 0.534421 0.706523 0.53895 0.700409 0.548008
6 0.524457 0.607791 0.508153 0.834241 0.510191 0.86232 0.514267 0.880436 0.53193 0.909422 0.549593 0.927538 0.576088 0.941125 0.630436 0.940219 0.644023 0.926632 0.6678 0.897646 0.674594 0.86232 0.716713 0.610508 0.69905 0.585146 0.672555 0.557972 0.644023 0.541668 0.610735 0.537139 0.588316 0.536233 0.556387 0.543479 0.539403 0.557066 0.527175 0.576994
6 0.322011 0.60145 0.332881 0.904893 0.341033 0.937502 0.351223 0.9529 0.368207 0.965581 0.393343 0.976451 0.420517 0.976451 0.451767 0.971016 0.472148 0.958335 0.487093 0.942031 0.50068 0.911233 0.506794 0.878625 0.522419 0.609602 0.51155 0.586958 0.487773 0.560689 0.459919 0.546197 0.428669 0.544385 0.400816 0.542573 0.376359 0.545291 0.355979 0.557972 0.337636 0.570653
6 0.0923915 0.655798 0.141305 0.96377 0.150136 0.989132 0.16712 0.996379 0.188859 1 0.204484 1 0.233696 1 0.27106 1 0.295517 0.99185 0.315218 0.974639 0.329484 0.9529 0.337636 0.932067 0.309104 0.587863 0.294158 0.5779 0.266984 0.568842 0.238451 0.564313 0.207201 0.567936 0.175951 0.570653 0.155571 0.5779 0.120924 0.592392 0.110055 0.607791 0.0964676 0.628624
6 0.0305707 0.310689 0.0896741 0.65761 0.099185 0.672103 0.120924 0.684784 0.142663 0.695653 0.165761 0.697465 0.197691 0.696559 0.225544 0.689313 0.249321 0.679349 0.275816 0.666668 0.298234 0.644929 0.312501 0.616849 0.317935 0.602356 0.28193 0.25 0.262229 0.24366 0.225544 0.239131 0.19837 0.237319 0.166441 0.239131 0.130435 0.24366 0.10394 0.252718 0.072011 0.263587 0.0502718 0.274457 0.0353261 0.282609 0.0285327 0.291667
6 0.131286 0.935089 0.0929925 0.61853 0.0678282 0.611236 0.0525108 0.605401 0.0339112 0.605401 0.0131233 0.605401 0 0.603942 0 0.605401 0 0.608319 0 0.617071 0 0.628742 0 0.640412 0 0.656459 0 0.678341 0 0.700223 0 0.738152 0 0.9949 0 1 0 1 0 1 0 0.9949 0.0262525 0.9949 0.0514167 0.993441 0.0722046 0.98323 0.0864279 0.977395 0.0995571 0.967183 0.115969 0.949677
