6 0.947242 0.735087 0.945318 0.857601 0.940988 0.862733 0.91982 0.868505 0.884221 0.859525 0.864496 0.849262 0.85728 0.840282 0.858724 0.729955 0.869788 0.719051 0.887107 0.713919 0.902502 0.711353 0.91501 0.713919 0.929923 0.720975
6 0.992944 0.722258 0.993425 0.832585 0.99102 0.839641 0.983804 0.841565 0.957344 0.841565 0.942912 0.837716 0.934253 0.834509 0.931366 0.720975 0.941469 0.709429 0.966485 0.706863 0.978031 0.708146
6 0.850545 0.772931 0.850545 0.912123 0.842848 0.918538 0.83034 0.922386 0.808691 0.921745 0.789448 0.914689 0.777903 0.903784 0.776459 0.772931 0.7856 0.762668 0.8034 0.756895 0.814945 0.756895 0.831783 0.760103 0.843329 0.765234
6 0.792816 0.792816 0.795221 0.944195 0.789929 0.955741 0.779346 0.962797 0.762508 0.964721 0.74086 0.963438 0.724022 0.955099 0.711995 0.942912 0.706703 0.932649 0.70526 0.793457 0.706222 0.78576 0.716806 0.775497 0.729795 0.771007 0.748557 0.769724 0.762508 0.770366 0.774535 0.774856 0.7856 0.780629 0.791854 0.786402
6 0.842848 0.637588 0.843329 0.77229 0.833708 0.78127 0.814464 0.783194 0.791854 0.780629 0.776459 0.777421 0.773573 0.773573 0.770205 0.636305 0.78127 0.628608 0.791854 0.624759 0.8034 0.624759 0.818794 0.626684 0.827935 0.62925 0.838037 0.635022
6 0.717768 0.664529 0.718249 0.814625 0.713919 0.822322 0.70526 0.826812 0.685536 0.832585 0.664849 0.833868 0.645606 0.831944 0.632136 0.826171 0.621552 0.821039 0.615779 0.814625 0.612412 0.656831 0.617704 0.649775 0.638871 0.644644 0.66052 0.642078 0.681206 0.644644 0.694676 0.649134 0.706703 0.654266
6 0.729795 0.824246 0.728352 0.983964 0.720654 0.998076 0.701171 1 0.682649 1 0.669949 1 0.655131 0.99628 0.642431 0.988518 0.637668 0.982874 0.633435 0.824118 0.637139 0.810712 0.654602 0.801539 0.681591 0.794484 0.698525 0.7966 0.7144 0.804362 0.722867 0.810006
6 0.79907 0.304811 0.79907 0.452983 0.79272 0.455099 0.772611 0.455099 0.754089 0.455805 0.739801 0.455099 0.724984 0.454394 0.722338 0.300577 0.750385 0.297755 0.776844 0.294933
6 0.737684 0.289288 0.737684 0.452983 0.644019 0.455805 0.628672 0.455099 0.631847 0.289288 0.665186 0.282938 0.680003 0.27941 0.696408 0.277293 0.711754 0.277293 0.726572 0.280115
6 0.817062 0.341501 0.817062 0.449455 0.832938 0.452277 0.855164 0.452983 0.876331 0.452983 0.877389 0.345734 0.862572 0.335856 0.849343 0.333034 0.838759 0.330212 0.817062 0.331623
