6 0.19446 0.510124 0.195726 0.692351 0.20374 0.700787 0.210067 0.704162 0.2223 0.708099 0.235377 0.709224 0.251828 0.709786 0.28473 0.706412 0.300759 0.700787 0.315945 0.692913 0.328178 0.684477 0.329021 0.510686 0.324803 0.506749 0.313836 0.501687 0.30329 0.498875 0.283043 0.496625 0.261952 0.495501 0.245079 0.494938 0.229049 0.496625 0.214708 0.500562 0.202475 0.505062
6 0.322272 0.513498 0.32396 0.684477 0.33113 0.692351 0.339989 0.6991 0.353909 0.704724 0.373313 0.704724 0.391029 0.704162 0.41212 0.702475 0.427728 0.697975 0.444179 0.688976 0.447553 0.681102 0.447975 0.508999 0.441226 0.503937 0.422666 0.5 0.404949 0.5 0.383436 0.5 0.361924 0.500562 0.346738 0.50225 0.33113 0.506749
6 0.445022 0.508999 0.445444 0.68279 0.456834 0.689539 0.473285 0.697413 0.48847 0.700787 0.506187 0.700787 0.5277 0.700787 0.545416 0.695726 0.556805 0.688976 0.561867 0.683915 0.563976 0.673791 0.564398 0.507312 0.554274 0.50225 0.538667 0.500562 0.51631 0.498313 0.493532 0.498313 0.480456 0.5 0.468223 0.5 0.455568 0.50225
6 0.535292 0.509561 0.533183 0.652418 0.547525 0.660292 0.567773 0.660855 0.589286 0.66198 0.604471 0.660292 0.619657 0.655231 0.625141 0.646794 0.627672 0.512373 0.620079 0.50225 0.604893 0.498313 0.588442 0.493813 0.569038 0.495501 0.553853 0.498875 0.544151 0.50225
6 0.623875 0.508436 0.621344 0.642295 0.628937 0.650169 0.644123 0.656918 0.667745 0.659168 0.683352 0.658605 0.699803 0.656918 0.710771 0.652418 0.71752 0.503375 0.711192 0.496625 0.700647 0.491564 0.685883 0.488189 0.672807 0.485377 0.660574 0.485377 0.650028 0.488751 0.637373 0.492126 0.628515 0.498313
6 0.673228 0.507312 0.671541 0.670979 0.674494 0.679415 0.690523 0.687289 0.715832 0.692913 0.752531 0.696288 0.769404 0.694038 0.781637 0.690664 0.790917 0.683915 0.793026 0.67604 0.796822 0.511811 0.794713 0.506749 0.782902 0.501687 0.752953 0.5 0.72216 0.498875 0.704865 0.498875 0.689258 0.501687
6 0.787964 0.505624 0.78712 0.675478 0.802306 0.684477 0.822132 0.692351 0.836052 0.694601 0.855034 0.6991 0.873172 0.6991 0.896794 0.695726 0.906074 0.690664 0.909871 0.68279 0.917463 0.508999 0.912402 0.506749 0.895951 0.501687 0.873172 0.498313 0.851659 0.495501 0.828881 0.494938 0.808211 0.5
6 0.199944 0.321147 0.202053 0.505062 0.210067 0.508436 0.223988 0.511811 0.248875 0.513498 0.263217 0.514061 0.278403 0.513498 0.296119 0.511811 0.314679 0.510124 0.322272 0.508436 0.327334 0.505062 0.327756 0.331271 0.315945 0.322835 0.296119 0.316648 0.249297 0.311586 0.221035 0.313273
6 0.44207 0.325084 0.444179 0.503375 0.469066 0.507312 0.489736 0.507312 0.51378 0.508436 0.530231 0.507312 0.554274 0.50225 0.557649 0.329584 0.550056 0.32171 0.527278 0.316648 0.507452 0.314398 0.470332 0.316085 0.453037 0.318335
6 0.641592 0.332958 0.648763 0.50225 0.65509 0.503937 0.672807 0.506749 0.725956 0.50225 0.741564 0.498313 0.752953 0.496625 0.747469 0.326209 0.737345 0.323397 0.718363 0.322835 0.666479 0.326772
6 0.891732 0.327897 0.890467 0.506749 0.906074 0.507312 0.973144 0.510686 0.996766 0.510124 1 0.510124 1 0.331834 0.999719 0.324522 0.984533 0.324522 0.959224 0.323397 0.937289 0.324522 0.91198 0.325084
6 0.901856 0.510124 0.904387 0.677165 0.915776 0.683915 0.934758 0.687852 0.951209 0.694038 0.971879 0.695726 1 0.694601 1 0.692913 1 0.688976 1 0.515186 1 0.506749 1 0.503375 0.982002 0.5 0.959224 0.498875 0.936445 0.498875 0.917042 0.503375
6 0.695585 0.756468 0.691789 0.933633 0.697272 0.94207 0.70613 0.951069 0.718785 0.96063 0.73608 0.970754 0.751687 0.974128 0.775309 0.976378 0.793026 0.971316 0.804415 0.965692 0.81243 0.953881 0.817492 0.73622 0.810742 0.724972 0.79851 0.714848 0.779528 0.706412 0.760124 0.704162 0.736502 0.70135 0.715832 0.706412 0.701912 0.711474 0.695585 0.721597
6 0.809899 0.748594 0.808633 0.95613 0.81707 0.965692 0.831412 0.974128 0.856299 0.982565 0.878234 0.989314 0.901012 0.994938 0.934758 0.992688 0.940242 0.984252 0.938555 0.979753 0.937289 0.753656 0.934758 0.745219 0.923791 0.728346 0.909449 0.71991 0.884561 0.714848 0.864314 0.714286 0.842379 0.716535 0.824663 0.718223 0.818335 0.723285 0.809899 0.731721
6 0.464004 0.775028 0.462739 0.971316 0.474128 0.984252 0.497328 0.991564 0.526012 0.992688 0.54162 0.989314 0.563976 0.978065 0.570304 0.966254 0.571569 0.748031 0.556384 0.741282 0.531496 0.73622 0.512092 0.734533 0.497328 0.735096 0.47919 0.737908 0.465692 0.746344 0.463161 0.751969
6 0.335349 0.793588 0.335349 0.996063 0.347075 1 0.371575 1 0.384845 1 0.41547 1 0.425167 1 0.442011 1 0.452219 1 0.457323 1 0.464979 0.994949 0.466 0.779218 0.455792 0.771732 0.44099 0.760844 0.419553 0.754719 0.402199 0.752677 0.380252 0.754038 0.363408 0.760163 0.351669 0.766288 0.342992 0.776496 0.338909 0.782621
6 0.204162 0.797593 0.196506 1 0.207735 1 0.22514 1 0.238614 1 0.260511 1 0.273985 1 0.290267 1 0.305988 1 0.317217 1 0.3262 1 0.331253 0.789018 0.320024 0.781532 0.300935 0.773298 0.280723 0.768057 0.263318 0.768057 0.242544 0.769555 0.227385 0.776292 0.216156 0.784526
6 0.0595132 0.809979 0.0628819 1 0.0741108 1 0.0887084 1 0.105552 1 0.121272 1 0.140361 1 0.152713 1 0.167311 1 0.185277 1 0.195944 1 0.202682 1 0.195383 0.800996 0.177417 0.787521 0.156082 0.779286 0.130817 0.775543 0.111166 0.778538 0.0909542 0.785275 0.0724265 0.794258
6 0.375046 0.243293 0.373923 0.375046 0.38852 0.381034 0.401995 0.384029 0.417715 0.384777 0.430067 0.384777 0.43905 0.381783 0.443542 0.381783 0.448033 0.3728 0.446911 0.251528 0.438489 0.244042 0.43119 0.23955 0.41547 0.236556 0.39638 0.237304 0.38459 0.23955
6 0.449156 0.251528 0.449156 0.38328 0.465438 0.387772 0.48172 0.390017 0.495195 0.389269 0.514284 0.384777 0.523829 0.38328 0.525513 0.255271 0.501932 0.247036 0.486212 0.244042 0.46993 0.243293 0.458139 0.245539
6 0.658014 0.267997 0.6524 0.399749 0.67205 0.404989 0.687209 0.407235 0.700684 0.407984 0.712474 0.405738 0.71865 0.276231 0.707983 0.270242 0.693947 0.267248 0.678226 0.265002 0.66812 0.265002
