6 0.241985 0.478065 0.214145 0.499438 0.18757 0.511249 0.157199 0.51856 0.129781 0.521935 0.10194 0.521935 0.0753656 0.520247 0.0525872 0.511811 0.041198 0.491001 0 0.133296 0.0171541 0.123735 0.0424634 0.119798 0.0703037 0.118673 0.0977222 0.12036 0.132312 0.123735 0.158886 0.126547 0.186727 0.130484 0.207818 0.137233 0.219207 0.143982
6 0.795557 0.144544 0.760546 0.461755 0.779528 0.478065 0.811164 0.494938 0.839848 0.505062 0.870641 0.512373 0.904809 0.515186 0.927587 0.514061 0.947835 0.510124 0.961755 0.498875 0.965551 0.488751 1 0.147357 0.982002 0.13892 0.951631 0.134421 0.918729 0.131046 0.887936 0.131046 0.856299 0.132171 0.828459 0.135546
6 0.2223 0.151294 0.251828 0.478065 0.261952 0.490439 0.283465 0.498875 0.315101 0.506749 0.350534 0.503375 0.375844 0.5 0.400731 0.491564 0.422244 0.476378 0.414651 0.149044 0.384702 0.140607 0.345472 0.137795 0.307508 0.137233 0.274184 0.137795 0.249297 0.140607
6 0.411277 0.143982 0.420135 0.490439 0.428571 0.505624 0.443757 0.514061 0.464426 0.520247 0.496063 0.525872 0.523481 0.528684 0.553009 0.524184 0.576631 0.515748 0.593504 0.503937 0.603628 0.48369 0.613751 0.137795 0.577053 0.127109 0.539089 0.124297 0.501125 0.125984 0.475816 0.125984 0.450084 0.130484 0.430259 0.133858
6 0.617548 0.142857 0.600675 0.476378 0.618391 0.48369 0.642857 0.493251 0.667745 0.497188 0.693054 0.498313 0.714989 0.497188 0.733971 0.491564 0.751265 0.482002 0.758858 0.475253 0.793026 0.13892 0.770669 0.131046 0.740298 0.123735 0.712036 0.123735 0.679134 0.124297 0.652559 0.125984 0.627672 0.134421
6 0.0392295 0.503375 0.0885827 0.783465 0.0936445 0.802587 0.107143 0.815523 0.130343 0.825647 0.157762 0.824522 0.186867 0.817773 0.211333 0.805399 0.234111 0.792463 0.250141 0.773903 0.261952 0.753656 0.234955 0.46288 0.196147 0.459505 0.159449 0.461192 0.124016 0.466254 0.0906918 0.471879 0.0666479 0.480315
6 0.23622 0.489876 0.262795 0.776715 0.269544 0.794151 0.284308 0.805962 0.307087 0.816085 0.33113 0.817773 0.357705 0.814398 0.385546 0.802587 0.407058 0.786839 0.4214 0.768279 0.427728 0.750281 0.41887 0.476378 0.394826 0.467942 0.366985 0.460067 0.336192 0.45838 0.307508 0.461755 0.28473 0.464567 0.259421 0.470191 0.245079 0.479753
6 0.418448 0.492126 0.425197 0.769966 0.435321 0.787402 0.450506 0.803712 0.470332 0.813836 0.491001 0.81946 0.51842 0.820585 0.543729 0.815523 0.562711 0.805962 0.575366 0.791901 0.585489 0.773903 0.588442 0.75703 0.595613 0.495501 0.570726 0.483127 0.537402 0.478065 0.510827 0.47694 0.482987 0.476378 0.462739 0.47694 0.441226 0.48369
6 0.603206 0.485377 0.584646 0.745219 0.594348 0.760405 0.608268 0.778403 0.628515 0.790776 0.656777 0.802587 0.683352 0.804274 0.706974 0.8009 0.730174 0.789089 0.741564 0.777278 0.746204 0.751969 0.775309 0.479753 0.765186 0.469629 0.748735 0.457818 0.723847 0.449381 0.69685 0.446569 0.665636 0.449944 0.644966 0.453318 0.620922 0.459505 0.606159 0.471316
6 0.767717 0.469629 0.739876 0.73622 0.749156 0.753093 0.765186 0.771654 0.779106 0.783465 0.804837 0.796963 0.828459 0.803712 0.849972 0.808774 0.869376 0.810461 0.889201 0.807087 0.905652 0.795838 0.917042 0.775591 0.965551 0.497188 0.944882 0.473566 0.91198 0.45838 0.884561 0.451631 0.857565 0.447694 0.834786 0.448256 0.806102 0.452756 0.784168 0.456693
