6 0.858327 0.011839 0.84708 0.230466 0.890884 0.234412 0.979676 0.237569 1 0.237569 1 0.23678 1 0.00710339 1 0 0.986288 0 0.962652 0 0.949043 0 0.915379 0.00105762 0.89031 0.00296764
6 0.860227 0.361949 0.83659 0.575872 0.851632 0.581602 0.877417 0.586377 0.901054 0.595927 0.923258 0.596882 0.954773 0.598792 0.974828 0.598792 1 0.358129 0.985572 0.352399 0.953341 0.346669 0.927555 0.345714 0.898189 0.343804 0.881715 0.343804 0.865957 0.347624
6 0.71984 0.338074 0.699069 0.548177 0.709096 0.565367 0.727003 0.574917 0.761383 0.584467 0.780006 0.585422 0.802926 0.582557 0.823698 0.580647 0.833009 0.570142 0.861659 0.336164 0.840888 0.323749 0.818684 0.317064 0.794331 0.313244 0.774276 0.313244 0.757802 0.317064 0.741328 0.319929 0.727003 0.326614
6 0.721273 0 0.716259 0.00191002 0.699069 0.224428 0.762099 0.232068 0.793615 0.229203 0.833725 0.229203 0.838739 0.229203 0.844469 0.227293 0.863808 0.00477506 0.838023 0 0.808656 0 0.787885 0 0.761383 0 0.746342 0 0.729152 0
6 0.652512 0.0362904 0.6432 0.226338 0.698352 0.229203 0.724138 0.229203 0.734882 0.224428 0.747774 0.0267403 0.727003 0.0210103 0.706231 0.0210103 0.681162 0.0219653 0.664688 0.0276953
6 0.558682 0.0353354 0.554384 0.226338 0.6432 0.228248 0.652512 0.0334254 0.62601 0.0267403 0.601657 0.0238753 0.580886 0.0238753
6 0.660391 0.339984 0.651079 0.495651 0.690474 0.509976 0.709096 0.510931 0.729868 0.509976 0.741328 0.345714 0.724138 0.340939 0.704799 0.336164 0.684027 0.334254 0.668986 0.334254
6 0.566663 0.22644 0.570961 0 0.551622 0 0.52512 0 0.49647 0 0.458508 0 0.429858 0 0.427709 0.22453 0.438453 0.227395 0.484294 0.235991 0.535864 0.233125 0.557352 0.233125
6 0.423412 0.227395 0.422695 0 0.403356 0 0.381869 0 0.322419 0 0.301648 0 0.283025 0 0.275862 0 0.287322 0.221665 0.310243 0.229305 0.341042 0.231215 0.368976 0.23217 0.394761 0.231215 0.413384 0.22835
6 0.287322 0.229305 0.27443 0 0.256523 0 0.238617 0 0.219994 0 0.188479 0 0.159828 0 0.129745 0 0.116137 0 0.129029 0.221665 0.15768 0.23217 0.187046 0.234081 0.202804 0.234081 0.238617 0.233125 0.257956 0.233125 0.28016 0.22835
6 0.130462 0.22262 0.112555 0 0.0932163 0 0.053822 0 0.0266042 0 0 0 0 0 0 0.22262 0.015144 0.227395 0.0409294 0.22835 0.0624171 0.227395 0.0882024 0.227395 0.108974 0.227395
6 0.833725 0.575872 0.811521 0.79075 0.823698 0.805075 0.84232 0.818445 0.86739 0.83086 0.911798 0.84232 0.936867 0.835635 0.945462 0.826085 0.951192 0.805075 0.980558 0.600702 0.966949 0.586377 0.934002 0.570142 0.903202 0.562502 0.872403 0.562502 0.845902 0.565367
6 0.700501 0.580647 0.690474 0.78502 0.70265 0.80221 0.724138 0.81558 0.744909 0.82322 0.780006 0.829905 0.804359 0.824175 0.815103 0.80985 0.8194 0.797435 0.840172 0.595927 0.833009 0.573007 0.802926 0.556772 0.777857 0.551042 0.752072 0.549132 0.724138 0.556772 0.709813 0.565367
6 0.579453 0.579692 0.575872 0.80412 0.600941 0.82322 0.615266 0.83277 0.640335 0.839455 0.683311 0.829905 0.693339 0.81558 0.698352 0.789795 0.711961 0.587332 0.688325 0.566322 0.661107 0.555817 0.629592 0.551997 0.60882 0.555817 0.59163 0.563457
6 0.451243 0.36959 0.454824 0.581602 0.471298 0.585422 0.501381 0.594017 0.534329 0.594017 0.56871 0.575872 0.572291 0.353354 0.548654 0.347624 0.530032 0.346669 0.505679 0.345714 0.479893 0.348579 0.466285 0.353354 0.457689 0.357174
6 0.306559 0.36577 0.310856 0.592107 0.325182 0.603567 0.344521 0.615028 0.388929 0.617893 0.417579 0.614073 0.444081 0.594017 0.451243 0.587332 0.451243 0.360039 0.421876 0.350489 0.39824 0.346669 0.376036 0.346669 0.353116 0.346669 0.329479 0.350489 0.314438 0.355264
6 0.447662 0.587332 0.446946 0.79457 0.460554 0.820355 0.469866 0.82513 0.485624 0.833725 0.502097 0.83468 0.517855 0.833725 0.534329 0.829905 0.554384 0.82322 0.567993 0.81367 0.573007 0.80412 0.579453 0.587332 0.573723 0.571097 0.547938 0.558682 0.523585 0.551042 0.500665 0.551042 0.483475 0.553907 0.46915 0.558682 0.455541 0.568232
6 0.31014 0.595927 0.3216 0.806985 0.329479 0.824175 0.339507 0.83277 0.353116 0.837545 0.367441 0.84041 0.391077 0.84041 0.40397 0.835635 0.42116 0.82895 0.436202 0.81558 0.446946 0.799345 0.446229 0.599747 0.436202 0.580647 0.419011 0.572052 0.396807 0.570142 0.372455 0.568232 0.346669 0.570142 0.325898 0.576827 0.31587 0.584467
6 0.153279 0.366725 0.16474 0.601657 0.178348 0.615028 0.194106 0.619803 0.231352 0.622668 0.268597 0.613118 0.286504 0.606433 0.307991 0.598792 0.318735 0.589242 0.31014 0.37532 0.301545 0.353354 0.280057 0.348579 0.252839 0.345714 0.224905 0.345714 0.203418 0.346669 0.184795 0.352399 0.171186 0.358129 0.163307 0.360994
6 0.171902 0.604522 0.191957 0.816535 0.201269 0.83086 0.22777 0.84041 0.260718 0.8385 0.282206 0.83277 0.295815 0.820355 0.318735 0.8003 0.325182 0.7812 0.312289 0.579692 0.292234 0.573007 0.262151 0.568232 0.242812 0.570142 0.224189 0.572052 0.207715 0.577782 0.195539 0.584467 0.185511 0.591152 0.177632 0.596882
6 0.0200552 0.615983 0.0501381 0.8385 0.060882 0.853781 0.0931137 0.861421 0.118899 0.857601 0.136805 0.847096 0.171902 0.82513 0.186944 0.80412 0.192674 0.791705 0.1762 0.585422 0.160442 0.575872 0.131792 0.572052 0.106723 0.572052 0.077356 0.574917 0.0465568 0.586377 0.0279341 0.594972
6 0.173437 0.587435 0.149084 0.332447 0.126164 0.326717 0.101095 0.322897 0.0545383 0.327672 0.0223066 0.333402 0.0036839 0.341997 0 0.353457 0.0237391 0.60558 0.0380643 0.614175 0.0688635 0.62277 0.0882024 0.62086 0.108974 0.61895 0.124015 0.61513 0.138341 0.610355 0.154098 0.60367
