6 0.359313 0.104972 0.353394 0.239148 0.356946 0.246251 0.365825 0.250197 0.382399 0.253354 0.436859 0.256511 0.454025 0.250987 0.456985 0.116022 0.444554 0.0947119 0.422652 0.0852407 0.40371 0.0805051 0.385951 0.0812944 0.371744 0.0852407 0.362865 0.0962904
6 0.456985 0.115233 0.458761 0.246251 0.4706 0.250987 0.485991 0.253354 0.501381 0.257301 0.517364 0.254933 0.549329 0.250987 0.549921 0.119968 0.541042 0.104183 0.522691 0.0939227 0.500197 0.0931334 0.480663 0.0962904 0.469416 0.104972
6 0.553473 0.123125 0.552881 0.252565 0.56176 0.257301 0.578927 0.261247 0.600237 0.262036 0.620955 0.264404 0.644041 0.259669 0.648777 0.254144 0.651736 0.122336 0.641081 0.104183 0.616219 0.0939227 0.587806 0.0939227 0.566496 0.101815
6 0.650552 0.130229 0.651736 0.260458 0.659432 0.266772 0.682518 0.26914 0.703828 0.269929 0.720994 0.26914 0.738753 0.265193 0.74704 0.262826 0.747632 0.11839 0.736385 0.101815 0.718627 0.0970797 0.703828 0.0947119 0.686069 0.0962904 0.667719 0.103394 0.657656 0.112865
6 0.746448 0.120758 0.747632 0.261247 0.753552 0.265983 0.774862 0.26835 0.800908 0.267561 0.819258 0.26914 0.838792 0.266772 0.848856 0.261247 0.850039 0.254933 0.848264 0.108129 0.839976 0.0955012 0.829321 0.0907656 0.814522 0.0883978 0.796172 0.0923441 0.77427 0.0970797 0.757103 0.10734
6 0.845896 0.122336 0.850039 0.265193 0.863654 0.265983 0.883781 0.265193 0.899171 0.265193 0.918114 0.262036 0.936464 0.260458 0.948895 0.256511 0.955406 0.250987 0.949487 0.111287 0.944159 0.100237 0.921665 0.0931334 0.903907 0.0931334 0.880229 0.0994475 0.863654 0.104972 0.855367 0.111287
6 0.353986 0.25809 0.352802 0.393054 0.365233 0.394633 0.394238 0.399369 0.414957 0.398579 0.439818 0.396212 0.451066 0.393844 0.454617 0.391476 0.454025 0.25809 0.439227 0.242305 0.423244 0.235991 0.404301 0.233623 0.385359 0.235201 0.369968 0.239148 0.358129 0.246251
6 0.456985 0.257301 0.457577 0.396212 0.469416 0.400947 0.487766 0.400158 0.522691 0.398579 0.552289 0.39779 0.552881 0.260458 0.541634 0.248619 0.527427 0.243883 0.510852 0.242305 0.493686 0.240726 0.476519 0.243094 0.465864 0.249408
6 0.555249 0.262036 0.555841 0.397001 0.577743 0.399369 0.603197 0.399369 0.643449 0.399369 0.650552 0.394633 0.648185 0.256511 0.633978 0.243883 0.606748 0.239148 0.578927 0.243094 0.56176 0.250987
6 0.649369 0.261247 0.650552 0.398579 0.676598 0.399369 0.702052 0.401736 0.734609 0.400158 0.745264 0.400158 0.748816 0.265983 0.736977 0.252565 0.717443 0.249408 0.691989 0.248619 0.671863 0.251776 0.655288 0.258879
6 0.747632 0.262036 0.748224 0.402526 0.774862 0.403315 0.797356 0.404104 0.835241 0.402526 0.848856 0.402526 0.851223 0.259669 0.843528 0.250987 0.820442 0.24704 0.794396 0.245462 0.773678 0.250197 0.757103 0.254144
6 0.848264 0.262826 0.850039 0.401736 0.861878 0.403315 0.890292 0.404104 0.946527 0.404893 0.951855 0.404104 0.950079 0.25809 0.938832 0.250987 0.921665 0.248619 0.900947 0.24704 0.883189 0.250987 0.866022 0.256511 0.854775 0.259669
6 0.359905 0.734807 0.356354 0.885556 0.366417 0.896606 0.388319 0.90371 0.409037 0.905288 0.434491 0.90371 0.451066 0.894238 0.458169 0.887924 0.461129 0.723757 0.451066 0.722968 0.434491 0.719021 0.417324 0.719021 0.397198 0.722178 0.374112 0.724546
6 0.459353 0.737964 0.459353 0.887924 0.471784 0.899763 0.488358 0.906077 0.51026 0.906077 0.533938 0.900552 0.548145 0.893449 0.555841 0.886346 0.558208 0.734807 0.548145 0.730071 0.528611 0.725335 0.505525 0.727703 0.475335 0.73086
6 0.950079 0.745856 0.953631 0.890292 0.95955 0.901342 0.970205 0.905288 0.985004 0.906867 0.995659 0.908445 1 0.910024 1 0.909234 1 0.756117 1 0.744278 0.992107 0.740331 0.980268 0.739542 0.966654 0.737964 0.958366 0.741121
