6 0.0227784 0.0129359 0.0797244 0.317773 0.0995501 0.334646 0.126125 0.341395 0.185602 0.339708 0.208802 0.331271 0.232424 0.325084 0.254359 0.312711 0.265326 0.2964 0.255624 0.186164 0.234955 0.0123735 0.210067 0.00449944 0.180962 0.00056243 0.141732 0.00224972 0.105877 0.00224972 0.0506187 0.00449944
6 0.234955 0.0179978 0.264483 0.317773 0.288105 0.334646 0.316367 0.339708 0.361924 0.339708 0.408324 0.329584 0.428571 0.318335 0.437852 0.307649 0.440382 0.289651 0.434899 0.0163105 0.41212 0.0095613 0.375844 0.0056243 0.351378 0.00281215 0.32649 0.00449944 0.286839 0.00618673 0.25689 0.00899888
6 0.431524 0.0191226 0.439117 0.321147 0.447553 0.331271 0.509983 0.346457 0.555118 0.343082 0.599831 0.327897 0.610799 0.317773 0.628515 0.0224972 0.596035 0.0146232 0.561867 0.0123735 0.522216 0.00787402 0.489736 0.00618673 0.459364 0.0095613
6 0.625141 0.0230596 0.607424 0.316085 0.633577 0.334646 0.693054 0.345332 0.728487 0.343082 0.758858 0.33802 0.779106 0.326772 0.823397 0.0275591 0.801884 0.0275591 0.761811 0.0247469 0.737767 0.0224972 0.702334 0.0191226 0.672807 0.0208099 0.65045 0.0208099
6 0.079162 0.307087 0.0525872 0.322272 0.0230596 0.331271 0 0.339145 0 0.340832 0 0.0376828 0 0.0258718 0 0.0191226 0.0146232 0.0151856 0.0205287 0.0151856 0.0281215 0.015748
6 0.821288 0.0309336 0.783324 0.320022 0.812008 0.336333 0.834786 0.343082 0.860517 0.348706 0.887936 0.350394 0.927165 0.348706 0.9491 0.346457 0.956693 0.341395 1 0.0399325 1 0.0359955 0.979471 0.0348706 0.952475 0.0309336 0.927165 0.0298088 0.898481 0.0314961 0.873172 0.0292463
6 0.168588 0.677165 0.144966 0.701912 0.116704 0.714286 0.0888639 0.726097 0.0597582 0.730596 0.0243251 0.724409 0.00787402 0.704162 0 0.474691 0 0.472441 0.0116704 0.46288 0.0369798 0.457255 0.06018 0.454443 0.0888639 0.452756 0.136108 0.455568 0.150872 0.46288
6 0.20824 0.867829 0.191367 0.885827 0.176181 0.903262 0.156355 0.914511 0.131046 0.924634 0.110799 0.926322 0.0951912 0.922947 0.0804274 0.913386 0.0690382 0.890889 0.0230596 0.705287 0.057649 0.692351 0.0943476 0.688414 0.124719 0.683352 0.152137 0.68054 0.174072 0.68054 0.18293 0.682227
6 0.0698819 0.877953 0.0572272 0.897638 0.0382452 0.914511 0.0171541 0.931384 0.00281215 0.94207 0 0.948819 0 0.945444 0 0.749156 0 0.724409 0 0.713723 0 0.702475 0 0.694038 0 0.688976 0.00660855 0.690101 0.0179978 0.690101
6 0.151434 0.48369 0.171682 0.694038 0.178431 0.711474 0.191085 0.722722 0.201209 0.728346 0.212598 0.733408 0.246766 0.734533 0.280934 0.726659 0.310039 0.709224 0.321007 0.697413 0.324803 0.67604 0.313414 0.460067 0.285996 0.452756 0.26153 0.449381 0.235377 0.446569 0.212177 0.448256 0.187289 0.453318 0.170416 0.463442
6 0.327334 0.454443 0.325225 0.68054 0.340411 0.704724 0.353909 0.712598 0.374578 0.719348 0.436164 0.714848 0.450506 0.706412 0.466957 0.694601 0.477081 0.677728 0.483408 0.466254 0.450506 0.446569 0.431102 0.446569 0.410855 0.444882 0.386811 0.444319 0.36572 0.446007 0.345051 0.447694
6 0.481721 0.466254 0.477925 0.690664 0.491845 0.705849 0.509561 0.722722 0.524747 0.731159 0.54162 0.73622 0.563976 0.737908 0.580849 0.736783 0.605737 0.724972 0.625141 0.697413 0.636108 0.559055 0.642857 0.465129 0.620922 0.455006 0.592238 0.447694 0.557649 0.446007 0.527278 0.449381 0.496063 0.454443
6 0.634843 0.45613 0.618813 0.664229 0.643701 0.686164 0.679556 0.70135 0.693476 0.704724 0.721316 0.70135 0.746204 0.687852 0.752531 0.677728 0.75928 0.656918 0.782902 0.45613 0.775731 0.449381 0.760124 0.443195 0.733549 0.433071 0.713723 0.434196 0.691789 0.434758 0.673228 0.43757 0.654246 0.441507
6 0.808211 0.446569 0.766451 0.66198 0.78712 0.694038 0.806946 0.707537 0.820022 0.71766 0.837739 0.724409 0.857987 0.729471 0.876969 0.732846 0.90734 0.731159 0.919994 0.723285 0.925056 0.714848 0.977784 0.486502 0.965129 0.471316 0.942351 0.459505 0.913245 0.449944 0.884139 0.444319 0.857565 0.43982 0.825084 0.439258
6 0.176744 0.708099 0.207537 0.898763 0.215129 0.915073 0.225253 0.92351 0.236642 0.930821 0.251406 0.930821 0.269544 0.930821 0.297385 0.920135 0.315945 0.907199 0.327334 0.897075 0.337458 0.87964 0.345051 0.85658 0.322694 0.681102 0.310883 0.665917 0.293588 0.665354 0.266592 0.664229 0.235377 0.668729 0.213864 0.677165 0.19446 0.688976
6 0.329021 0.677165 0.342942 0.87964 0.350112 0.895388 0.360236 0.912261 0.37036 0.920135 0.381749 0.926884 0.401997 0.930259 0.415073 0.929134 0.427728 0.924072 0.44671 0.915073 0.462739 0.897075 0.47455 0.868391 0.473285 0.670416 0.451772 0.66198 0.439117 0.65748 0.420135 0.655793 0.402418 0.656918 0.372891 0.660292 0.3518 0.665917
6 0.476659 0.674353 0.475816 0.876828 0.480877 0.893701 0.500703 0.920697 0.515045 0.928571 0.5277 0.933633 0.550478 0.937008 0.566507 0.935883 0.588442 0.92351 0.604893 0.893701 0.609955 0.876828 0.620922 0.686164 0.607002 0.672103 0.584224 0.662542 0.561867 0.655793 0.544151 0.655793 0.515045 0.65748 0.498172 0.662542
6 0.623875 0.662542 0.605737 0.864454 0.61333 0.883015 0.633577 0.903262 0.646654 0.913386 0.661839 0.91901 0.680399 0.92351 0.700647 0.920697 0.723847 0.910011 0.732283 0.892013 0.739033 0.866142 0.767717 0.677728 0.753796 0.665917 0.733971 0.655231 0.712458 0.650731 0.680399 0.647357 0.654246 0.650731
6 0.767717 0.660292 0.734814 0.857705 0.744094 0.876265 0.755062 0.892013 0.762655 0.899888 0.775731 0.911699 0.790495 0.924072 0.80315 0.930259 0.828881 0.937008 0.841114 0.937008 0.855034 0.929134 0.867688 0.920135 0.876547 0.908324 0.875703 0.886952 0.926322 0.704162 0.922525 0.682227 0.900591 0.662542 0.876547 0.650731 0.845332 0.64342 0.823397 0.640045 0.795979 0.641732 0.77784 0.648481
