6 0.000962155 0.552277 0.0182809 0.554201 0.0519564 0.551636 0.0856318 0.546504 0.131815 0.534317 0.14753 0.522771 0.122514 0.208467 0.0917255 0.205901 0.064304 0.205901 0.0335151 0.205901 0.00224503 0.206543 0 0.208467 0 0.211674 0 0.212316
6 0 0.558691 0.0104233 0.540731 0.0436177 0.5356 0.0758499 0.529185 0.103271 0.525337 0.127806 0.524054 0.138871 0.52213 0.144644 0.52213 0.154747 0.525337 0.186979 0.770366 0.172065 0.790892 0.141758 0.819115 0.11626 0.829378 0.0907633 0.839641 0.0484285 0.840282 0.0315908 0.837716 0.0128287 0.819756
6 0.12075 0.207826 0.14288 0.525978 0.162123 0.538807 0.183291 0.546504 0.233323 0.547787 0.262187 0.541373 0.279506 0.538807 0.300674 0.528544 0.315106 0.518922 0.32136 0.508659 0.311738 0.213598 0.294901 0.209108 0.260263 0.205901 0.231398 0.202694 0.202534 0.20077 0.175593 0.20077 0.14288 0.20077
6 0.155869 0.542656 0.179442 0.794099 0.197242 0.813983 0.213598 0.822322 0.232842 0.824246 0.266036 0.819115 0.28576 0.812059 0.306928 0.79923 0.329057 0.783836 0.339641 0.767158 0.331944 0.628608 0.330019 0.595895 0.325208 0.551636 0.325208 0.523412 0.319917 0.510584 0.298268 0.509301 0.28576 0.506094 0.264112 0.503528 0.237171 0.505452 0.208307 0.508018 0.181847 0.515715 0.16068 0.524054
6 0.308371 0.215523 0.316068 0.516998 0.330019 0.53111 0.345414 0.541373 0.364657 0.542656 0.393521 0.547787 0.423829 0.547787 0.460872 0.537524 0.483483 0.525978 0.490699 0.216806 0.489737 0.206543 0.470494 0.202694 0.439224 0.197563 0.414689 0.194997 0.383419 0.198204 0.358403 0.200128 0.330981 0.205901
6 0.317992 0.523412 0.330019 0.783194 0.335792 0.803079 0.35263 0.815908 0.374278 0.824246 0.418056 0.827453 0.451251 0.815908 0.475786 0.794099 0.485888 0.768441 0.481559 0.521488 0.473861 0.509301 0.44644 0.504169 0.411802 0.501604 0.377165 0.504169 0.338679 0.511867
6 0.493105 0.212957 0.483002 0.511867 0.498877 0.52213 0.529185 0.53111 0.552758 0.532393 0.585471 0.534958 0.623958 0.532393 0.647049 0.521488 0.667736 0.211033 0.658114 0.200128 0.633579 0.192431 0.568634 0.187941 0.528223 0.188582
6 0.483002 0.52662 0.483002 0.773573 0.495029 0.79923 0.510904 0.812059 0.527261 0.821039 0.551315 0.827453 0.573445 0.827453 0.600866 0.821681 0.623958 0.80821 0.637428 0.79025 0.646568 0.52662 0.633579 0.513149 0.595574 0.504169 0.561899 0.504169 0.52245 0.504169 0.497434 0.511225
6 0.658114 0.203335 0.645606 0.515715 0.655228 0.531751 0.674471 0.542656 0.691309 0.552277 0.746632 0.563182 0.762027 0.563182 0.808691 0.550353 0.825529 0.542014 0.861129 0.205901 0.820718 0.201411 0.792816 0.198845 0.749038 0.198845 0.702854 0.19628
6 0.645606 0.524054 0.637909 0.783194 0.650417 0.803079 0.668217 0.817191 0.686979 0.831302 0.708146 0.837075 0.734124 0.837716 0.758659 0.836434 0.788967 0.824888 0.79907 0.80372 0.823605 0.524695 0.797627 0.516998 0.765876 0.509301 0.737973 0.506735 0.716325 0.508659 0.686017 0.511225 0.668217 0.514432
6 0.841886 0.206543 0.822643 0.520847 0.83948 0.524695 0.864496 0.53111 0.891918 0.533675 0.939064 0.532393 0.960712 0.528544 0.970815 0.518281 1 0.207826 0.999679 0.202694 0.95109 0.197563 0.904907 0.198204 0.868826 0.20077
6 0.814945 0.518281 0.793778 0.78576 0.816389 0.803079 0.84381 0.816549 0.870269 0.826171 0.89288 0.828736 0.934253 0.824888 0.943393 0.819756 0.950609 0.793457 0.988133 0.521488 0.975625 0.506094 0.949647 0.500321 0.925593 0.493906 0.891918 0.493906 0.866421 0.496472 0.841886 0.502886
