6 0.799551 0.302758 0.798589 0.454779 0.774054 0.45542 0.743265 0.454779 0.729314 0.45542 0.719692 0.45542 0.719692 0.298268 0.745189 0.296344 0.762989 0.293137 0.779827 0.293778 0.792816 0.29891
6 0.736049 0.288647 0.738935 0.450289 0.735568 0.45542 0.641276 0.45991 0.630212 0.459269 0.628287 0.289929 0.654747 0.284798 0.673509 0.282232 0.692752 0.280308 0.709108 0.279666 0.724503 0.282232
6 0.814464 0.338679 0.813983 0.452854 0.83034 0.454137 0.856318 0.452854 0.877967 0.452213 0.876523 0.338679 0.866902 0.33483 0.852951 0.334189 0.832264 0.332264 0.819756 0.33483
6 0.91982 0.719051 0.920783 0.840282 0.929442 0.844772 0.944836 0.849904 0.966966 0.851828 0.981879 0.853111 0.99535 0.849904 0.999198 0.844131 0.999198 0.727389 0.99535 0.718409 0.985247 0.710712 0.964561 0.706222 0.949166 0.706222 0.935215 0.710712 0.92848 0.714561
6 0.952534 0.737011 0.953015 0.862733 0.942912 0.872354 0.926074 0.872354 0.904907 0.868505 0.890956 0.863374 0.877967 0.85696 0.870269 0.85247 0.866421 0.847979 0.866421 0.729955 0.872194 0.722258 0.884221 0.718409 0.901058 0.715843 0.920783 0.717126 0.940026 0.724182
6 0.845734 0.638871 0.849102 0.779987 0.842848 0.785119 0.822162 0.79025 0.800513 0.788967 0.777903 0.786402 0.768762 0.78127 0.762027 0.776139 0.760103 0.636947 0.765876 0.629891 0.773573 0.626684 0.787043 0.624118 0.796665 0.623477 0.818313 0.624759 0.835632 0.631174
6 0.720654 0.668377 0.720654 0.826171 0.707184 0.837075 0.690827 0.841565 0.677357 0.844131 0.658595 0.842207 0.641758 0.837075 0.627806 0.831302 0.618185 0.824246 0.612893 0.663246 0.624439 0.655548 0.648493 0.6517 0.681687 0.652341 0.695638 0.654266 0.706703 0.659397
6 0.856799 0.773573 0.85728 0.917255 0.849102 0.928801 0.834189 0.931366 0.813983 0.931366 0.797146 0.929442 0.784157 0.918538 0.775978 0.913406 0.774054 0.782553 0.780308 0.769724 0.795221 0.762668 0.814945 0.759461 0.827453 0.760103 0.837556 0.760744 0.846697 0.767158
6 0.799551 0.800513 0.799551 0.949326 0.797146 0.958307 0.791854 0.966004 0.783675 0.969852 0.770686 0.972418 0.750962 0.972418 0.737011 0.970494 0.722097 0.962155 0.710552 0.953175 0.704298 0.945478 0.703335 0.800513 0.714881 0.787684 0.723541 0.783194 0.736049 0.780629 0.752886 0.779987 0.762508 0.780629 0.773573 0.783194 0.787524 0.786402 0.793297 0.791533
6 0.731238 0.831944 0.733162 0.998717 0.726042 1 0.709638 1 0.691116 1 0.674182 1 0.65619 1 0.640314 1 0.632906 1 0.629201 0.822001 0.641373 0.810712 0.652486 0.805773 0.660423 0.802245 0.676299 0.799423 0.69482 0.799423 0.712284 0.804362 0.722338 0.811418 0.730805 0.822707
