6 0.141081 0.273086 0.122139 0.0489345 0.097869 0.0449882 0.0830702 0.0426204 0.0440016 0.038674 0.0167719 0.0378848 0 0.038674 0 0.0426204 0 0.276243 0.00493291 0.280189 0.026835 0.281768 0.0463694 0.281768 0.0688635 0.280979 0.0949092 0.2794 0.125691 0.277032
6 0.283741 0.273086 0.26835 0.0520916 0.255328 0.0449882 0.234609 0.0410418 0.196725 0.0363062 0.139305 0.0394633 0.119179 0.0457774 0.112668 0.0489345 0.133386 0.275454 0.144041 0.281768 0.167719 0.287293 0.181334 0.287293 0.203236 0.287293 0.22573 0.285714 0.246448 0.285714 0.265391 0.283346 0.279597 0.277822
6 0.267561 0.0481452 0.2794 0.280189 0.30071 0.280979 0.344515 0.281768 0.369968 0.281768 0.405485 0.280189 0.413773 0.275454 0.4191 0.273875 0.413773 0.0497238 0.388319 0.0410418 0.366417 0.038674 0.34629 0.0378848 0.320245 0.0370955 0.289463 0.0394633 0.275848 0.0418311
6 0.415549 0.0536701 0.420876 0.280189 0.433307 0.282557 0.461129 0.281768 0.484215 0.281768 0.519732 0.281768 0.552289 0.278611 0.557024 0.0520916 0.541042 0.0434096 0.51914 0.0378848 0.495462 0.038674 0.448698 0.0402526 0.428571 0.0465667
6 0.54341 0.269929 0.561168 0.273086 0.587214 0.274665 0.608524 0.274665 0.625099 0.272297 0.630426 0.26914 0.63457 0.0836622 0.611484 0.0773481 0.588398 0.0765588 0.557024 0.0797159 0.546961 0.0805051
6 0.633978 0.08603 0.633978 0.26835 0.642857 0.269929 0.689621 0.273875 0.706196 0.273086 0.726322 0.273086 0.729874 0.0749803 0.719219 0.0734017 0.687845 0.0726125 0.67423 0.0734017 0.660616 0.0749803 0.641081 0.0789266
6 0.691397 0.0631413 0.681334 0.273086 0.694357 0.274665 0.717443 0.277822 0.738753 0.280189 0.797356 0.277822 0.814522 0.275454 0.819258 0.273086 0.841752 0.0552486 0.832873 0.0481452 0.81985 0.0441989 0.785517 0.0394633 0.764799 0.0410418 0.735201 0.0449882 0.719219 0.047356 0.703236 0.0520916
6 0.829913 0.0599842 0.821034 0.272297 0.832281 0.275454 0.850039 0.278611 0.867206 0.280189 0.892068 0.280189 0.91101 0.280189 0.933504 0.277822 0.953631 0.278611 0.964878 0.277822 0.987372 0.0513023 0.976125 0.0449882 0.953631 0.0418311 0.925217 0.0434096 0.8897 0.0449882 0.864838 0.0489345 0.845304 0.0536701 0.833465 0.0568272
6 0.0023678 0.414365 0.0278216 0.646409 0.0372928 0.653512 0.0491318 0.659826 0.0686661 0.662983 0.101815 0.659826 0.127861 0.654301 0.154499 0.641673 0.170481 0.633781 0.178769 0.622731 0.160418 0.404893 0.141476 0.393054 0.119574 0.38674 0.0964878 0.385951 0.0757695 0.38674 0.0497238 0.389108 0.0290055 0.393844 0.0159826 0.400158 0.00769534 0.406472
6 0.155091 0.414365 0.168706 0.637727 0.173441 0.643252 0.179953 0.649566 0.211326 0.657459 0.256906 0.651934 0.27644 0.647198 0.298934 0.636148 0.308406 0.628256 0.313141 0.621152 0.303078 0.410418 0.296567 0.393054 0.277624 0.385951 0.259274 0.383583 0.237964 0.383583 0.217245 0.385951 0.195935 0.390687 0.176401 0.394633 0.164562 0.400158
6 0.30071 0.411997 0.308998 0.631413 0.320245 0.640095 0.339187 0.648777 0.356354 0.651934 0.403118 0.648777 0.423836 0.643252 0.434491 0.635359 0.442778 0.62352 0.445738 0.617206 0.442186 0.400947 0.427388 0.394633 0.410813 0.391476 0.386543 0.388319 0.369376 0.389108 0.35221 0.391476 0.334451 0.395422 0.324388 0.399369 0.30959 0.406472
6 0.442778 0.398579 0.445146 0.611681 0.451657 0.617206 0.474152 0.621942 0.49487 0.622731 0.515588 0.621152 0.539266 0.617995 0.557616 0.608524 0.564128 0.601421 0.56472 0.395422 0.545185 0.384373 0.517364 0.380426 0.496054 0.381215 0.475927 0.384373 0.459353 0.388319 0.446922 0.392265
6 0.647593 0.379637 0.644041 0.521705 0.656472 0.531176 0.687253 0.538279 0.716851 0.53749 0.729282 0.535122 0.736385 0.36543 0.715667 0.352802 0.693173 0.349645 0.672455 0.348066 0.657656 0.352802 0.649369 0.359116
6 0.703828 0.392265 0.690805 0.584846 0.703828 0.597474 0.723362 0.606946 0.77131 0.614838 0.790253 0.615627 0.808011 0.61326 0.818074 0.605367 0.819258 0.599842 0.84116 0.385162 0.832873 0.370955 0.811563 0.359905 0.781965 0.35517 0.760063 0.353591 0.742305 0.35438 0.720403 0.355959 0.705604 0.361484
6 0.835833 0.385951 0.818074 0.600631 0.826361 0.606156 0.847672 0.614838 0.868982 0.620363 0.888516 0.627466 0.903907 0.629045 0.91989 0.629045 0.940016 0.629045 0.957182 0.625888 0.963102 0.620363 0.982044 0.378058 0.969613 0.370955 0.954223 0.363062 0.931137 0.356748 0.914562 0.353591 0.900355 0.351223 0.883781 0.352013 0.866614 0.353591 0.851815 0.359116 0.836425 0.367798
6 0.0266377 0.646409 0.0538674 0.875296 0.0639305 0.891871 0.0805051 0.898185 0.11543 0.896606 0.138516 0.886346 0.162194 0.873717 0.178177 0.861089 0.192384 0.842147 0.198303 0.828729 0.178177 0.61247 0.157459 0.60221 0.133781 0.593528 0.111287 0.594317 0.0852407 0.595896 0.0550513 0.60221 0.0402526 0.609313 0.0301894 0.621152 0.0266377 0.629834
6 0.175809 0.641673 0.190608 0.851618 0.195935 0.858721 0.210734 0.872139 0.229084 0.876085 0.249211 0.876875 0.284728 0.864246 0.299526 0.851618 0.315509 0.840568 0.322021 0.826361 0.311365 0.610103 0.293015 0.603788 0.264009 0.598264 0.23974 0.597474 0.211918 0.599842 0.191792 0.607735 0.180545 0.617206 0.174033 0.624309
6 0.310773 0.629834 0.321429 0.850039 0.330308 0.859511 0.338595 0.868193 0.353986 0.872139 0.369376 0.872928 0.387727 0.872928 0.406077 0.867403 0.419692 0.861878 0.431531 0.850039 0.444554 0.824783 0.442186 0.616417 0.414957 0.60221 0.385359 0.601421 0.362273 0.60221 0.345107 0.605367 0.323204 0.614049
6 0.439818 0.61326 0.442778 0.827151 0.451066 0.842936 0.459945 0.856354 0.475927 0.864246 0.493094 0.868193 0.522099 0.868193 0.542226 0.861089 0.551105 0.854775 0.56472 0.83899 0.569455 0.824783 0.571231 0.616417 0.562944 0.599842 0.545777 0.589582 0.525651 0.582478 0.505525 0.583268 0.49191 0.584057 0.469416 0.588003 0.456393 0.594317 0.448698 0.599053
6 0.56768 0.61326 0.566496 0.832676 0.578927 0.846093 0.606748 0.865825 0.626283 0.869771 0.660616 0.868982 0.676006 0.861878 0.686069 0.851618 0.691397 0.835833 0.70146 0.62352 0.683702 0.601421 0.663575 0.594317 0.638713 0.589582 0.613852 0.588003 0.596093 0.589582 0.584846 0.595896 0.578927 0.599053
6 0.695541 0.609313 0.683702 0.81689 0.690805 0.831097 0.706788 0.843725 0.720403 0.850829 0.750592 0.859511 0.761247 0.857932 0.784925 0.854775 0.79854 0.84925 0.808011 0.83899 0.809195 0.822415 0.828137 0.621152 0.81985 0.606946 0.8015 0.589582 0.784333 0.582478 0.761247 0.58011 0.733425 0.578532 0.715667 0.584057 0.700276 0.593528
6 0.815114 0.60221 0.79854 0.808998 0.808603 0.827151 0.82577 0.8382 0.838792 0.84925 0.878453 0.865036 0.899171 0.866614 0.921073 0.861089 0.928177 0.854775 0.937056 0.845304 0.966062 0.62352 0.95955 0.614838 0.943567 0.599842 0.922257 0.593528 0.882597 0.584846 0.848264 0.585635 0.831097 0.591949 0.820442 0.598264
