6 0 0.245462 0.00177585 0.246251 0.00177585 0.317285 0.0254538 0.520126 0.0426204 0.531176 0.0639305 0.533544 0.0923441 0.534333 0.12135 0.530387 0.144436 0.524862 0.162786 0.518548 0.178177 0.509077 0.164562 0.24704 0.144436 0.243094 0.110695 0.235201 0.0805051 0.232833 0.058603 0.229676 0.0284136 0.234412
6 0.162786 0.245462 0.175809 0.513812 0.200671 0.525651 0.232044 0.530387 0.262826 0.528808 0.289463 0.524862 0.314917 0.514601 0.326756 0.501973 0.322612 0.250987 0.291831 0.244672 0.264601 0.237569 0.232636 0.23678 0.20659 0.237569
6 0.323796 0.239148 0.328532 0.506709 0.344515 0.520126 0.369968 0.525651 0.395422 0.528019 0.416732 0.528019 0.437451 0.524862 0.453433 0.520126 0.467048 0.509866 0.475927 0.249408 0.455209 0.23678 0.421468 0.231255 0.391279 0.227309 0.362865 0.230466
6 0.478295 0.235201 0.467048 0.498816 0.477111 0.504341 0.504341 0.511444 0.530387 0.513812 0.56176 0.515391 0.58899 0.514601 0.604972 0.507498 0.617403 0.251776 0.590766 0.238358 0.56472 0.229676 0.535714 0.223362 0.507893 0.224152
6 0.619179 0.246251 0.609116 0.505919 0.625099 0.513812 0.647593 0.522494 0.672455 0.528019 0.700276 0.528808 0.725138 0.528019 0.748816 0.520916 0.756511 0.511444 0.773678 0.243094 0.744081 0.231255 0.719219 0.229676 0.693765 0.229676 0.666535 0.230466 0.642265 0.23678
6 0.767758 0.249408 0.750592 0.501973 0.763023 0.509077 0.786701 0.513023 0.807419 0.514601 0.826361 0.514601 0.847672 0.516969 0.866022 0.509866 0.878453 0.501184 0.901539 0.246251 0.879637 0.235201 0.848264 0.230466 0.821626 0.233623 0.79558 0.237569
6 0.0242699 0.520126 0.0520916 0.770324 0.0627466 0.782163 0.0876085 0.790845 0.114246 0.788477 0.135556 0.787687 0.155683 0.779795 0.170481 0.772691 0.181728 0.762431 0.200671 0.741121 0.184688 0.503552 0.156275 0.495659 0.124901 0.495659 0.0988556 0.498816 0.0668903 0.50513
6 0.184688 0.518548 0.200079 0.743489 0.205998 0.759274 0.218429 0.767956 0.240923 0.775848 0.265785 0.777427 0.291831 0.769534 0.316693 0.756906 0.334451 0.738753 0.339187 0.722968 0.32794 0.501973 0.308998 0.49487 0.282952 0.49487 0.25809 0.49487 0.232044 0.497238 0.210142 0.50513
6 0.327348 0.512234 0.335043 0.741121 0.342739 0.756117 0.356354 0.767956 0.375296 0.77427 0.399566 0.775848 0.417916 0.77427 0.441002 0.767167 0.455209 0.758485 0.466456 0.742699 0.470008 0.717443 0.465272 0.499605 0.435675 0.493291 0.407261 0.490923 0.369968 0.493291 0.345107 0.499605
6 0.897395 0.245462 0.877269 0.490923 0.89562 0.505919 0.919298 0.513023 0.951855 0.521705 0.977901 0.52723 0.999803 0.528019 1 0.522494 1 0.250197 1 0.239937 0.989148 0.239148 0.953039 0.23678 0.921665 0.239937
6 0.468232 0.509866 0.469416 0.734807 0.477111 0.748224 0.490134 0.761642 0.513812 0.771902 0.542226 0.775059 0.566496 0.772691 0.581886 0.765588 0.595501 0.750592 0.602013 0.734807 0.604972 0.506709 0.587806 0.498027 0.568863 0.495659 0.554065 0.49487 0.533938 0.494081 0.51618 0.496448 0.49487 0.498027
6 0.607932 0.505919 0.600237 0.736385 0.612668 0.75217 0.633978 0.767167 0.659432 0.777427 0.687845 0.782952 0.708564 0.778216 0.72573 0.771902 0.736385 0.758485 0.737569 0.741121 0.75 0.516969 0.732833 0.504341 0.709155 0.501973 0.687845 0.498816 0.664167 0.498027 0.640489 0.498816
6 0.749408 0.505919 0.734609 0.73165 0.748224 0.748224 0.772494 0.759274 0.794988 0.764799 0.81985 0.767956 0.84116 0.769534 0.857735 0.761642 0.865793 0.754275 0.868982 0.74191 0.890292 0.504341 0.86839 0.493291 0.842936 0.488556 0.817482 0.486188 0.794396 0.490134 0.767167 0.498816
6 0.880229 0.498816 0.857143 0.722178 0.871942 0.739542 0.893252 0.753749 0.91989 0.765588 0.940608 0.77427 0.967245 0.778216 0.987372 0.779795 0.999803 0.773481 1 0.765588 1 0.518548 1 0.502762 0.977901 0.49487 0.955998 0.491713 0.931728 0.490923 0.900947 0.493291
