6 0.108563 0.29891 0.0821039 0.311097 0.0489096 0.325208 0.00849904 0.332264 0 0.332906 0 0.33034 0 0.0275818 0 0.0109044 0 0.00192431 0.00128287 0.00128287 0.0219692 0.00128287 0.0503528 0.00320718 0.0546825 0.00320718
6 0.290892 0.301475 0.269724 0.309814 0.253368 0.316228 0.224503 0.322643 0.191309 0.323926 0.153303 0.322643 0.125401 0.316228 0.109044 0.295702 0.0590122 0.00320718 0.160183 0 0.209397 0.000192431 0.244323 0.00160359 0.260728 0.00160359
6 0.459173 0.30077 0.436418 0.31347 0.411546 0.321937 0.379795 0.325465 0.349631 0.324054 0.314176 0.321232 0.301475 0.309237 0.284541 0.296536 0.262316 0.0086594 0.295125 0.00795382 0.322114 0.00795382 0.361802 0.0086594 0.39567 0.00795382 0.432184 0.0121873 0.46076 0.014304
6 0.629041 0.30077 0.619516 0.314881 0.595702 0.323348 0.571889 0.328287 0.551251 0.328287 0.525321 0.325465 0.496745 0.319115 0.470285 0.30712 0.457585 0.290186 0.458643 0.014304 0.468169 0.0128929 0.481398 0.0107761 0.525321 0.0107761 0.568185 0.0100706 0.592527 0.0107761 0.627453 0.0100706 0.653384 0.0100706
6 0.804731 0.316998 0.788855 0.332521 0.768217 0.336049 0.745991 0.336049 0.714769 0.332521 0.689368 0.330404 0.667142 0.321937 0.648092 0.314881 0.625866 0.300064 0.647563 0.0100706 0.66238 0.0107761 0.688839 0.014304 0.72059 0.014304 0.749695 0.0164208 0.787797 0.0171264 0.816373 0.0192431 0.846536 0.0185375 0.853945 0.0164208
6 0.802094 0.303592 0.869829 0.327582 0.890997 0.333932 0.91481 0.333932 0.939682 0.331815 0.96032 0.329699 0.967199 0.322643 0.974608 0.307826 0.981488 0.278191 0.991013 0.23374 1 0.195638 1 0.0406928 1 0.0181847 0.991323 0.00887107 0.966875 0.0034381 0.937187 0.00188582 0.9075 0.00188582 0.877231 0.00421424 0.854529 0.00654266 0.844633 0.00887107
6 0.0296328 0.684554 0 0.512251 0 0.474997 0 0.451713 0 0.441623 0.0354538 0.427652 0.0616485 0.420667 0.0890074 0.421443 0.116948 0.425324 0.143725 0.427652 0.152457 0.436966 0.160606 0.458698 0.168174 0.512251 0.175159 0.54873 0.179816 0.585985 0.18389 0.630225 0.185637 0.656613 0.157114 0.677569 0.112292 0.703182 0.0930821 0.707838 0.0703801 0.710167 0.0558275 0.70551 0.0424391 0.700853
6 0.0697979 0.84211 0.0249759 0.658942 0.00693072 0.658942 0 0.66127 0 0.665927 0 0.688124 0 0.704346 0 0.716298 0 0.744472 0 0.803381 0 0.844361 0 0.87595 0 0.911808 0 0.927175 0 0.929736 0.0190385 0.916076 0.0382479 0.904124 0.0497736 0.886195 0.0651411 0.864851
6 0.147913 0.443951 0.176086 0.675318 0.191454 0.685563 0.217067 0.702638 0.247161 0.706053 0.275975 0.702638 0.30543 0.688124 0.32656 0.667634 0.335525 0.646291 0.335525 0.618117 0.330402 0.559208 0.327841 0.51652 0.32656 0.483224 0.322078 0.452489 0.316956 0.44139 0.291343 0.431145 0.257406 0.423461 0.222829 0.423461 0.18249 0.426876 0.155596 0.43456
6 0.187612 0.680441 0.218987 0.864851 0.236276 0.880219 0.249082 0.887903 0.290062 0.88961 0.314394 0.879365 0.332323 0.864851 0.351533 0.834116 0.353453 0.80082 0.34705 0.720567 0.338086 0.659951 0.337446 0.633484 0.323999 0.634338 0.295825 0.629216 0.259327 0.629216 0.220908 0.639461 0.195296 0.653974
6 0.320157 0.474686 0.329762 0.669342 0.343849 0.682148 0.368181 0.697516 0.395714 0.703492 0.425809 0.700931 0.466789 0.680441 0.476394 0.665073 0.480236 0.625801 0.481516 0.531888 0.484078 0.48237 0.483437 0.454196 0.466789 0.444805 0.408521 0.437121 0.368821 0.437121 0.335525 0.446513 0.322718 0.454196
6 0.333604 0.664219 0.347691 0.857167 0.359216 0.877657 0.375864 0.890464 0.397635 0.90327 0.425809 0.894733 0.44886 0.88278 0.46871 0.866559 0.478315 0.843507 0.478315 0.808504 0.477674 0.700077 0.475754 0.656536 0.454623 0.647144 0.413003 0.638607 0.38803 0.641168 0.355374 0.648852
6 0.487919 0.444805 0.478315 0.643729 0.484078 0.665073 0.506489 0.679587 0.527619 0.689832 0.551311 0.697516 0.580125 0.692393 0.601255 0.687271 0.615982 0.679587 0.625587 0.667634 0.630069 0.616409 0.63199 0.572014 0.637753 0.487493 0.641595 0.459319 0.639034 0.442244 0.605097 0.431999 0.564757 0.426022 0.528259 0.426876 0.507129 0.431999
6 0.480236 0.665073 0.477674 0.846069 0.497524 0.880219 0.50905 0.887049 0.53018 0.897294 0.558354 0.897294 0.589089 0.884487 0.603176 0.863997 0.61086 0.831555 0.615982 0.659951 0.579484 0.647144 0.523777 0.643729 0.498805 0.651413
6 0.640955 0.442244 0.618544 0.646291 0.637113 0.677026 0.664006 0.695808 0.687698 0.710322 0.739563 0.716298 0.764535 0.700931 0.777342 0.685563 0.806156 0.525911 0.81576 0.46188 0.806796 0.449928 0.761974 0.43456 0.719713 0.433706 0.681294 0.431999 0.65248 0.433706
6 0.625587 0.659951 0.608299 0.846922 0.618544 0.876804 0.644797 0.897294 0.67169 0.908393 0.687698 0.9101 0.710749 0.904978 0.729318 0.890464 0.739563 0.874242 0.768377 0.680441 0.756211 0.670196 0.731239 0.657389 0.698583 0.652267 0.669769 0.648852 0.644797 0.648852
6 0.797832 0.473833 0.776061 0.652267 0.786946 0.666781 0.806796 0.680441 0.847136 0.685563 0.879152 0.682148 0.902203 0.666781 0.91757 0.602749 0.932938 0.528473 0.942543 0.465295 0.933578 0.443951 0.902203 0.437121 0.868266 0.433706 0.840733 0.43456 0.823444 0.437121 0.802314 0.449928
6 0.769658 0.649706 0.741484 0.836677 0.739563 0.851191 0.761974 0.871681 0.789508 0.887903 0.804235 0.893025 0.833049 0.897294 0.849057 0.885341 0.864424 0.869974 0.914369 0.684709 0.909887 0.659951 0.89708 0.647144 0.867626 0.634338 0.839452 0.630923 0.806796 0.630923 0.788867 0.636046
6 0.0230513 0.677026 0.0768377 0.88961 0.0979681 0.907539 0.131905 0.913515 0.151754 0.907539 0.174806 0.894733 0.192094 0.881926 0.206822 0.863997 0.213225 0.843507 0.218347 0.82814 0.20298 0.751302 0.191454 0.693247 0.184411 0.657389 0.178648 0.634338 0.167122 0.624093 0.140229 0.61897 0.114616 0.61897 0.0864424 0.624093 0.056988 0.636899 0.0364979 0.647144
6 0.899642 0.690686 0.866345 0.846069 0.885555 0.880219 0.915649 0.899855 0.946385 0.9101 0.971997 0.915223 0.989286 0.9101 1 0.902416 1 0.718006 1 0.692393 1 0.680441 0.99825 0.662512 0.97776 0.659951 0.946385 0.656536 0.923974 0.656536 0.909887 0.659097
6 0.908606 0.642022 0.955989 0.442244 0.985444 0.436267 1 0.433706 1 0.443951 1 0.45505 1 0.470418 1 0.492615 1 0.706053 1 0.712883 0.99889 0.713737 0.971997 0.705199 0.950226 0.693247 0.933578 0.682148 0.913729 0.653974
