6 0.376203 0.126363 0.379089 0.286081 0.39737 0.288647 0.4195 0.289929 0.451251 0.291212 0.470494 0.290571 0.481559 0.289929 0.47771 0.127004 0.458467 0.118666 0.439224 0.115459 0.412284 0.1161 0.396889 0.118024 0.386786 0.121232
6 0.574407 0.123797 0.576331 0.287364 0.604233 0.288005 0.626363 0.288005 0.650417 0.286081 0.664849 0.285439 0.675914 0.283515 0.678319 0.125722 0.672065 0.1161 0.659076 0.112893 0.639352 0.11161 0.617704 0.112893 0.598942 0.1161 0.58499 0.119307
6 0.749038 0.136626 0.755292 0.288647 0.773573 0.289929 0.789448 0.288005 0.823605 0.282232 0.844291 0.278384 0.840924 0.12059 0.820237 0.118666 0.789929 0.121873 0.766838 0.128929
6 0.377646 0.292495 0.379089 0.44644 0.400738 0.449647 0.416132 0.452213 0.454618 0.449647 0.470494 0.447723 0.475786 0.444516 0.480115 0.44195 0.480115 0.291212 0.467607 0.289929 0.45077 0.288005 0.435856 0.287364 0.42431 0.286081 0.417575 0.286081 0.405067 0.286081 0.391116 0.288647
6 0.477229 0.296344 0.481078 0.441309 0.489737 0.445157 0.497434 0.449006 0.50898 0.450289 0.520526 0.451572 0.537845 0.451572 0.550834 0.449647 0.565747 0.445157 0.578255 0.436818 0.578255 0.293137 0.568153 0.291212 0.551315 0.289929 0.533996 0.288647 0.515715 0.288005 0.501283 0.289929 0.487332 0.293137
6 0.58018 0.288647 0.579217 0.439384 0.595574 0.443874 0.611931 0.447081 0.623958 0.447723 0.651379 0.449006 0.664849 0.444516 0.676395 0.439384 0.681206 0.289929 0.673509 0.286081 0.653303 0.283515 0.636947 0.282874 0.620109 0.282232 0.604233 0.283515 0.592688 0.284798
6 0.656671 0.293137 0.655228 0.427197 0.666774 0.432328 0.685536 0.434894 0.700449 0.436177 0.716806 0.432328 0.723541 0.427197 0.728352 0.3034 0.723541 0.296344 0.710552 0.293137 0.694676 0.289929 0.681687 0.290571 0.668217 0.291212
6 0.72787 0.295061 0.722097 0.427197 0.750481 0.429121 0.775497 0.431687 0.802437 0.431046 0.816389 0.429121 0.820237 0.288647 0.805324 0.285439 0.787524 0.280949 0.770686 0.280949 0.754811 0.280949 0.742784 0.285439
6 0.772611 0.289929 0.7678 0.432328 0.777421 0.43746 0.795221 0.442591 0.816389 0.444516 0.834189 0.44644 0.851507 0.44644 0.867864 0.445157 0.876042 0.438743 0.885664 0.288005 0.878448 0.286081 0.868826 0.283515 0.854875 0.282232 0.835151 0.280949 0.805324 0.282232 0.784157 0.283515
6 0.878448 0.285439 0.872675 0.433611 0.883258 0.438743 0.895285 0.440026 0.908756 0.443874 0.922226 0.444516 0.940026 0.444516 0.957344 0.444516 0.974663 0.441309 0.976106 0.434894 0.987171 0.280949 0.965042 0.279666 0.926074 0.279666 0.902983 0.280308
6 0.970334 0.284798 0.969852 0.434894 0.99102 0.438743 1 0.440026 1 0.439384 1 0.439384 1 0.434894 1 0.285439 1 0.282874 1 0.279666 0.99102 0.279666
6 0.0599743 0.907633 0.0426555 0.719051 0.0388069 0.715202 0.0277421 0.711353 0.0161963 0.711353 0.00465042 0.712636 0 0.716485 0 0.720334 0 0.726748 0 0.735087 0 0.742142 0 0.906992 0 0.914047 0 0.922386 0.0181206 0.927518 0.0335151 0.92431 0.0508339 0.919179
6 0.0389673 0.731879 0.043297 0.912123 0.0500321 0.922386 0.0644644 0.926235 0.0832264 0.928801 0.104875 0.927518 0.118345 0.923669 0.137107 0.915972 0.150096 0.908916 0.159718 0.898653 0.155869 0.715843 0.149134 0.708146 0.136626 0.703656 0.118345 0.70109 0.103913 0.70109 0.0846697 0.704298 0.0659076 0.708146 0.0500321 0.714561 0.0442591 0.720975
6 0.153945 0.716485 0.159718 0.923669 0.173188 0.929442 0.183772 0.934573 0.198204 0.937139 0.224182 0.933932 0.239096 0.926876 0.253047 0.921745 0.264112 0.911482 0.27229 0.90186 0.274214 0.885183 0.273252 0.706222 0.260744 0.694035 0.246793 0.68762 0.234766 0.68313 0.217447 0.680564 0.200128 0.68313 0.185215 0.68762 0.171745 0.694035 0.160199 0.703015
6 0.269403 0.708788 0.275657 0.891597 0.279025 0.901219 0.284798 0.908916 0.291533 0.915972 0.304041 0.91982 0.318473 0.922386 0.330981 0.919179 0.341084 0.916613 0.351187 0.913406 0.358403 0.908916 0.366581 0.90186 0.375241 0.896729 0.380051 0.873637 0.377165 0.706222 0.368505 0.690186 0.35696 0.682489 0.341084 0.675433 0.325208 0.674792 0.310295 0.677357 0.294901 0.682489 0.283355 0.688903 0.275176 0.6966
6 0.0298268 0.538807 0.0389673 0.729314 0.0442591 0.732521 0.0500321 0.737652 0.0582104 0.738935 0.0721616 0.741501 0.0894804 0.74086 0.105837 0.738935 0.119788 0.735087 0.132296 0.729955 0.14288 0.724182 0.153945 0.719692 0.159718 0.713919 0.149134 0.520847 0.137107 0.514432 0.117383 0.510584 0.099102 0.508659 0.0837075 0.509301 0.0678319 0.510584 0.0505131 0.513149 0.0389673 0.518922 0.0331944 0.525978
6 0.152502 0.537524 0.15635 0.723541 0.164529 0.727389 0.180885 0.731238 0.199166 0.731238 0.215523 0.729955 0.252566 0.719692 0.266517 0.711995 0.271328 0.706863 0.271328 0.529827 0.259782 0.518922 0.244387 0.514432 0.228031 0.511225 0.20975 0.510584 0.187139 0.513149 0.17415 0.515715 0.160199 0.52213 0.153945 0.529827
6 0.267479 0.531751 0.269403 0.714561 0.277101 0.720975 0.286722 0.726748 0.302117 0.729314 0.327133 0.729314 0.346376 0.724824 0.35696 0.719692 0.369949 0.711995 0.376203 0.706863 0.373316 0.528544 0.37043 0.516998 0.355997 0.511225 0.33916 0.505452 0.317511 0.504169 0.302117 0.505452 0.287684 0.511867 0.276139 0.518922
6 0.378127 0.529827 0.373797 0.705581 0.381976 0.711995 0.394484 0.719051 0.408435 0.721616 0.425754 0.724182 0.444997 0.724824 0.457024 0.722258 0.474343 0.711995 0.481559 0.528544 0.476267 0.513791 0.466164 0.506094 0.457024 0.499038 0.442591 0.495831 0.421424 0.493265 0.40603 0.495831 0.394484 0.498396 0.381976 0.503528 0.378127 0.508659
6 0.483964 0.537524 0.483483 0.704298 0.495029 0.713919 0.514753 0.720975 0.535439 0.724182 0.557088 0.722258 0.573926 0.717126 0.584028 0.709429 0.588839 0.536241 0.578255 0.528544 0.565747 0.520847 0.546985 0.518922 0.530148 0.518922 0.511867 0.518922 0.496953 0.524054
6 0.578255 0.515715 0.576331 0.683772 0.582104 0.688903 0.595093 0.695959 0.604233 0.6966 0.623477 0.699166 0.637428 0.698525 0.652822 0.697883 0.670141 0.691469 0.676395 0.509301 0.664368 0.504169 0.645125 0.498396 0.629731 0.497755 0.612893 0.496472 0.598942 0.499038 0.587396 0.506735
6 0.377165 0.713919 0.381013 0.877486 0.382938 0.885824 0.391116 0.893521 0.395446 0.898012 0.402662 0.901219 0.41084 0.90186 0.4195 0.904426 0.433932 0.904426 0.443554 0.903143 0.458467 0.900577 0.46857 0.895446 0.475786 0.887749 0.481078 0.878127 0.479153 0.701732 0.471456 0.697883 0.45991 0.690827 0.447402 0.686337 0.433932 0.685055 0.414689 0.686337 0.400257 0.688903 0.389673 0.694035 0.380051 0.70109
6 0.480115 0.698525 0.480115 0.873637 0.486851 0.88839 0.493586 0.890956 0.504169 0.898012 0.521969 0.901219 0.533515 0.901219 0.549391 0.901219 0.569596 0.89288 0.578255 0.885183 0.582104 0.872354 0.583066 0.704298 0.577293 0.692752 0.568153 0.68313 0.55805 0.676074 0.541212 0.672226 0.527261 0.672226 0.509942 0.674792 0.498396 0.677999 0.485888 0.683772
6 0.581623 0.694035 0.579217 0.86594 0.586915 0.878127 0.595093 0.88839 0.609044 0.895446 0.623477 0.898653 0.635022 0.899294 0.645606 0.898653 0.663887 0.89288 0.674471 0.887749 0.680244 0.875561 0.685536 0.699166 0.677357 0.685055 0.664368 0.674792 0.651379 0.667736 0.635985 0.667094 0.621552 0.665811 0.610006 0.668377 0.596536 0.674792 0.590763 0.680564
6 0.68313 0.688262 0.679763 0.867864 0.686017 0.878127 0.695157 0.885824 0.709108 0.89288 0.719692 0.895446 0.736049 0.898653 0.748557 0.898653 0.770205 0.890956 0.780308 0.878768 0.783194 0.862091 0.789448 0.706222 0.781751 0.690827 0.764913 0.68313 0.737973 0.675433 0.720173 0.674792 0.703335 0.676074 0.687941 0.681206
6 0.78127 0.690827 0.777421 0.859525 0.787524 0.87492 0.806286 0.882617 0.823605 0.88839 0.839962 0.890956 0.851026 0.889031 0.861129 0.887749 0.871713 0.880693 0.876042 0.875561 0.885664 0.70109 0.877967 0.690827 0.864496 0.681206 0.848621 0.674792 0.818794 0.66966 0.805324 0.672226 0.79474 0.675433 0.783194 0.681847
6 0.72787 0.488133 0.724022 0.624759 0.743265 0.632457 0.756735 0.635022 0.770686 0.636947 0.787043 0.636947 0.797627 0.632457 0.805324 0.488775 0.796665 0.483002 0.780308 0.478512 0.762508 0.474663 0.749038 0.475305 0.735568 0.479795
6 0.778384 0.495831 0.770205 0.670301 0.78127 0.679923 0.791854 0.685696 0.824567 0.691469 0.849102 0.693393 0.866421 0.690186 0.876042 0.68313 0.886145 0.502886 0.880372 0.493265 0.866902 0.486209 0.849102 0.480436 0.833226 0.47787 0.816389 0.47787 0.800513 0.480436 0.789929 0.485568
6 0.880372 0.500321 0.869788 0.682489 0.876523 0.685696 0.893361 0.690186 0.908756 0.695318 0.933772 0.701732 0.952534 0.703656 0.981398 0.701732 0.988133 0.699166 0.997274 0.502886 0.985247 0.493906 0.96889 0.488775 0.951572 0.485568 0.931366 0.485568 0.912604 0.487492 0.897691 0.491341 0.889031 0.495189
6 0.878929 0.688262 0.866421 0.85696 0.87941 0.869788 0.914529 0.886466 0.931366 0.890956 0.944836 0.89288 0.966966 0.890314 0.97755 0.881334 0.980436 0.873637 0.993906 0.700449 0.981879 0.690186 0.966485 0.679923 0.953496 0.676074 0.940026 0.672867 0.924631 0.672226 0.909237 0.673509 0.893361 0.677357
