6 0.736977 0.52644 0.783149 0.231255 0.810379 0.219416 0.842936 0.21547 0.884373 0.213891 0.934096 0.226519 0.966062 0.239148 0.985004 0.254933 0.993883 0.265983 0.932912 0.584057 0.915746 0.594317 0.883189 0.601421 0.821034 0.593528 0.796172 0.582478 0.774862 0.570639 0.755328 0.556433 0.741713 0.535912
6 0.773086 0.26835 0.735201 0.534333 0.718627 0.543804 0.678374 0.557222 0.642857 0.558011 0.623915 0.553275 0.604972 0.546172 0.584254 0.532755 0.572415 0.509866 0.58899 0.229676 0.599053 0.217837 0.616219 0.209945 0.635754 0.205209 0.651736 0.203631 0.676598 0.201263 0.703828 0.202052 0.720994 0.205998 0.736385 0.213891 0.746448 0.220994 0.757103 0.235201 0.767758 0.253354
6 0.338595 0.3015 0.369376 0.596685 0.37648 0.61247 0.39779 0.632991 0.412589 0.640095 0.430939 0.64483 0.448106 0.64562 0.468824 0.64562 0.493094 0.643252 0.513812 0.633781 0.531571 0.617206 0.539266 0.606946 0.548737 0.589582 0.554657 0.573007 0.549329 0.277032 0.530387 0.253354 0.51026 0.244672 0.484807 0.241515 0.456393 0.237569 0.431531 0.237569 0.413181 0.243094 0.39483 0.248619 0.374112 0.258879 0.359905 0.265193 0.343923 0.280979
6 0.377664 0.601421 0.403118 0.805841 0.407261 0.823204 0.415549 0.836622 0.423244 0.844515 0.435083 0.854775 0.451657 0.865036 0.465272 0.868193 0.482439 0.868193 0.503749 0.862668 0.520324 0.854775 0.542226 0.833465 0.547553 0.815312 0.554657 0.790055 0.554657 0.565114 0.544002 0.549329 0.519732 0.532755 0.498421 0.52644 0.471784 0.525651 0.448698 0.52644 0.425612 0.531176 0.409629 0.539069 0.398382 0.551697 0.384175 0.573007 0.37944 0.585635
6 0.735793 0.528808 0.732833 0.54854 0.705012 0.756117 0.705604 0.767167 0.706196 0.775848 0.711523 0.790055 0.715667 0.805051 0.726322 0.820047 0.737569 0.834254 0.754736 0.844515 0.776046 0.856354 0.79262 0.861878 0.812155 0.865036 0.827545 0.861089 0.845896 0.857143 0.866022 0.83899 0.872534 0.814522 0.932912 0.577743 0.928769 0.554065 0.909234 0.530387 0.884373 0.516969 0.860103 0.505919 0.832873 0.499605 0.805643 0.497238 0.779597 0.498027 0.761839 0.504341 0.75 0.512234
6 0.5588 0.538279 0.549921 0.771902 0.555249 0.791634 0.567088 0.812155 0.577743 0.824783 0.596093 0.8382 0.61326 0.846093 0.635162 0.84925 0.654104 0.846882 0.671271 0.83899 0.687845 0.827151 0.702644 0.805841 0.70738 0.779006 0.736385 0.554065 0.726914 0.531965 0.696133 0.509866 0.670087 0.497238 0.647593 0.493291 0.624507 0.490923 0.602605 0.493291 0.590174 0.497238 0.576559 0.506709 0.561168 0.523283
6 0.163378 0.304657 0.220797 0.556433 0.233228 0.569061 0.252762 0.575375 0.281768 0.578532 0.30663 0.576164 0.336227 0.568272 0.359905 0.553275 0.37352 0.540647 0.381215 0.530387 0.342147 0.26835 0.319653 0.252565 0.296567 0.244672 0.269337 0.235991 0.23974 0.237569 0.217245 0.244672 0.201855 0.253354 0.184096 0.267561 0.168114 0.281768 0.162786 0.292818
6 0.197711 0.598264 0.250395 0.814522 0.256314 0.829519 0.259866 0.83899 0.274073 0.84925 0.283544 0.856354 0.308998 0.8603 0.335635 0.857143 0.352802 0.84925 0.374112 0.829519 0.387727 0.809787 0.400158 0.790845 0.40371 0.773481 0.377664 0.556433 0.369376 0.52723 0.348658 0.513812 0.324388 0.509077 0.294791 0.504341 0.273481 0.505919 0.247435 0.510655 0.227309 0.520126 0.214878 0.528019 0.204815 0.542226 0.197119 0.55959 0.194751 0.581689
6 0.248816 0.786109 0.235201 0.813733 0.215667 0.830308 0.193765 0.84925 0.164759 0.858721 0.139305 0.864246 0.123323 0.857143 0.10438 0.842147 0.0966851 0.827151 0.015588 0.619574 0.0132202 0.602999 0.0185478 0.584057 0.026835 0.573796 0.039266 0.557222 0.0641279 0.545383 0.0872139 0.535122 0.109708 0.52723 0.142857 0.524862 0.168311 0.528019 0.188437 0.534333 0.202052 0.547751
6 0.208564 0.544594 0.145817 0.24783 0.133978 0.239937 0.115627 0.23678 0.0848461 0.235201 0.062352 0.235991 0.0315706 0.243094 0 0.272297 0 0.299132 0 0.317285 0 0.332281 0.0138122 0.603788 0.0215075 0.615627 0.038674 0.631413 0.0576164 0.638516 0.0795185 0.640095 0.11326 0.635359 0.154104 0.620363 0.168311 0.609313 0.183702 0.595896 0.194357 0.584846 0.205012 0.566693
