6 0.817759 0.228966 0.817759 0.46 0.848793 0.461379 0.882414 0.463448 0.925345 0.464138 0.953793 0.46069 0.976552 0.458621 0.991034 0.457241 0.987414 0.206897 0.980172 0.2 0.96 0.198621 0.935172 0.196552 0.899483 0.201379 0.877241 0.205517 0.863793 0.209655 0.844655 0.216552 0.83069 0.222759
6 0.810517 0.461379 0.812586 0.691724 0.830172 0.696552 0.850862 0.703448 0.872069 0.706897 0.894828 0.710345 0.921207 0.711724 0.952241 0.710345 0.977586 0.702069 0.980172 0.46069 0.969828 0.457241 0.919138 0.455172 0.867931 0.455862 0.83069 0.458621 0.818793 0.458621
6 0.662069 0.24069 0.664655 0.457241 0.696207 0.46069 0.718966 0.46 0.753103 0.457241 0.780517 0.456552 0.804828 0.457241 0.818793 0.455172 0.822931 0.454483 0.824483 0.22069 0.818793 0.212414 0.806897 0.206897 0.783621 0.203448 0.765 0.203448 0.74431 0.202759 0.72569 0.206897 0.706552 0.210345 0.693103 0.215862 0.679138 0.22069 0.669828 0.225517 0.666724 0.229655
6 0.658966 0.465517 0.658448 0.691034 0.672931 0.698621 0.697241 0.706207 0.726207 0.711724 0.767586 0.709655 0.788793 0.706897 0.804828 0.701379 0.814655 0.695172 0.818793 0.686207 0.816724 0.461379 0.803793 0.457241 0.782586 0.457931 0.706552 0.46 0.679655 0.462069 0.670345 0.462069
6 0.507414 0.235862 0.508966 0.46069 0.525517 0.464138 0.544655 0.464138 0.566897 0.463448 0.581897 0.464138 0.593793 0.464138 0.618103 0.462069 0.636207 0.461379 0.651207 0.46069 0.659483 0.46 0.661552 0.226897 0.652241 0.22069 0.622759 0.212414 0.602069 0.208276 0.577241 0.208276 0.545172 0.213793 0.524483 0.22 0.516207 0.226207
6 0.506897 0.464828 0.508448 0.686207 0.517759 0.693103 0.527586 0.69931 0.545172 0.706897 0.56431 0.710345 0.591207 0.712414 0.611897 0.710345 0.628448 0.706897 0.638276 0.702069 0.651724 0.697931 0.66 0.688276 0.659483 0.465517 0.646552 0.46 0.625862 0.46 0.595345 0.46069 0.566379 0.46069 0.530172 0.46069 0.519828 0.46069
6 0.357414 0.235862 0.358966 0.461379 0.368793 0.464138 0.393621 0.465517 0.412759 0.466897 0.435 0.464828 0.451552 0.464828 0.490862 0.464828 0.502241 0.464828 0.506379 0.464138 0.50431 0.237241 0.48931 0.225517 0.465517 0.218621 0.432414 0.215172 0.401379 0.213793 0.383276 0.216552 0.366724 0.225517
6 0.362069 0.465517 0.361034 0.691034 0.371897 0.697931 0.392069 0.702069 0.408103 0.704828 0.42569 0.706207 0.438621 0.706897 0.460345 0.706207 0.476379 0.704828 0.494483 0.698621 0.50431 0.692414 0.508966 0.684828 0.508448 0.464138 0.501246 0.463008 0.490862 0.461379 0.464483 0.46069 0.442759 0.46069 0.430862 0.46069 0.411724 0.46069 0.393621 0.461379 0.376552 0.46069 0.366207 0.46069
6 0.203793 0.232414 0.206379 0.464138 0.35431 0.464828 0.359483 0.464828 0.356897 0.241379 0.346034 0.233793 0.322759 0.226207 0.305172 0.222069 0.278793 0.21931 0.248276 0.218621 0.227586 0.22 0.215172 0.222069 0.206897 0.226207
6 0.206379 0.464828 0.209483 0.695172 0.223966 0.702069 0.246207 0.708276 0.270517 0.710345 0.291207 0.710345 0.318103 0.704828 0.344483 0.696552 0.359483 0.687586 0.364138 0.682069 0.363621 0.463448 0.322754 0.460354 0.239998 0.460372
6 0.0522414 0.228966 0.0486207 0.464138 0.203793 0.462069 0.206379 0.244828 0.188276 0.232414 0.15931 0.222759 0.123621 0.215862 0.0951724 0.213793 0.0703448 0.215862 0.0610345 0.22
6 0.042931 0.467586 0.0512069 0.706897 0.0636207 0.710345 0.0843103 0.711724 0.105 0.712414 0.139655 0.708966 0.176379 0.69931 0.204828 0.687586 0.214655 0.681379 0.214138 0.463448 0.183621 0.458621 0.169655 0.457931 0.150517 0.456552 0.133966 0.456552 0.112759 0.457241 0.0962069 0.457931 0.0801724 0.46069 0.062069 0.463448 0.0506897 0.464828
6 0.0555172 0.464138 0.052931 0.241379 0.0208621 0.231724 0.0012069 0.224828 0 0.222069 0 0.222069 0 0.222069 0 0.226207 0 0.231724 0 0.466897 0 0.472414 0 0.473793 0.037931 0.469655
