6 0.661482 0.304041 0.671584 0.461835 0.684092 0.4644 0.70093 0.4644 0.724503 0.462476 0.74086 0.459269 0.750962 0.456703 0.762989 0.454137 0.768762 0.44644 0.760103 0.30789 0.753368 0.293778 0.742784 0.290571 0.731238 0.288005 0.712476 0.289929 0.674471 0.300192
6 0.742784 0.157152 0.756735 0.300834 0.747114 0.305965 0.735568 0.311097 0.712476 0.313021 0.700449 0.314304 0.679763 0.313663 0.671584 0.313021 0.659076 0.309173 0.650898 0.162925 0.66966 0.150096 0.688903 0.143682 0.703335 0.139192 0.714881 0.13855 0.723541 0.139833 0.731238 0.143682 0.74086 0.150096
6 0.802437 0.175754 0.824567 0.3034 0.815908 0.311097 0.798589 0.31687 0.786081 0.322001 0.764913 0.32585 0.753368 0.32585 0.746632 0.324567 0.739897 0.323926 0.725465 0.185375 0.754811 0.169981 0.774535 0.165491 0.784157 0.165491 0.791854 0.168056 0.797146 0.169981
6 0.831783 0.314304 0.841886 0.451572 0.833226 0.456703 0.81687 0.459269 0.795221 0.45991 0.78127 0.45991 0.766838 0.459269 0.758659 0.454779 0.749038 0.31687 0.764913 0.306607 0.786081 0.29891 0.802437 0.298268 0.823605 0.3034
6 0.872194 0.198845 0.887588 0.319436 0.880372 0.329057 0.864978 0.329699 0.844772 0.332264 0.832264 0.332264 0.815908 0.328416 0.805324 0.32585 0.793297 0.200128 0.802437 0.195638 0.813021 0.191148 0.827935 0.185375 0.844772 0.183451 0.858724 0.186017 0.866421 0.190507
6 0.858242 0.21424 0.875561 0.206543 0.895767 0.20077 0.909237 0.20077 0.92415 0.20526 0.927518 0.209108 0.940988 0.329057 0.930404 0.336113 0.914529 0.337396 0.899134 0.339962 0.88374 0.341244 0.875561 0.338679 0.867864 0.336113
6 0.914529 0.221937 0.929923 0.347017 0.937139 0.347659 0.949166 0.349583 0.962636 0.350225 0.979474 0.345093 0.991501 0.33932 0.997755 0.336113 0.988133 0.220654 0.978512 0.211033 0.963117 0.206543 0.945799 0.207826 0.935215 0.209108 0.920301 0.214881
6 0.887107 0.319436 0.902983 0.450289 0.895767 0.45991 0.883258 0.462476 0.860167 0.4644 0.840924 0.465042 0.829859 0.45991 0.815908 0.320718 0.83034 0.316228 0.847659 0.313021 0.864978 0.311097 0.877967 0.311738
6 0.940988 0.329057 0.954939 0.454137 0.946761 0.462476 0.932328 0.4644 0.915972 0.466966 0.895285 0.465683 0.887107 0.462476 0.876042 0.337396 0.885664 0.330981 0.901539 0.327133 0.915972 0.32585 0.930404 0.327133
6 0.929442 0.339962 0.943874 0.457344 0.96408 0.456703 0.981879 0.459269 0.993906 0.457986 1 0.454779 1 0.452213 1 0.336754 0.985247 0.328416 0.96889 0.326491 0.956382 0.329057 0.943874 0.332264
6 0.809173 0.797947 0.827453 0.962155 0.818313 0.971135 0.7856 0.987813 0.762508 0.988454 0.733162 0.97755 0.719692 0.971135 0.702854 0.801155 0.711033 0.790892 0.7322 0.782553 0.752886 0.78127 0.779827 0.783194 0.788967 0.787684 0.798589 0.793457
6 0.871713 0.780629 0.891437 0.941629 0.872194 0.950609 0.842848 0.953175 0.816389 0.951892 0.801475 0.949968 0.793297 0.942912 0.780308 0.785119 0.789448 0.775497 0.810135 0.7678 0.827453 0.765234 0.841405 0.765234 0.85728 0.7678 0.864978 0.773573
6 0.894804 0.738935 0.903464 0.855677 0.920783 0.858242 0.932328 0.860167 0.946761 0.860167 0.958788 0.858242 0.970334 0.855035 0.976588 0.850545 0.981398 0.844131 0.974182 0.739577 0.973701 0.732521 0.963117 0.726106 0.947723 0.723541 0.933291 0.722258 0.918377 0.724824 0.907312 0.729314 0.900577 0.736369
6 0.831783 0.621552 0.836113 0.734445 0.850545 0.734445 0.873637 0.732521 0.886145 0.731238 0.883258 0.620911 0.87075 0.618345
