6 0.023086 0.606946 0.0343331 0.624309 0.0834649 0.638516 0.111878 0.637727 0.155091 0.624309 0.192384 0.603788 0.210142 0.586425 0.221981 0.568272 0.173441 0.243883 0.155091 0.233623 0.126677 0.227309 0.101223 0.22573 0.070442 0.226519 0.0372928 0.230466 0.00887924 0.235991 0 0.26914 0 0.293607
6 0.261247 0.827151 0.229282 0.583268 0.221586 0.572218 0.210931 0.564325 0.197316 0.561168 0.143449 0.557222 0.0996448 0.564325 0.0700474 0.571429 0.0463694 0.583268 0.0315706 0.592739 0.0250592 0.599842 0.0220994 0.616417 0.0185478 0.63457 0.027427 0.677979 0.0889897 0.888713 0.116811 0.921863 0.140489 0.926598 0.176598 0.921863 0.209155 0.90292 0.232833 0.880821 0.25 0.855564
6 0.179361 0.275454 0.216654 0.603788 0.231452 0.620363 0.249803 0.630624 0.272889 0.639305 0.299526 0.643252 0.327348 0.638516 0.371152 0.621942 0.395422 0.606156 0.410221 0.584846 0.401342 0.244672 0.381807 0.226519 0.333268 0.218627 0.301302 0.217048 0.272889 0.220205 0.244475 0.228887 0.21547 0.239148 0.193567 0.249408 0.186464 0.258879
6 0.413773 0.281768 0.419692 0.573007 0.429163 0.591949 0.44041 0.605367 0.456393 0.617995 0.474743 0.625888 0.517364 0.635359 0.548145 0.630624 0.569455 0.621942 0.605564 0.591949 0.606748 0.581689 0.632794 0.277822 0.623915 0.265193 0.600829 0.254144 0.570639 0.249408 0.536306 0.246251 0.493686 0.248619 0.454025 0.252565 0.430939 0.267561
6 0.771902 0.556433 0.744672 0.573007 0.706196 0.578532 0.647001 0.568272 0.631018 0.557222 0.616811 0.544594 0.602605 0.528019 0.623915 0.233623 0.643449 0.219416 0.668311 0.21547 0.705604 0.213102 0.752368 0.213102 0.766575 0.217837 0.797948 0.226519 0.810971 0.235201 0.813339 0.250197
6 0.838792 0.278611 0.794396 0.557222 0.807419 0.586425 0.82577 0.606946 0.860103 0.629834 0.902131 0.644041 0.91989 0.64562 0.960142 0.649566 0.981452 0.648777 0.993291 0.64562 1 0.638516 1 0.288871 1 0.269929 1 0.259669 1 0.251776 0.984412 0.240726 0.951855 0.232833 0.915746 0.227309 0.886148 0.227309 0.860103 0.229676 0.845896 0.233623
6 0.226717 0.606946 0.263418 0.840568 0.269929 0.858721 0.278808 0.873717 0.287687 0.883189 0.302486 0.891081 0.321429 0.894238 0.336227 0.895817 0.358721 0.888713 0.375888 0.880821 0.394238 0.869771 0.411997 0.853197 0.425612 0.832676 0.429163 0.811365 0.416732 0.568272 0.401934 0.54854 0.387135 0.538279 0.353394 0.529597 0.339187 0.52723 0.296567 0.530387 0.277032 0.534333 0.262826 0.542226 0.246251 0.556433 0.232044 0.574586 0.226125 0.585635
6 0.418508 0.585635 0.427388 0.82794 0.433899 0.843725 0.441002 0.859511 0.448106 0.872139 0.456393 0.880032 0.466456 0.885556 0.483031 0.895817 0.500789 0.899763 0.533938 0.895817 0.557024 0.887924 0.570639 0.872928 0.581886 0.861089 0.590766 0.843725 0.593133 0.810576 0.60438 0.585635 0.594317 0.564325 0.577743 0.553275 0.555249 0.546172 0.536898 0.541436 0.517956 0.542226 0.495462 0.542226 0.470008 0.543804 0.451066 0.550908 0.433899 0.560379 0.42206 0.573796
6 0.602013 0.562747 0.592541 0.801105 0.596093 0.818469 0.602605 0.835833 0.610892 0.853197 0.623323 0.872139 0.635754 0.880821 0.649961 0.887924 0.677782 0.897395 0.690213 0.899763 0.721586 0.894238 0.738161 0.887924 0.755919 0.865825 0.761839 0.850829 0.8015 0.590371 0.797356 0.566693 0.782557 0.542226 0.763023 0.530387 0.732242 0.522494 0.697908 0.520916 0.675414 0.520126 0.65292 0.523283 0.63161 0.531176 0.618587 0.541436
6 0.793804 0.556433 0.758287 0.814522 0.766575 0.836622 0.786701 0.865036 0.803867 0.877664 0.821034 0.890292 0.850631 0.90371 0.864838 0.908445 0.884373 0.909234 0.907459 0.906077 0.922257 0.898974 1 0.606156 1 0.592739 0.984412 0.574586 0.961918 0.55959 0.937056 0.546961 0.900947 0.533544 0.867206 0.528808 0.832281 0.534333 0.814522 0.539069
