6 0.912402 0.394263 0.909449 0.526997 0.922103 0.530371 0.937289 0.532621 0.958802 0.533746 0.971879 0.532621 0.983268 0.529246 0.987064 0.401012 0.979471 0.397638 0.968926 0.395388 0.957537 0.394263 0.944882 0.393701 0.936024 0.392576 0.920838 0.392576
6 0.924634 0.393701 0.922103 0.528684 0.920838 0.534308 0.85883 0.533746 0.841114 0.530371 0.822132 0.526997 0.825928 0.393701 0.839004 0.392013 0.860517 0.390889 0.874438 0.390326 0.885827 0.390326 0.913245 0.390326
6 0.833521 0.4027 0.829724 0.525309 0.809899 0.526997 0.792182 0.525309 0.769404 0.523622 0.771935 0.393701 0.800619 0.395388 0.811164 0.395951 0.822553 0.398763
6 0.794291 0.387514 0.789651 0.533746 0.787964 0.541057 0.7732 0.542745 0.756749 0.542182 0.737767 0.540495 0.710771 0.538808 0.698538 0.534308 0.699381 0.38189 0.715832 0.379078 0.731018 0.379078 0.753796 0.376828 0.769404 0.37739 0.781637 0.380202 0.790495 0.382452
6 0.875703 0.248594 0.876969 0.387514 0.866845 0.389201 0.852503 0.389201 0.834786 0.390326 0.824663 0.390326 0.818335 0.388639 0.815804 0.249156 0.835208 0.247469 0.861361 0.245782
6 0.788386 0.227222 0.786699 0.38189 0.774044 0.385264 0.752953 0.385827 0.73608 0.385264 0.723847 0.384139 0.708661 0.38189 0.694319 0.378515 0.697272 0.220472 0.719629 0.214848 0.731018 0.213723 0.756749 0.213161 0.771935 0.214848 0.782058 0.217098
6 0.713723 0.385827 0.708661 0.54387 0.70613 0.550619 0.688414 0.552868 0.660152 0.552306 0.617548 0.547244 0.608268 0.54387 0.609955 0.380765 0.631468 0.379078 0.645388 0.378515 0.673228 0.376828 0.68293 0.379078 0.698116 0.380765
6 0.62725 0.380765 0.620922 0.554556 0.598566 0.56243 0.551744 0.562992 0.512514 0.551181 0.506187 0.547807 0.508296 0.371766 0.530231 0.370641 0.558071 0.370079 0.574522 0.370641 0.60194 0.371766 0.618391 0.375141
6 0.621344 0.20135 0.617126 0.374016 0.599831 0.376828 0.573256 0.37739 0.542885 0.378515 0.522638 0.376828 0.506187 0.374016 0.493532 0.370079 0.499438 0.192913 0.519685 0.187852 0.536558 0.183352 0.549213 0.181665 0.566929 0.181102 0.585911 0.181102 0.595613 0.183352 0.607424 0.188414
6 0.966817 0.616423 0.974409 0.758155 0.959224 0.763217 0.93982 0.766592 0.914933 0.764904 0.895951 0.759843 0.887092 0.755343 0.875703 0.750281 0.870641 0.598425 0.890467 0.595051 0.91198 0.593363 0.931384 0.591676 0.952897 0.594488 0.964708 0.596738
6 0.889201 0.61811 0.88667 0.767154 0.879499 0.770529 0.866845 0.772216 0.850394 0.773341 0.836474 0.772216 0.819601 0.766592 0.804415 0.760405 0.79176 0.753656 0.79176 0.602925 0.81707 0.595051 0.834786 0.591676 0.845332 0.592801 0.856721 0.593363 0.868954 0.595051 0.876547 0.600112 0.885827 0.608549
6 0.978206 0.76153 0.975675 0.930259 0.971879 0.935883 0.960067 0.93757 0.945304 0.938695 0.933493 0.939258 0.915776 0.935321 0.901012 0.928571 0.889201 0.920697 0.884139 0.913386 0.884139 0.751406 0.891732 0.743532 0.904387 0.740157 0.919994 0.739595 0.936024 0.737908 0.951209 0.741282 0.962598 0.743532 0.974409 0.753656
6 0.916198 0.776715 0.910714 0.950506 0.906918 0.957818 0.897216 0.96288 0.877812 0.96288 0.860517 0.96288 0.842379 0.957255 0.832255 0.947694 0.825928 0.940945 0.82635 0.769966 0.84027 0.759843 0.852925 0.75703 0.867688 0.75703 0.880765 0.758155 0.890889 0.760405 0.90734 0.766592
6 0.856721 0.804274 0.855034 0.983127 0.849972 0.991564 0.841535 0.99775 0.824663 1 0.806102 1 0.787542 0.999438 0.766451 0.988189 0.741985 0.966817 0.746204 0.791339 0.752109 0.776715 0.772357 0.769966 0.80104 0.771091 0.833099 0.781215 0.849972 0.796963
6 0.777757 0.817615 0.774968 1 0.768693 1 0.756143 1 0.742895 1 0.726859 1 0.708034 1 0.687814 1 0.675961 1 0.671081 1 0.671081 0.813896 0.67875 0.806459 0.692695 0.799022 0.71152 0.797163 0.729648 0.797163 0.742198 0.798092 0.75684 0.799952 0.765904 0.80367 0.773573 0.809248
6 0.694787 0.846433 0.691998 1 0.678053 1 0.662714 1 0.643192 1 0.621578 1 0.610422 1 0.598569 1 0.586019 1 0.579744 1 0.579047 0.827841 0.593689 0.813896 0.602753 0.809248 0.616697 0.805529 0.629247 0.8046 0.65365 0.802741 0.67387 0.807389 0.682934 0.813896 0.687814 0.821333 0.694787 0.83063
6 0.699667 0.645632 0.693392 0.848293 0.683631 0.85573 0.671778 0.859448 0.659925 0.863167 0.639706 0.862237 0.624367 0.862237 0.606239 0.8548 0.589505 0.843645 0.574166 0.83063 0.579047 0.632617 0.596478 0.627039 0.610422 0.62518 0.62855 0.622391 0.641797 0.622391 0.663411 0.622391 0.672475 0.623321 0.684328 0.62611 0.692695 0.630758 0.698273 0.635406
6 0.597175 0.653999 0.594386 0.877111 0.581139 0.892915 0.566497 0.898493 0.540002 0.901282 0.511416 0.896634 0.486316 0.886408 0.473766 0.878041 0.479343 0.642843 0.491894 0.637265 0.516297 0.629828 0.532333 0.62611 0.54558 0.62518 0.571377 0.629828 0.581139 0.633547 0.592991 0.645632
6 0.592991 0.875252 0.592991 1 0.584625 1 0.569983 1 0.55325 1 0.526058 1 0.508627 1 0.500958 1 0.489105 1 0.48283 1 0.482132 0.870604 0.494682 0.860378 0.506535 0.85573 0.521874 0.849222 0.530241 0.848293 0.541397 0.848293 0.551158 0.847363 0.560222 0.851082 0.567891 0.852941 0.575561 0.856659 0.581836 0.863167 0.586716 0.869674
6 0.486316 0.688395 0.484224 0.899423 0.471674 0.918945 0.464004 0.924523 0.459124 0.929171 0.448666 0.93289 0.428446 0.939397 0.409621 0.940327 0.392887 0.940327 0.384521 0.936608 0.367787 0.93196 0.353145 0.924523 0.345476 0.918945 0.350357 0.680029 0.362907 0.665154 0.376851 0.655858 0.39219 0.65028 0.407529 0.648421 0.421474 0.648421 0.438904 0.649351 0.454243 0.65121 0.46261 0.656788 0.473068 0.665154 0.479343 0.673521
6 0.357329 0.680958 0.362907 0.942186 0.35942 0.947764 0.346173 0.95799 0.32944 0.968216 0.321073 0.972864 0.30434 0.980301 0.287606 0.98309 0.245772 0.986808 0.231131 0.98309 0.217186 0.979371 0.202544 0.971005 0.196967 0.967286 0.194875 0.686536 0.212306 0.672592 0.242286 0.661436 0.278542 0.653999 0.307128 0.653069 0.322467 0.656788 0.339201 0.662366 0.351751 0.668873
6 0.206728 0.710707 0.208122 0.988668 0.187205 1 0.162105 1 0.14328 1 0.120272 1 0.0965659 1 0.0742547 1 0.0561268 1 0.0366044 1 0.0233571 1 0.0233571 0.713496 0.0400905 0.692114 0.0617046 0.67631 0.0888964 0.665154 0.107024 0.660506 0.143977 0.660506 0.164197 0.664225 0.174655 0.667943 0.185114 0.67631 0.199058 0.687466 0.206728 0.693973
6 0.747845 0.630952 0.747229 0.804187 0.73984 0.811576 0.722599 0.818966 0.705973 0.82225 0.690579 0.819787 0.675185 0.815681 0.662869 0.809113 0.660406 0.630952 0.66718 0.618637 0.677032 0.614532 0.686268 0.610427 0.715825 0.608785 0.728756 0.611248 0.738608 0.616174 0.743534 0.619458
