6 0.183774 0.375141 0.155934 0.389764 0.123031 0.396513 0.0829584 0.401575 0.0374016 0.399888 0.0095613 0.392013 0 0.369516 0 0.101237 0 0.0978628 0.0433071 0.0933633 0.0867548 0.091676 0.125984 0.091676 0.147075 0.0950506
6 0.0787402 0.751406 0.0589145 0.775028 0.0399325 0.785152 0.0120922 0.79865 0 0.80315 0 0.803712 0 0.794713 0 0.569179 0 0.56243 0 0.547244 0 0.539933 0 0.533183 0.0154668 0.532058 0.0348706 0.533746 0.0496344 0.533746 0.0546963 0.535433 0.0842238 0.744094
6 0.128515 0.943195 0.0964567 0.759843 0.0918166 0.727784 0.0825366 0.725534 0.0572272 0.727784 0.0361361 0.733971 0.0095613 0.742407 0 0.749156 0 0.76153 0 0.776153 0 0.7964 0 0.813273 0 0.995501 0.00407438 1 0.030569 1 0.057743 1 0.0801615 1 0.0978245 0.99185
6 0.149873 0.105174 0.183746 0.376153 0.190242 0.38667 0.208338 0.394094 0.243138 0.399663 0.279795 0.400281 0.309955 0.396569 0.335475 0.384814 0.353107 0.371822 0.355891 0.361305 0.342435 0.0934196 0.308563 0.0866142 0.266803 0.0847582 0.225506 0.0859955 0.190242 0.0915636
6 0.341971 0.0977503 0.354963 0.366254 0.364244 0.381102 0.38698 0.392238 0.415748 0.397807 0.44962 0.396569 0.470501 0.395951 0.494165 0.389145 0.510869 0.379246 0.521541 0.364398 0.524789 0.0934196 0.496485 0.0866142 0.457972 0.0829021 0.425956 0.0841395 0.400436 0.0847582 0.369812 0.0903262
6 0.524789 0.0934196 0.521541 0.368729 0.532677 0.382958 0.548453 0.390382 0.57351 0.395951 0.59671 0.397807 0.620374 0.398425 0.639862 0.395951 0.662134 0.391001 0.675127 0.379865 0.685799 0.364398 0.707143 0.1027 0.686786 0.0950585 0.655174 0.0897075 0.599494 0.0859955 0.558197 0.0847582
6 0.709463 0.0996063 0.684871 0.363161 0.705287 0.376153 0.733127 0.38667 0.766535 0.391001 0.79716 0.392238 0.826856 0.387289 0.847272 0.371822 0.886249 0.1027 0.857016 0.0952756 0.812936 0.0884702 0.770711 0.0897075 0.741479 0.0915636
6 0.887641 0.105174 0.84588 0.363161 0.858408 0.373678 0.877897 0.382958 0.908985 0.389145 0.936825 0.392857 0.973945 0.394094 0.992042 0.390382 1 0.381102 1 0.114454 1 0.103318 0.986474 0.0940382 0.957241 0.0903262 0.924297 0.0903262
6 0.0487205 0.515354 0.0821288 0.765298 0.0918729 0.778909 0.116929 0.790045 0.151265 0.791901 0.187458 0.780765 0.212978 0.764061 0.232466 0.743645 0.243602 0.72694 0.225506 0.501744 0.192098 0.491226 0.154049 0.487514 0.118321 0.488751 0.0960489 0.494319 0.0658886 0.506074
6 0.229218 0.537008 0.241746 0.745501 0.248706 0.760349 0.264483 0.777053 0.293251 0.785714 0.322483 0.785714 0.341971 0.782002 0.364708 0.769629 0.381412 0.754781 0.394868 0.732508 0.387908 0.511642 0.365636 0.504218 0.336867 0.501744 0.309027 0.500506 0.282115 0.502362 0.258915 0.509168 0.240818 0.522778
6 0.397652 0.505456 0.394868 0.719516 0.399508 0.737458 0.41482 0.756018 0.441268 0.765298 0.470037 0.76901 0.492773 0.769629 0.508085 0.763442 0.524789 0.754781 0.535461 0.741789 0.541493 0.733746 0.545669 0.506074 0.524789 0.493082 0.496949 0.486895 0.478389 0.485658 0.457972 0.485039 0.432916 0.488751 0.413428 0.494319
6 0.549381 0.5036 0.543813 0.730034 0.552629 0.746738 0.570262 0.764061 0.598566 0.778909 0.618054 0.783858 0.645894 0.786333 0.664918 0.780146 0.681623 0.764061 0.691831 0.739933 0.715495 0.514736 0.695543 0.500506 0.664918 0.490607 0.63847 0.486895 0.612022 0.485039 0.581862 0.48937 0.560517 0.496794
6 0.709927 0.501744 0.689047 0.717042 0.701111 0.72694 0.722455 0.739314 0.740087 0.747357 0.762359 0.749213 0.78092 0.748594 0.801336 0.741789 0.815256 0.725084 0.826856 0.705906 0.85052 0.49865 0.826856 0.485658 0.798552 0.477615 0.77396 0.475759 0.752615 0.476378 0.730807 0.48009
6 0.861656 0.483183 0.824072 0.697244 0.8366 0.715804 0.856088 0.735602 0.882073 0.754781 0.908521 0.765298 0.932649 0.769629 0.960489 0.767154 0.977193 0.756637 0.985082 0.745501 1 0.494938 1 0.474522 0.971625 0.464623 0.940537 0.460911 0.912697 0.46153 0.887641 0.465242
6 0.0941929 0.75973 0.126673 0.956468 0.139201 0.983071 0.166578 0.997919 0.197202 0.997919 0.219474 0.984927 0.24221 0.965748 0.258451 0.949044 0.265411 0.93234 0.245922 0.71766 0.222258 0.705906 0.192098 0.702193 0.165186 0.706524 0.142913 0.715186 0.121105 0.724466 0.105793 0.743026
6 0.247778 0.752925 0.267267 0.951519 0.275155 0.971935 0.294643 0.990495 0.310419 0.997919 0.331299 0.997919 0.353107 0.991732 0.367492 0.982452 0.385124 0.963892 0.397652 0.938526 0.40322 0.919966 0.392548 0.724466 0.37306 0.713948 0.349395 0.71333 0.316915 0.71333 0.294643 0.71766 0.275155 0.728796
6 0.39626 0.733746 0.404612 0.934196 0.411572 0.953375 0.425492 0.971316 0.44962 0.986783 0.473285 0.989876 0.499269 0.983071 0.517365 0.970079 0.528965 0.9509 0.537317 0.929246 0.539637 0.732508 0.528501 0.715804 0.503445 0.706524 0.478853 0.702812 0.457972 0.704049 0.434308 0.712092 0.41482 0.719516
6 0.542421 0.73189 0.537317 0.921822 0.538709 0.934196 0.546597 0.954612 0.563765 0.971935 0.584182 0.984308 0.613878 0.993588 0.634758 0.98802 0.652854 0.976884 0.667702 0.954612 0.672343 0.926772 0.685799 0.748594 0.66631 0.734364 0.635686 0.719516 0.595782 0.713948 0.570726 0.71766
6 0.690439 0.723228 0.669094 0.919348 0.683479 0.94162 0.709927 0.96018 0.736839 0.973791 0.752148 0.974118 0.768391 0.970079 0.790664 0.956468 0.797544 0.940958 0.799016 0.928628 0.829176 0.726322 0.812472 0.709618 0.785096 0.694769 0.753079 0.689201 0.726167 0.695388 0.705287 0.707762
6 0.830568 0.71333 0.800408 0.914398 0.809688 0.930484 0.824072 0.949663 0.846344 0.963892 0.859457 0.973374 0.875112 0.97874 0.895529 0.984308 0.917337 0.97874 0.929401 0.968223 0.939609 0.943476 0.985082 0.744882 0.968841 0.723228 0.933577 0.711474 0.907129 0.705906 0.879753 0.704049 0.85284 0.704668
