6 0.00133809 0.126673 0.030107 0.130241 0.0528546 0.133809 0.0849688 0.138269 0.101695 0.143622 0.109723 0.149866 0.1124 0.223015 0.113069 0.279215 0.113738 0.32471 0.0909902 0.32471 0.0528546 0.321142 0.0240856 0.318466 0.00535236 0.318466 0.00267618 0.317574 0 0.24975
6 0.113886 0.147852 0.135614 0.143856 0.158841 0.142857 0.18956 0.14985 0.214286 0.154845 0.234515 0.163836 0.240509 0.170829 0.240509 0.245754 0.241232 0.336305 0.241259 0.33966 0.206793 0.335664 0.131868 0.332667 0.118382 0.328671
6 0.240509 0.165834 0.301199 0.162837 0.321429 0.165834 0.339411 0.173826 0.346903 0.176823 0.349151 0.183816 0.352148 0.230769 0.3499 0.322677 0.350649 0.341658 0.328172 0.342657 0.289211 0.342657 0.261489 0.341658 0.246605 0.339231 0.243109 0.337112
6 0.460077 0.190779 0.454504 0.251875 0.453885 0.314622 0.453885 0.343519 0.487942 0.343519 0.530048 0.34517 0.546767 0.341042 0.547386 0.306366 0.55234 0.247747 0.550483 0.213897 0.551102 0.194082 0.533764 0.184174 0.507137 0.182523 0.473081 0.185
6 0.657607 0.204815 0.691044 0.201512 0.713955 0.201512 0.729436 0.203989 0.743678 0.21142 0.740582 0.226281 0.736866 0.281598 0.73377 0.313797 0.730674 0.345996 0.730674 0.355078 0.717052 0.355078 0.686091 0.357555 0.657607 0.35095 0.648319 0.35095 0.653343 0.284335
6 0.833916 0.217782 0.84965 0.214785 0.866134 0.213786 0.888696 0.216748 0.902001 0.21743 0.909166 0.221524 0.894325 0.36072 0.882043 0.360037 0.855944 0.360037 0.835986 0.360037 0.821657 0.359355 0.81961 0.355261
6 0.829919 0.363352 0.909291 0.366354 0.897469 0.500705 0.887337 0.505959 0.876078 0.505959 0.858065 0.506709 0.845681 0.505208 0.831607 0.501455 0.824289 0.498453 0.816971 0.496952 0.823135 0.433038
6 0.742103 0.36185 0.731407 0.49395 0.751109 0.502956 0.777004 0.505959 0.798395 0.505959 0.814157 0.502206 0.818097 0.477437 0.827667 0.363352 0.789951 0.363352
6 0.652598 0.358848 0.671174 0.360349 0.693691 0.359599 0.724089 0.360349 0.738725 0.36185 0.736473 0.40163 0.72803 0.500705 0.721837 0.50821 0.702135 0.50821 0.678492 0.505959 0.657101 0.501455 0.645843 0.497703 0.646969 0.438408 0.649783 0.395626
6 0.55859 0.350592 0.576603 0.354345 0.598557 0.355095 0.622763 0.356596 0.641902 0.355846 0.648657 0.356596 0.644154 0.496201 0.642465 0.502956 0.632896 0.50746 0.614882 0.508961 0.593491 0.50746 0.570974 0.505208 0.555212 0.500705 0.551835 0.496201
6 0.45793 0.346749 0.495542 0.349841 0.524251 0.350592 0.549583 0.351342 0.555212 0.353594 0.550146 0.499204 0.542828 0.505959 0.533821 0.511213 0.522 0.512714 0.480343 0.50746 0.463456 0.499954 0.455575 0.49395
6 0.358142 0.345654 0.355902 0.495897 0.36409 0.504085 0.385072 0.508862 0.409636 0.510909 0.426523 0.509544 0.443411 0.506815 0.454533 0.499627 0.456717 0.350561 0.449691 0.349713 0.443006 0.349395 0.430353 0.349713 0.40457 0.348758 0.379503 0.347485
6 0.242447 0.342293 0.244989 0.499476 0.264055 0.510068 0.288204 0.515152 0.323475 0.51261 0.339998 0.510068 0.352709 0.500747 0.355886 0.34653 0.352709 0.344412 0.346036 0.344412 0.338092 0.344412 0.331419 0.343564 0.31998 0.343564 0.301868 0.343988 0.279625 0.343988 0.257382 0.342717
6 0.116934 0.335938 0.124242 0.509645 0.14299 0.515576 0.169046 0.516847 0.196373 0.515576 0.216074 0.514729 0.23069 0.511763 0.240541 0.505831 0.243083 0.500324 0.240859 0.34187 0.233868 0.339751 0.222429 0.339328 0.209719 0.337633 0.197008 0.336362 0.181121 0.337209 0.165233 0.336786 0.152523 0.336786 0.139812 0.335091 0.124878 0.33382 0.120429 0.333396
6 0.000953266 0.320686 0.0127102 0.321533 0.028598 0.32111 0.0495699 0.321957 0.0670464 0.32577 0.0851585 0.326194 0.0978687 0.327041 0.109943 0.330854 0.115345 0.332549 0.1217 0.498629 0.114392 0.502866 0.103588 0.506679 0.085794 0.50795 0.0711772 0.510068 0.0540184 0.509645 0.0387662 0.510492 0.0257382 0.510492 0.0120747 0.509645 0.00254204 0.50795 0.000953266 0.507526
6 0.360252 0.101115 0.371749 0.0983903 0.384268 0.098731 0.399596 0.098731 0.415181 0.100775 0.421823 0.104522 0.424634 0.110994 0.422334 0.23635 0.407516 0.241119 0.386567 0.239757 0.369705 0.239757 0.363574 0.236691 0.359741 0.232944
6 0.427188 0.111335 0.43613 0.109291 0.447627 0.10861 0.455547 0.10861 0.465511 0.109972 0.474452 0.111335 0.483139 0.112697 0.489526 0.116444 0.492336 0.122235 0.491988 0.159628 0.491291 0.175112 0.49013 0.200815 0.488968 0.230234 0.488504 0.249434 0.483394 0.258724 0.467833 0.258724 0.437175 0.255008 0.429976 0.254079 0.425098 0.251911
6 0.116423 0.624802 0.12103 0.778021 0.107339 0.790434 0.0815994 0.802117 0.0575029 0.807228 0.03724 0.81234 0.0164294 0.81234 0.000547647 0.806498 0.00109529 0.604234 0.0153341 0.600583 0.0377876 0.600583 0.0602411 0.601313 0.0887188 0.603504 0.112268 0.607155 0.115553 0.607155
6 0.112815 0.601313 0.117744 0.788243 0.139102 0.805038 0.170866 0.810149 0.20482 0.802117 0.228916 0.784592 0.238774 0.77437 0.239869 0.681635 0.240965 0.62614 0.239322 0.598392 0.231107 0.58963 0.209201 0.584519 0.185652 0.583058 0.164294 0.583788 0.142388 0.586709 0.125411 0.593281
6 0.239869 0.600583 0.240417 0.769258 0.245346 0.783132 0.274371 0.791164 0.306682 0.791894 0.33735 0.779481 0.350494 0.766337 0.350494 0.740781 0.351042 0.698429 0.352137 0.658999 0.351589 0.62687 0.352137 0.604234 0.350494 0.59109 0.333517 0.585979 0.312159 0.583788 0.285324 0.585249 0.26287 0.58817 0.246441 0.593281
6 0.354327 0.607885 0.352137 0.756115 0.361994 0.768528 0.377329 0.77583 0.397592 0.77729 0.423879 0.7751 0.440856 0.769988 0.454547 0.760496 0.455642 0.742971 0.457833 0.690397 0.460023 0.653887 0.460023 0.622489 0.460571 0.596932 0.44688 0.5889 0.424426 0.585249 0.39321 0.585249 0.370757 0.5889 0.358709 0.591821 0.354327 0.595472
6 0.460571 0.593281 0.457833 0.744432 0.468786 0.756845 0.489049 0.760496 0.514788 0.761956 0.54217 0.757575 0.552576 0.750273 0.554766 0.678714 0.554766 0.632712 0.554766 0.596202 0.554218 0.576487 0.543266 0.570645 0.520812 0.567724 0.501097 0.567724 0.481381 0.569915 0.4655 0.575756 0.460023 0.580868
6 0.557504 0.575026 0.554766 0.742241 0.554218 0.750273 0.572291 0.761226 0.59803 0.767068 0.620484 0.765607 0.643485 0.759766 0.651152 0.750273 0.653343 0.669952 0.654985 0.62687 0.654438 0.587439 0.65389 0.569915 0.63308 0.566264 0.596387 0.561883 0.573386 0.562613 0.560243 0.567724
6 0.650604 0.564073 0.644033 0.727637 0.661557 0.740781 0.687297 0.745162 0.711941 0.73932 0.722346 0.730558 0.732204 0.561883 0.717417 0.554581 0.696059 0.55312 0.677439 0.55166 0.662653 0.555311
6 0.731656 0.564073 0.725632 0.717414 0.739871 0.733479 0.755205 0.74005 0.774372 0.743701 0.79354 0.746622 0.819279 0.73932 0.823113 0.728367 0.832971 0.575026 0.826947 0.568454 0.807779 0.561152 0.790802 0.557501 0.767253 0.556771 0.749728 0.558962
6 0.0996717 0.99854 0.113363 0.987587 0.122673 0.972983 0.124316 0.956918 0.12103 0.795545 0.119935 0.779481 0.100767 0.765607 0.0783135 0.762686 0.054217 0.761956 0.0350494 0.764877 0.0208106 0.769258 0.00492882 0.772909 2.28983e-18 0.778751 0.000547647 1
6 0.120482 0.799196 0.126506 0.976634 0.135816 0.990507 0.142388 0.997079 0.157175 0.99854 0.175247 0.99854 0.191676 0.995619 0.21413 0.984666 0.23494 0.969332 0.243703 0.953267 0.241512 0.788243 0.240965 0.778021 0.23494 0.769988 0.210296 0.764147 0.186748 0.765607 0.163199 0.768528 0.13965 0.772909 0.126506 0.780941 0.120482 0.788243
6 0.242607 0.790434 0.242607 0.938664 0.244798 0.950347 0.251917 0.959839 0.259037 0.965681 0.268347 0.970792 0.284229 0.971522 0.301206 0.969332 0.326397 0.959839 0.343374 0.943775 0.349946 0.935013 0.350494 0.911646 0.352137 0.786053 0.351589 0.768528 0.343374 0.759035 0.330779 0.753924 0.308325 0.748813 0.286419 0.749543 0.274371 0.753924 0.262323 0.759766 0.254656 0.766337 0.246441 0.77437
6 0.353232 0.768528 0.351042 0.923329 0.356518 0.940854 0.368566 0.951077 0.394306 0.957649 0.424426 0.955458 0.438117 0.945235 0.450713 0.915297 0.452904 0.847389 0.454547 0.784592 0.45619 0.761956 0.450713 0.750273 0.433736 0.746622 0.40964 0.742241 0.384448 0.742241 0.365828 0.746622 0.354875 0.753194
6 0.452904 0.743701 0.44907 0.914567 0.466595 0.935743 0.489596 0.940854 0.509311 0.940854 0.534503 0.931362 0.546004 0.917488 0.548742 0.900693 0.552576 0.742971 0.541623 0.729828 0.523003 0.725446 0.50493 0.724716 0.481929 0.724716 0.464404 0.729097 0.457833 0.734939
6 0.550588 0.742923 0.545609 0.904049 0.564618 0.92336 0.588606 0.931808 0.609426 0.931808 0.628888 0.92698 0.636582 0.91129 0.640203 0.896204 0.644276 0.777321 0.646992 0.747147 0.644729 0.735681 0.62753 0.725422 0.610784 0.721198 0.581365 0.720595 0.56145 0.724215 0.553756 0.72844
6 0.731176 0.732664 0.721671 0.894393 0.717597 0.904049 0.697683 0.914911 0.685915 0.916118 0.66057 0.908876 0.646539 0.900428 0.635224 0.891376 0.631151 0.881117 0.636582 0.766458 0.638845 0.736285 0.640203 0.723008 0.653781 0.718181 0.667811 0.71456 0.681389 0.713956 0.690894 0.713956 0.702209 0.717577 0.711714 0.720595 0.718503 0.724819 0.726197 0.73025
6 0.722123 0.73025 0.713524 0.873875 0.722576 0.887152 0.737512 0.897411 0.750185 0.902842 0.767384 0.905859 0.78413 0.907669 0.799066 0.903445 0.809928 0.89379 0.810381 0.881117 0.816717 0.796631 0.818527 0.769475 0.82079 0.748354 0.821243 0.735078 0.814454 0.722405 0.798613 0.71637 0.776888 0.713353 0.762858 0.710939 0.744301 0.712146 0.727102 0.71637 0.722123 0.718784
