6 0.733966 0.37931 0.757759 0.742759 0.784138 0.751724 0.821379 0.758621 0.846207 0.761379 0.871552 0.761379 0.902586 0.764828 0.932586 0.763448 0.957414 0.761379 0.98431 0.757931 0.998276 0.749655 0.947069 0.353793 0.933621 0.33931 0.915 0.330345 0.889655 0.326207 0.861724 0.326207 0.84 0.327586 0.801207 0.336552 0.783103 0.343448 0.756724 0.358621 0.742313 0.369151
6 0.536897 0.36 0.532759 0.731034 0.549828 0.737241 0.577241 0.744138 0.591724 0.746897 0.602586 0.748276 0.623276 0.750345 0.646552 0.751034 0.667759 0.753103 0.691034 0.751724 0.716379 0.750345 0.749483 0.746207 0.763448 0.74 0.741724 0.356552 0.733448 0.344138 0.721034 0.333103 0.693621 0.322759 0.667759 0.318621 0.641897 0.315862 0.620172 0.32 0.599483 0.324138 0.577241 0.331034 0.56069 0.34 0.547759 0.347586
6 0.533793 0.105517 0.535862 0.367586 0.555517 0.378621 0.580862 0.384828 0.604138 0.388966 0.633621 0.389655 0.646034 0.388966 0.661034 0.385517 0.683276 0.37931 0.698793 0.368966 0.706034 0.361379 0.69569 0.123448 0.691034 0.108966 0.678103 0.0931034 0.664138 0.0827586 0.647069 0.0744828 0.627931 0.0710345 0.600517 0.0724138 0.586552 0.0758621 0.572069 0.082069 0.557586 0.0889655 0.547241 0.0944828
6 0.856034 0.204828 0.888621 0.464138 0.908276 0.473793 0.918621 0.482069 0.940345 0.484828 0.962069 0.488276 0.99 0.488966 1 0.481379 1 0.472414 1 0.46 1 0.448276 1 0.43931 1 0.128966 1 0.122069 1 0.12 0.986897 0.12069 0.966207 0.123448 0.936724 0.128966 0.918103 0.137931 0.896897 0.151034 0.87931 0.165517 0.866897 0.17931 0.859138 0.191724
6 0.333621 0.346897 0.303103 0.717241 0.326379 0.729655 0.354828 0.737241 0.375517 0.74069 0.398276 0.743448 0.424138 0.744138 0.454655 0.744828 0.485172 0.742759 0.51 0.737931 0.523966 0.734483 0.537931 0.357931 0.525 0.33931 0.503276 0.31931 0.48 0.308966 0.45931 0.303448 0.439138 0.3 0.411724 0.298621 0.385862 0.302069 0.357414 0.311724 0.346552 0.322069 0.336207 0.333793
6 0.542759 0.363448 0.549483 0.0634483 0.541724 0.0365517 0.530345 0.0193103 0.518966 0.00758621 0.496724 0 0.481724 0 0.449138 0 0.430517 0 0.408276 0 0.389138 0.0124138 0.378793 0.0289655 0.37 0.0468966 0.335345 0.345517 0.352414 0.370345 0.372069 0.386207 0.395862 0.395862 0.421724 0.401379 0.445517 0.405517 0.463621 0.405517 0.48431 0.403448 0.497241 0.398621 0.516897 0.389655 0.530345 0.37931 0.538621 0.369655
6 0.328621 0.354483 0.364828 0.0724138 0.360172 0.0524138 0.351379 0.0317241 0.336897 0.0151724 0.324483 0.00551724 0.306379 0 0.284138 0 0.262414 0 0.221034 0 0.200345 0 0.181724 0 0.16931 0.0151724 0.10931 0.308966 0.120172 0.328276 0.137241 0.351034 0.155345 0.366897 0.178103 0.378621 0.207069 0.388966 0.232414 0.394483 0.260345 0.395862 0.287759 0.389655 0.312069 0.375862 0.322931 0.366897
6 0.30431 0.714483 0.337414 0.348966 0.322931 0.337931 0.300172 0.322759 0.275345 0.309655 0.254138 0.30069 0.225172 0.291034 0.200345 0.285517 0.178103 0.284828 0.157414 0.287586 0.131034 0.295862 0.12431 0.303448 0.114483 0.32069 0.0555172 0.709655 0.0705172 0.721379 0.0948276 0.731724 0.127931 0.737241 0.16 0.74069 0.184828 0.742759 0.218966 0.742759 0.245862 0.74 0.271207 0.733793 0.287759 0.726207
6 0.0617241 0.711724 0.122759 0.336552 0.101034 0.312414 0.0803448 0.29931 0.0560345 0.284828 0.0358621 0.273793 0.0131034 0.263448 0 0.25931 0 0.254483 0 0.26069 0 0.271724 0 0.670345 0 0.682759 0 0.697931 0 0.708966 0 0.715862 0 0.72069 0 0.725517 0 0.728966 0.0105172 0.726897 0.0306897 0.726207 0.0472414 0.72069
6 0.12069 0.328276 0.175517 0.0372414 0.167759 0.0262069 0.156897 0.0124138 0.143448 0.000689655 0.132069 0 0.113448 0 0.0906897 0 0.07 0 0.0441379 0 0.0275862 0 0.00844828 0 0 0.251724 0 0.276552 0 0.295862 0 0.312414 0 0.332414 0.00224138 0.344828 0.0312069 0.353103 0.0586207 0.353793 0.0762069 0.351724 0.0906897 0.347586 0.103103 0.342069
