6 0.000481078 0.0744067 0.0490699 0.0801796 0.103913 0.0923669 0.12508 0.0987813 0.133258 0.106479 0.152021 0.454779 0.130853 0.463117 0.0452213 0.470173 0.0139513 0.472739 0 0.470173
6 0.122194 0.0667094 0.133258 0.457344 0.143361 0.465683 0.171264 0.475946 0.243425 0.477229 0.324246 0.4644 0.335311 0.451572 0.337235 0.0987813 0.3127 0.0885183 0.271328 0.0756895 0.208788 0.0654266 0.171264 0.0602951 0.144804 0.0602951
6 0.338679 0.0859525 0.329538 0.449647 0.352149 0.461835 0.379089 0.465683 0.412284 0.468249 0.462316 0.470815 0.508018 0.465683 0.527742 0.239897 0.529666 0.191148 0.53111 0.126363 0.530148 0.105196 0.510423 0.0885183 0.465683 0.0718409 0.428159 0.0654266 0.386786 0.0667094 0.355035 0.0718409
6 0.523894 0.0955741 0.51764 0.462476 0.539769 0.480436 0.58932 0.490058 0.641758 0.491341 0.67399 0.492623 0.700449 0.485568 0.709108 0.475305 0.737011 0.100706 0.717768 0.091084 0.686017 0.0846697 0.627806 0.0821039 0.58932 0.0833868 0.559974 0.0878768
6 0.726427 0.110327 0.763951 0.105196 0.819756 0.100706 0.847659 0.101347 0.87941 0.105196 0.903464 0.11161 0.868345 0.4644 0.849583 0.475305 0.801475 0.478512 0.742784 0.472097 0.719692 0.470173 0.706703 0.463117
6 0.902502 0.118024 0.871713 0.457986 0.889031 0.472739 0.911161 0.480436 0.927518 0.483002 0.953496 0.486209 0.989096 0.490699 0.999679 0.490058 0.998717 0.101347 0.974182 0.10263 0.941469 0.103271 0.911161 0.110969
6 0 0.463117 0.043297 0.457344 0.080821 0.451572 0.102951 0.450289 0.122194 0.449647 0.140475 0.449006 0.148653 0.452854 0.169339 0.756895 0.145285 0.776139 0.121232 0.787684 0.0760103 0.806286 0.0461835 0.809493 0.025016 0.812059 0.0158756 0.80821 0.00673509 0.806286 0 0.804362
6 0.137107 0.461835 0.162123 0.78576 0.177999 0.804362 0.189545 0.813342 0.212636 0.817191 0.241501 0.815908 0.277582 0.808852 0.306928 0.793457 0.330981 0.777421 0.342527 0.755613 0.341084 0.70109 0.330981 0.505452 0.32569 0.457986 0.303079 0.451572 0.273733 0.449647 0.252566 0.449647 0.206863 0.449647 0.179442 0.454137 0.159718 0.457986
6 0.333387 0.463117 0.341084 0.778704 0.35696 0.796665 0.372354 0.805645 0.389192 0.810776 0.407954 0.813342 0.432008 0.815908 0.462797 0.810776 0.48204 0.797947 0.503207 0.782553 0.512829 0.764593 0.514272 0.734445 0.51764 0.495831 0.51764 0.451572 0.489737 0.444516 0.458948 0.438743 0.430083 0.436818 0.404586 0.43746 0.378127 0.445157 0.35263 0.451572
6 0.515715 0.466966 0.510904 0.768441 0.521488 0.79025 0.543618 0.804362 0.556607 0.813983 0.585471 0.822322 0.609044 0.824888 0.635022 0.822322 0.658114 0.815908 0.684092 0.788967 0.686979 0.752405 0.702373 0.470815 0.685055 0.463117 0.658114 0.45991 0.622033 0.457344 0.587396 0.45542 0.543137 0.457986
6 0.701411 0.470815 0.686017 0.769724 0.70093 0.783836 0.730276 0.801796 0.752886 0.80821 0.778384 0.812059 0.814464 0.812059 0.839962 0.804362 0.852951 0.788967 0.888069 0.474663 0.868826 0.461835 0.834189 0.452213 0.802437 0.450289 0.773573 0.450289 0.737973 0.454779 0.712957 0.460552
6 0.866421 0.465042 0.841886 0.765234 0.853432 0.772931 0.875561 0.788326 0.913085 0.814625 0.936177 0.822322 0.971777 0.828736 0.993906 0.830019 0.999679 0.830019 0.999679 0.493265 0.998717 0.47787 0.967928 0.472739 0.941469 0.467607 0.909237 0.4644 0.884221 0.465042
