6 0.867931 0.515862 0.820345 0.764138 0.829655 0.777931 0.842069 0.788276 0.858103 0.805517 0.873103 0.815862 0.890172 0.826897 0.908793 0.836552 0.931034 0.843448 0.949138 0.844138 0.969828 0.837931 0.982759 0.822069 1 0.573793 1 0.554483 1 0.533103 1 0.51931 1 0.510345 0.986897 0.501379 0.967241 0.493103 0.945517 0.488276 0.92069 0.487586 0.900517 0.488966 0.884483 0.495172 0.876207 0.502069
6 0.709655 0.528276 0.675517 0.757241 0.68069 0.772414 0.693103 0.788966 0.700862 0.797931 0.711724 0.808276 0.724138 0.815862 0.736552 0.822069 0.757241 0.827586 0.768103 0.829655 0.791379 0.829655 0.804828 0.826207 0.823966 0.815862 0.828103 0.801379 0.83431 0.787586 0.882414 0.555862 0.879828 0.530345 0.871034 0.515862 0.861724 0.506207 0.847241 0.497931 0.822414 0.488966 0.798621 0.484828 0.773793 0.484138 0.752069 0.486897 0.735 0.492414 0.723621 0.504828 0.713793 0.515172
6 0.695172 0.473793 0.69681 0.493377 0.707783 0.509181 0.72569 0.522069 0.747414 0.532414 0.769655 0.537241 0.808448 0.54069 0.829138 0.53931 0.850345 0.525517 0.858621 0.517241 0.924828 0.21931 0.910345 0.2 0.889655 0.18069 0.858621 0.168276 0.825 0.162069 0.795517 0.16 0.770172 0.164138 0.757759 0.166897 0.744828 0.178621
6 0.568966 0.233793 0.542586 0.522759 0.557586 0.547586 0.574655 0.56 0.606724 0.575172 0.627414 0.58069 0.649138 0.582759 0.675517 0.581379 0.691034 0.577241 0.703966 0.571034 0.715862 0.56 0.768103 0.257241 0.760862 0.24069 0.747931 0.225517 0.72569 0.209655 0.698793 0.196552 0.671379 0.191724 0.646034 0.191034 0.613448 0.192414 0.600517 0.197931 0.581379 0.205517 0.573103 0.212414 0.570517 0.221379
6 0.539483 0.523448 0.527586 0.767586 0.532241 0.77931 0.539483 0.791034 0.54569 0.79931 0.558103 0.810345 0.569483 0.818621 0.583448 0.825517 0.597931 0.828966 0.615517 0.830345 0.627931 0.828966 0.646552 0.822069 0.664655 0.806897 0.674483 0.785517 0.679138 0.761379 0.713793 0.544828 0.709138 0.525517 0.698276 0.509655 0.677586 0.493103 0.661034 0.486207 0.641897 0.481379 0.620172 0.477241 0.592759 0.48069 0.576724 0.486207 0.562759 0.493103 0.547759 0.505517
6 0.368276 0.544828 0.372414 0.781379 0.383276 0.79931 0.396207 0.812414 0.413276 0.824138 0.42931 0.826897 0.451552 0.827586 0.481034 0.822069 0.491897 0.813103 0.508966 0.797931 0.51931 0.782069 0.522414 0.768276 0.535345 0.526897 0.53069 0.515862 0.511552 0.498621 0.491379 0.486207 0.470172 0.482069 0.454138 0.482069 0.434483 0.482759 0.417414 0.486207 0.402931 0.493103 0.39 0.502069 0.381724 0.509655 0.374483 0.52 0.368793 0.532414
6 0.362586 0.224828 0.36 0.534483 0.376552 0.557241 0.391034 0.570345 0.406034 0.577931 0.424138 0.584138 0.447414 0.585517 0.471081 0.584923 0.493448 0.58 0.516724 0.564138 0.529655 0.551724 0.536897 0.536552 0.556552 0.226207 0.550862 0.216552 0.539483 0.204828 0.518793 0.191034 0.492931 0.181379 0.462414 0.175172 0.439655 0.174483 0.417931 0.18069 0.39569 0.187586 0.380172 0.194483 0.367241 0.205517 0.363103 0.212414
6 0.171207 0.549655 0.208966 0.815172 0.217759 0.831034 0.232241 0.842759 0.250862 0.851034 0.270517 0.854483 0.303103 0.849655 0.319655 0.843448 0.331552 0.833103 0.347069 0.818621 0.358966 0.806897 0.366724 0.788966 0.371379 0.773793 0.364655 0.533793 0.361034 0.515172 0.349138 0.496552 0.327414 0.481379 0.309828 0.475862 0.286034 0.471034 0.265862 0.470345 0.250862 0.471724 0.225 0.477241 0.215172 0.482069 0.20431 0.491034 0.18931 0.502069 0.183621 0.509655 0.174828 0.522759 0.170172 0.533793
6 0.139138 0.227586 0.177931 0.53931 0.184655 0.554483 0.201724 0.565517 0.222414 0.575172 0.241552 0.577241 0.274138 0.578621 0.295862 0.571724 0.309828 0.566207 0.337241 0.552414 0.351724 0.542069 0.361552 0.528276 0.364655 0.513103 0.348103 0.19931 0.33569 0.184138 0.318103 0.173103 0.299483 0.162069 0.273621 0.152414 0.250862 0.151034 0.231724 0.151724 0.207931 0.152414 0.195 0.157931 0.18 0.163448 0.166552 0.173793 0.148448 0.185517 0.141207 0.196552 0.137069 0.208276
6 0.177069 0.52069 0.131552 0.169655 0.117586 0.16069 0.0968966 0.156552 0.0684483 0.153103 0.037931 0.150345 0.0105172 0.149655 0 0.155172 0 0.162069 0 0.170345 0 0.177241 0 0.565517 0 0.567586 0.00948276 0.573103 0.022931 0.573793 0.0467241 0.574483 0.072069 0.573103 0.0922414 0.569655 0.112931 0.564138 0.127931 0.556552 0.146034 0.546207 0.164138 0.533103 0.169828 0.525517
6 0.208103 0.75931 0.170862 0.508966 0.164138 0.502069 0.152241 0.494483 0.13569 0.486207 0.118621 0.483448 0.0994828 0.481379 0.0803448 0.48069 0.0596552 0.48 0.0405172 0.484138 0.022931 0.489655 0.00793103 0.496552 0 0.511724 0 0.527586 0 0.548966 0 0.568966 0 0.584828 0.0198276 0.853103 0.0327586 0.862069 0.0493103 0.871034 0.0689655 0.877241 0.0855172 0.877931 0.100517 0.877931 0.111379 0.873793 0.134138 0.867586 0.148621 0.86 0.16 0.850345 0.173448 0.835862 0.183793 0.821379 0.191552 0.805517 0.198276 0.791724 0.204483 0.775862 0.207069 0.768966
