6 0.202298 0.000999001 0.206793 0.14985 0.237512 0.154845 0.265235 0.157842 0.297453 0.157842 0.334166 0.15984 0.344655 0.161838 0.346154 0.0649351 0.343157 0.001998 0.260739 0
6 0.477273 0 0.475774 0.165834 0.501998 0.164835 0.532717 0.165834 0.558192 0.163836 0.596404 0.162837 0.604645 0.15984 0.609141 0.000999007 0.586663 0 0.548452 0 0.51024 0
6 0.755245 0 0.747003 0.173826 0.770979 0.174825 0.802448 0.172827 0.831668 0.171828 0.856394 0.172827 0.866134 0.172827 0.878871 0 0.816683 0.000999001
6 0.891608 0 0.878122 0.187812 0.914086 0.185814 0.944056 0.183816 0.968032 0.183816 0.996503 0.183816 1 0.183816 1 0
6 0.206044 0.153846 0.210539 0.366633 0.2495 0.374625 0.31993 0.370629 0.344655 0.368631 0.346903 0.167832 0.333417 0.161838 0.304945 0.147852 0.267483 0.143856 0.238262 0.140859 0.218781 0.146853
6 0.345405 0.163836 0.348402 0.370629 0.371628 0.37962 0.405345 0.381618 0.432318 0.380619 0.470529 0.373626 0.478022 0.365634 0.481768 0.172827 0.460789 0.161838 0.43007 0.155844 0.397103 0.150849 0.370879 0.152847 0.355145 0.156843
6 0.482517 0.172827 0.481019 0.373626 0.516234 0.381618 0.553696 0.383616 0.582168 0.381618 0.604645 0.376623 0.60989 0.372627 0.618132 0.175824 0.599401 0.163836 0.565684 0.157842 0.533467 0.155844 0.508741 0.160839 0.488511 0.167832
6 0.615884 0.178821 0.610639 0.380619 0.636114 0.385614 0.670579 0.390609 0.702048 0.387612 0.720779 0.383616 0.737263 0.381618 0.751499 0.177822 0.738761 0.168831 0.711788 0.160839 0.681818 0.15984 0.651848 0.164835 0.630869 0.16983
6 0.758991 0.167832 0.745504 0.173826 0.735015 0.378621 0.758242 0.386613 0.786713 0.38961 0.823427 0.387612 0.863886 0.380619 0.878122 0.211788 0.88037 0.180819 0.868382 0.173826 0.845904 0.170829 0.817433 0.166833 0.792707 0.167832
6 0.878122 0.190809 0.869131 0.380619 0.898352 0.387612 0.923077 0.392607 0.957542 0.397602 0.98976 0.394605 0.999501 0.396603 1 0.237758 1 0.186813 0.966533 0.181818 0.936563 0.181818 0.916334 0.180819 0.898352 0.183816
6 0.0014985 0.732268 0.0374625 0.728272 0.0689311 0.717283 0.0771728 0.711289 0.0786713 0.591409 0.0786713 0.548452 0.0771728 0.51049 0.0741758 0.485514 0.0524476 0.47952 0.020979 0.477522 0.000749251 0.478521
6 0.000749251 0.717283 0.026973 0.713287 0.0487013 0.711289 0.0681818 0.709291 0.0779221 0.71029 0.0831668 0.714286 0.0846653 0.939061 0.0711788 0.956044 0.0576923 0.97003 0.0344655 0.982018 0.0164835 0.992008 0 0.998002
6 0.0659341 0.482517 0.0689311 0.723277 0.0756743 0.738262 0.116134 0.749251 0.151349 0.746254 0.182817 0.736264 0.204545 0.725275 0.214286 0.714286 0.221029 0.703297 0.217283 0.482517 0.182817 0.463536 0.146104 0.456543 0.114635 0.457542 0.0869131 0.466533
6 0.22028 0.483516 0.216533 0.714286 0.225524 0.731269 0.247253 0.736264 0.26973 0.739261 0.292208 0.738262 0.316184 0.733267 0.336414 0.724276 0.350649 0.712288 0.357393 0.702298 0.36039 0.480519 0.340909 0.466533 0.314685 0.462537 0.292957 0.45954 0.265235 0.45954 0.242008 0.464535
6 0.367133 0.471528 0.358142 0.71029 0.372378 0.726274 0.391109 0.734266 0.417333 0.741259 0.442058 0.738262 0.459291 0.736264 0.475025 0.727273 0.486264 0.717283 0.496004 0.477522 0.476523 0.464535 0.448801 0.458541 0.41958 0.453546 0.397103 0.456543
6 0.503497 0.47952 0.49001 0.703297 0.5005 0.714286 0.518482 0.722278 0.537213 0.727273 0.55969 0.729271 0.577672 0.728272 0.599401 0.723277 0.615135 0.718282 0.625624 0.494505 0.605395 0.487512 0.582168 0.483516 0.561189 0.47952 0.540959 0.477522 0.522977 0.475524
6 0.626374 0.485514 0.616633 0.713287 0.631618 0.728272 0.656344 0.737263 0.681069 0.745255 0.704296 0.746254 0.730519 0.745255 0.745504 0.733267 0.75 0.72028 0.761239 0.493506 0.729021 0.481518 0.702048 0.476523 0.676573 0.476523 0.656344 0.474525
6 0.748501 0.483516 0.730519 0.695305 0.750749 0.712288 0.773227 0.719281 0.797952 0.725275 0.823427 0.728272 0.845155 0.723277 0.857892 0.711289 0.870629 0.492507 0.836164 0.480519 0.812188 0.475524 0.785215 0.472527 0.76049 0.473526
6 0.874376 0.48951 0.859391 0.7003 0.872128 0.71029 0.893107 0.722278 0.915584 0.734266 0.934316 0.738262 0.95979 0.743257 0.98002 0.743257 1 0.737263 1 0.498501 0.976274 0.484515 0.956044 0.482517 0.935065 0.480519 0.915584 0.480519 0.890859 0.481518
6 0.0726773 0.727273 0.0831668 0.956044 0.0944056 0.973027 0.112388 0.984016 0.136364 0.983017 0.164835 0.979021 0.18956 0.968032 0.210539 0.95005 0.224775 0.924076 0.217283 0.717283 0.188811 0.705295 0.15959 0.7003 0.134865 0.699301 0.107892 0.703297
6 0.224775 0.723277 0.226274 0.926074 0.228521 0.945055 0.236763 0.953047 0.250999 0.962038 0.274975 0.967033 0.301199 0.963037 0.321429 0.957043 0.337163 0.943057 0.350649 0.928072 0.358891 0.905095 0.355894 0.709291 0.33042 0.7003 0.306444 0.697303 0.283217 0.697303 0.266733 0.697303 0.248002 0.705295
6 0.358142 0.718282 0.355894 0.922078 0.361888 0.943057 0.376124 0.96004 0.396354 0.968032 0.422577 0.97003 0.448052 0.962038 0.470529 0.945055 0.482517 0.917083 0.487013 0.711289 0.462288 0.697303 0.431568 0.696304 0.403097 0.698302 0.377622 0.706294
6 0.490759 0.706294 0.483267 0.912088 0.49001 0.934066 0.506494 0.953047 0.526723 0.963037 0.551449 0.967033 0.575425 0.963037 0.594905 0.953047 0.606893 0.933067 0.614386 0.713287 0.591159 0.703297 0.561938 0.696304 0.537962 0.696304 0.513237 0.696304
6 0.614386 0.713287 0.606144 0.915085 0.613636 0.933067 0.624875 0.948052 0.645854 0.963037 0.672078 0.973027 0.697552 0.975025 0.720779 0.965035 0.732767 0.95005 0.734266 0.929071 0.745504 0.724276 0.723027 0.712288 0.701299 0.706294 0.678072 0.701299 0.651099 0.705295 0.629371 0.709291
6 0.741758 0.71029 0.730519 0.919081 0.743257 0.933067 0.762737 0.949051 0.788961 0.958042 0.818182 0.962038 0.842158 0.957043 0.852647 0.943057 0.854895 0.93007 0.86988 0.719281 0.846653 0.702298 0.824176 0.698302 0.803197 0.695305 0.781469 0.696304 0.758991 0.7003
6 0.868382 0.707293 0.851149 0.916084 0.861638 0.93007 0.875874 0.943057 0.892358 0.953047 0.908092 0.961039 0.931319 0.969031 0.953047 0.971029 0.974026 0.967033 0.985265 0.959041 0.987512 0.945055 1 0.732268 0.978521 0.717283 0.953047 0.706294 0.923826 0.698302 0.908092 0.696304 0.885614 0.701299
