6 0.568966 0.282759 0.578359 0.654014 0.591616 0.662179 0.60765 0.667007 0.627414 0.671 0.655236 0.678186 0.681724 0.677897 0.715945 0.676517 0.738621 0.673759 0.757759 0.668241 0.778722 0.662469 0.792088 0.657241 0.80069 0.647586 0.776379 0.271724 0.765517 0.251724 0.75 0.236552 0.72931 0.230345 0.710172 0.225517 0.687414 0.222759 0.66 0.223448 0.65069 0.226897 0.637759 0.230345 0.613448 0.237241 0.598966 0.247586 0.590172 0.253793 0.583448 0.26069 0.57569 0.268966
6 0.769655 0.281379 0.796552 0.651034 0.815172 0.664138 0.827586 0.668276 0.847241 0.674483 0.865345 0.677241 0.893793 0.682069 0.912931 0.682069 0.940345 0.681379 0.975517 0.68069 1 0.674483 1 0.668276 1 0.657931 1 0.647586 0.998276 0.233103 0.985345 0.222069 0.964655 0.213103 0.935172 0.210345 0.905172 0.209655 0.878276 0.213103 0.862759 0.218621 0.839483 0.230345 0.819828 0.24069 0.808448 0.250345 0.786207 0.266897
6 0.359483 0.268276 0.346034 0.635862 0.351207 0.644138 0.363621 0.651724 0.379138 0.657241 0.405 0.662069 0.45931 0.666897 0.476379 0.666897 0.501207 0.664828 0.527586 0.662069 0.542069 0.657241 0.56069 0.644138 0.568448 0.633793 0.567931 0.271724 0.558103 0.249655 0.537931 0.233103 0.514655 0.22 0.498103 0.215862 0.475862 0.212414 0.452586 0.211724 0.429828 0.210345 0.413276 0.216552 0.393621 0.222759 0.38069 0.232414 0.369828 0.24069 0.365172 0.249655 0.36 0.257931
6 0.152069 0.256552 0.11431 0.634483 0.128793 0.651034 0.144828 0.657931 0.159828 0.662069 0.177931 0.667586 0.196552 0.670345 0.216724 0.670345 0.240517 0.668966 0.268966 0.667586 0.29431 0.664138 0.317586 0.66 0.336207 0.655172 0.345517 0.642759 0.369828 0.29931 0.36 0.275862 0.33931 0.257241 0.306724 0.237241 0.281897 0.226897 0.256034 0.22 0.225517 0.218621 0.214138 0.22 0.202241 0.22069 0.18569 0.222759 0.17069 0.229655 0.158276 0.23931
6 0.111379 0.650345 0.156379 0.287586 0.149138 0.277241 0.131552 0.263448 0.105172 0.250345 0.0844828 0.242069 0.0534483 0.231724 0.0332759 0.228966 0.00689655 0.222759 0 0.22069 0 0.222069 0 0.618621 0 0.624828 0 0.634483 0 0.646897 0 0.653793 0 0.65931 0.0208621 0.663448 0.0477586 0.663448 0.0694828 0.662759 0.0968966 0.658621
6 0.175957 0.297455 0.212552 0 0.204017 0 0.195483 0 0.181259 0 0.161914 0 0.142 0 0.119241 0 0.0925 0 0.0530707 0 0.0280362 0 0.00175 0 0 0 0 0.233945 0 0.270662 0 0.296531 0 0.309883 0 0.325738 0.00487931 0.32991 0.0349207 0.334083 0.0668397 0.338255 0.0899966 0.336586 0.111276 0.331579 0.138188 0.324903 0.15759 0.312386
6 0.376641 0.308214 0.386655 0.0411793 0.374138 0.0203172 0.362247 0.0078 0.348478 0 0.327824 0 0.306545 0 0.278381 0 0.259605 0 0.232693 0 0.208284 0.0078 0.18325 0.30571 0.205781 0.319897 0.226434 0.332414 0.252721 0.337421 0.276503 0.343262 0.305293 0.3466 0.32094 0.3466 0.342219 0.343262 0.355988 0.338255 0.368505 0.328241 0.37539 0.3224
6 0.586305 0.299869 0.57504 0.057869 0.576917 0.0495241 0.586305 0.032 0.596319 0.0203172 0.610088 0.0111379 0.621979 0.00446207 0.640129 0 0.659531 0 0.680184 0 0.705845 0 0.722743 0 0.736512 0.000289655 0.742771 0.00696552 0.747778 0.0169793 0.772186 0.278172 0.764676 0.294862 0.754036 0.311552 0.732131 0.3224 0.705219 0.329076 0.687695 0.334083 0.667667 0.333248 0.646388 0.333248 0.637626 0.32991 0.630116 0.329076 0.615721 0.324903 0.6007 0.316559 0.59319 0.309883
6 0.989986 0.2498 0.941169 0 0.9274 0 0.906121 0 0.887971 0 0.863562 0 0.837902 0 0.812867 0 0.78971 0 0.772812 0 0.755288 0.0219862 0.752784 0.0495241 0.768431 0.301538 0.779071 0.315724 0.794091 0.333248 0.8185 0.344931 0.849793 0.350772 0.877331 0.349938 0.901114 0.344931 0.929278 0.328241 0.950557 0.312386 0.964952 0.297366 0.977469 0.280676 0.984979 0.267324
6 0.0901241 0.899572 0.0882466 1 0.0976345 1 0.118914 1 0.133309 1 0.152084 1 0.172112 1 0.187759 1 0.195895 1 0.196521 0.891228 0.178997 0.887055 0.159595 0.886221 0.128928 0.886221 0.106397 0.888724 0.0945052 0.892897
