6 0.0155172 0.215172 0.075 0.553103 0.092069 0.562069 0.11431 0.571724 0.136552 0.573793 0.172759 0.571034 0.196034 0.566897 0.216724 0.56 0.24 0.546207 0.261207 0.531034 0.271552 0.517241 0.240517 0.195172 0.228103 0.182069 0.203793 0.167586 0.171207 0.16 0.137586 0.155172 0.105 0.155172 0.0791379 0.161379 0.0512069 0.172414 0.03 0.188276 0.0181034 0.201379
6 0.251379 0.211724 0.268966 0.53931 0.276724 0.544828 0.291207 0.551724 0.30569 0.558621 0.33931 0.566897 0.354828 0.566897 0.375 0.564138 0.393103 0.56069 0.408621 0.555172 0.42931 0.546897 0.440172 0.535862 0.448966 0.523448 0.447931 0.203448 0.423103 0.192414 0.387414 0.182069 0.35069 0.178621 0.316034 0.182759 0.291724 0.186207 0.266379 0.194483 0.253966 0.202069
6 0.447931 0.222069 0.448966 0.523448 0.45931 0.54 0.468621 0.549655 0.485172 0.557931 0.511034 0.567586 0.556552 0.571034 0.574655 0.566897 0.593793 0.56 0.604138 0.551034 0.614483 0.534483 0.646552 0.215172 0.635172 0.202759 0.615 0.192414 0.589138 0.184828 0.56431 0.18069 0.529655 0.178621 0.499655 0.18069 0.473793 0.184828 0.454138 0.196552 0.447931 0.205517
6 0.654828 0.215172 0.615517 0.51931 0.623793 0.533103 0.637759 0.550345 0.65431 0.561379 0.667759 0.568966 0.689483 0.578621 0.715345 0.584138 0.735 0.585517 0.755172 0.582759 0.774828 0.575862 0.785172 0.566897 0.791379 0.554483 0.796034 0.546207 0.861207 0.229655 0.84569 0.218621 0.832759 0.208966 0.80431 0.196552 0.774828 0.188276 0.751552 0.182069 0.723103 0.181379 0.688448 0.186207 0.673966 0.193103 0.658448 0.2
6 0.855 0.234483 0.793448 0.517241 0.801724 0.527586 0.816724 0.546897 0.830172 0.556552 0.848793 0.565517 0.867931 0.575172 0.882414 0.58069 0.901552 0.584138 0.917586 0.587586 0.943966 0.587586 0.968793 0.578621 0.977069 0.571724 1 0.277931 1 0.263448 1 0.248276 1 0.24069 1 0.227586 0.997759 0.218621 0.974483 0.209655 0.949138 0.204828 0.923793 0.202759 0.904655 0.201379 0.879828 0.203448 0.863793 0.208966 0.859655 0.213793
6 0.790862 0.52 0.749483 0.751034 0.754138 0.766897 0.759828 0.77931 0.768621 0.788966 0.780517 0.803448 0.788793 0.813103 0.808448 0.822759 0.832241 0.831034 0.858103 0.834483 0.872069 0.833103 0.891207 0.824138 0.904655 0.811724 0.980172 0.553793 0.973966 0.535862 0.959483 0.515862 0.93 0.496552 0.897414 0.482069 0.86069 0.472414 0.842069 0.471724 0.821379 0.475172 0.80431 0.484138 0.795517 0.497931
6 0.620172 0.517931 0.597414 0.753793 0.612414 0.78069 0.621207 0.788966 0.631552 0.8 0.649655 0.813793 0.662586 0.82069 0.677586 0.825517 0.696207 0.826207 0.712759 0.82069 0.726724 0.813103 0.737586 0.805517 0.74431 0.791034 0.748966 0.774483 0.793966 0.546207 0.786207 0.525517 0.772759 0.505517 0.75 0.491034 0.728276 0.482069 0.705517 0.475172 0.681724 0.474483 0.661552 0.474483 0.646552 0.48069 0.630517 0.486207 0.622241 0.496552
6 0.449483 0.524138 0.45 0.773793 0.45569 0.788966 0.461897 0.8 0.475345 0.816552 0.490862 0.825517 0.50069 0.832414 0.518793 0.837931 0.537414 0.83931 0.550345 0.837241 0.57569 0.826897 0.583966 0.818621 0.593793 0.805517 0.597931 0.789655 0.601552 0.772414 0.602586 0.76 0.628966 0.54 0.626379 0.523448 0.613448 0.498621 0.592759 0.484828 0.574655 0.477241 0.556552 0.471034 0.535345 0.467586 0.51931 0.467586 0.501207 0.470345 0.48569 0.477241 0.477414 0.484828 0.462931 0.495862 0.454138 0.507586
6 0.269483 0.535862 0.284483 0.813103 0.289655 0.828966 0.295345 0.835862 0.30569 0.846207 0.320172 0.853103 0.33569 0.855172 0.351724 0.856552 0.375 0.853103 0.395172 0.846897 0.412759 0.837931 0.428276 0.825517 0.436034 0.811724 0.444828 0.788966 0.450517 0.522759 0.444828 0.506897 0.434483 0.494483 0.412759 0.48069 0.393103 0.473793 0.371379 0.467586 0.346552 0.468276 0.321207 0.471034 0.304655 0.48069 0.290172 0.489655 0.27931 0.5 0.272069 0.510345 0.268448 0.517241
6 0.0744828 0.54069 0.121034 0.833793 0.137069 0.846897 0.149483 0.853103 0.176379 0.857931 0.193448 0.857931 0.21931 0.853103 0.238448 0.849655 0.259655 0.837931 0.277241 0.823448 0.292241 0.802759 0.266379 0.502069 0.256552 0.484138 0.231724 0.472414 0.204828 0.463448 0.178448 0.46 0.161897 0.462069 0.140172 0.467586 0.118448 0.48069 0.0977586 0.501379 0.0848276 0.513103 0.0755172 0.526207
6 0.0725862 0.505517 0.121724 0.80069 0.107759 0.82 0.0855172 0.835172 0.0715517 0.83931 0.0544828 0.842759 0.0389655 0.846207 0.0224138 0.846207 0 0.844828 0 0.842759 0 0.836552 0 0.558621 0 0.542069 0 0.528966 0 0.515172 0 0.508966 0 0.504138 0 0.501379 0.0182759 0.50069 0.0431034 0.502069 0.0591379 0.502069
6 0.96931 0.534483 0.906724 0.773793 0.915 0.782069 0.925862 0.795862 0.941379 0.812414 0.956897 0.822069 0.977586 0.832414 0.995172 0.84 1 0.842759 1 0.841379 1 0.592414 1 0.575172 1 0.557931 1 0.535862 1 0.525517 1 0.517241 1 0.513793 0.992586 0.515862 0.977586 0.52069
