6 0.00936664 0.304193 0.0615522 0.64496 0.0675736 0.655665 0.087645 0.662801 0.1124 0.669938 0.156557 0.673506 0.184657 0.666369 0.232828 0.648528 0.252899 0.638715 0.270963 0.620874 0.285013 0.603033 0.258252 0.26851 0.236173 0.256913 0.202052 0.247101 0.155888 0.243533 0.125781 0.240856 0.087645 0.244425 0.0541927 0.255129 0.0314451 0.267618 0.0173952 0.280999
6 0.253568 0.274755 0.284344 0.611954 0.293042 0.628903 0.30843 0.64496 0.329839 0.657449 0.369982 0.663693 0.426851 0.651204 0.450268 0.642284 0.472346 0.619982 0.481713 0.597681 0.481713 0.554862 0.482382 0.274755 0.466325 0.252453 0.428189 0.240856 0.39273 0.237288 0.353256 0.23818 0.312444 0.24264 0.280999 0.255129
6 0.492417 0.276539 0.479037 0.575379 0.487734 0.617306 0.499777 0.631579 0.519179 0.64942 0.562667 0.666369 0.583408 0.669938 0.619536 0.668153 0.662355 0.64496 0.669045 0.628903 0.717217 0.272971 0.70116 0.254237 0.670384 0.234612 0.646967 0.227475 0.611508 0.220339 0.584077 0.217663 0.545272 0.219447 0.511151 0.223907 0.498439 0.231044 0.495094 0.23372
6 0.715879 0.269402 0.67306 0.575379 0.684434 0.598573 0.703167 0.61463 0.72926 0.636039 0.758698 0.648528 0.791481 0.660125 0.837645 0.660125 0.863069 0.650312 0.87645 0.621766 0.945361 0.316682 0.935326 0.296164 0.903211 0.271186 0.879795 0.260482 0.847681 0.253345 0.8062 0.248885 0.770071 0.247993 0.74264 0.255129
6 0.0558281 0.617306 0.103999 0.888492 0.0906185 0.916146 0.0738924 0.935772 0.0591734 0.946476 0.0404401 0.957181 0.025052 0.966102 0.0083259 0.96967 0 0.972346 0 0.971454 0 0.966102 0 0.961641 0 0.645909 0 0.6186 0 0.603165 0 0.596041 0 0.592479 0.00334573 0.591292 0.0193747 0.596041 0.0407467 0.60079
6 0.058773 0.653033 0.10775 0.935618 0.123779 0.967676 0.144261 0.984299 0.170976 0.991423 0.200362 0.991423 0.229749 0.983112 0.263588 0.960552 0.280507 0.936806 0.295646 0.905935 0.305441 0.873877 0.306332 0.831133 0.283179 0.611476 0.263588 0.580606 0.230639 0.567545 0.195019 0.560421 0.16118 0.561608 0.131794 0.573482 0.108641 0.588917 0.0863785 0.611476 0.0685685 0.628099
6 0.284069 0.625724 0.305441 0.882188 0.315237 0.917808 0.328594 0.937993 0.349966 0.952241 0.389148 0.959365 0.421206 0.948679 0.447921 0.935618 0.461279 0.911872 0.470184 0.8905 0.48176 0.852505 0.487994 0.611476 0.471074 0.578231 0.431002 0.56517 0.398944 0.561608 0.359762 0.572294 0.324142 0.584168 0.308113 0.60079
6 0.479089 0.613851 0.476417 0.833508 0.479979 0.852505 0.491556 0.873877 0.504023 0.892874 0.524504 0.910684 0.557453 0.923745 0.585058 0.923745 0.616226 0.910684 0.628693 0.898811 0.634926 0.8905 0.638488 0.876252 0.644722 0.857254 0.673218 0.635223 0.673218 0.609102 0.655408 0.585355 0.642941 0.577044 0.609102 0.56517 0.577934 0.560421 0.548548 0.561608 0.518271 0.56517 0.496899 0.578231 0.483541 0.592479
6 0.670546 0.58773 0.64205 0.821634 0.645612 0.839444 0.654517 0.862004 0.670546 0.88575 0.683904 0.90356 0.702604 0.911872 0.727538 0.920183 0.761377 0.92137 0.780078 0.915434 0.805902 0.898811 0.815698 0.864378 0.870909 0.612664 0.852208 0.584168 0.807683 0.566358 0.782749 0.555672 0.752472 0.55211 0.720414 0.548548 0.691028 0.555672 0.673218 0.561608
6 0.862004 0.591292 0.812136 0.818072 0.811245 0.840632 0.825493 0.856067 0.842413 0.873877 0.860223 0.88575 0.885157 0.901186 0.933244 0.910684 0.955506 0.90831 0.973316 0.896436 0.984002 0.878626 1 0.65897 1 0.612664 0.992907 0.585355 0.965302 0.573482 0.922558 0.561608 0.895843 0.567545 0.871799 0.573482
