6 0.424775 0.371766 0.408324 0.716535 0.440382 0.721035 0.477081 0.724972 0.509561 0.724972 0.545416 0.724972 0.574522 0.726097 0.607002 0.726659 0.608268 0.376828 0.601097 0.362205 0.578318 0.348706 0.550478 0.339708 0.520951 0.335208 0.496907 0.335208 0.467801 0.341395 0.453037 0.347019 0.432368 0.358268
6 0.607002 0.375141 0.61333 0.722722 0.634843 0.724972 0.652981 0.730034 0.67829 0.731159 0.700647 0.733408 0.728909 0.734533 0.760546 0.736783 0.784589 0.734533 0.809477 0.732846 0.822132 0.729471 0.832677 0.724972 0.811164 0.35883 0.80315 0.345332 0.786699 0.332958 0.771513 0.326772 0.749156 0.322835 0.725956 0.322835 0.699803 0.325084 0.680399 0.328459 0.659308 0.335208 0.632312 0.348706 0.619657 0.359955
6 0.806946 0.360517 0.837317 0.728346 0.863048 0.727784 0.883296 0.729471 0.913667 0.729471 0.950366 0.730034 0.968926 0.728346 0.994235 0.728346 1 0.724972 1 0.719348 1 0.327897 0.998031 0.31946 0.973144 0.314398 0.944882 0.313273 0.916198 0.31946 0.889623 0.324522 0.85883 0.336895 0.832255 0.348144 0.819179 0.354893
6 0.785433 0.0939258 0.804837 0.366704 0.81707 0.375703 0.832255 0.379078 0.846175 0.38189 0.865157 0.380202 0.881609 0.379078 0.910714 0.375703 0.934758 0.372328 0.958802 0.366704 0.975253 0.353206 0.945304 0.0781777 0.937289 0.0669291 0.918729 0.0545557 0.896794 0.0511811 0.874438 0.0500562 0.853768 0.0545557 0.832677 0.06018 0.816226 0.0686164 0.801884 0.0781777
6 0.612486 0.0849269 0.615017 0.368954 0.635264 0.380202 0.654246 0.387514 0.675337 0.393701 0.695585 0.397638 0.714989 0.399325 0.73608 0.395951 0.750422 0.395388 0.770669 0.390326 0.781637 0.383577 0.795979 0.375141 0.807368 0.36333 0.812008 0.353768 0.804415 0.0731159 0.79851 0.0410574 0.788386 0.0241845 0.776997 0.0106862 0.761811 0.00281215 0.726237 0 0.708141 0 0.690045 0.00455568 0.662205 0.0169291 0.651997 0.0243532 0.635756 0.037964 0.624156 0.0546682 0.619052 0.0695163
6 0.44266 0.0476378 0.417604 0.353881 0.424564 0.366873 0.440804 0.379865 0.4589 0.387289 0.476069 0.394094 0.492309 0.398425 0.513653 0.398425 0.546597 0.397807 0.563765 0.394094 0.577222 0.387289 0.595318 0.378009 0.602742 0.370585 0.613414 0.0804274 0.606454 0.0600112 0.591142 0.035883 0.573046 0.0210349 0.545669 0.0068054 0.520613 0.00433071 0.502053 0.00494938 0.484421 0.0117548 0.468645 0.0197975 0.454724 0.030315
6 0.226434 0.345838 0.190242 0.70838 0.208802 0.71333 0.240818 0.718898 0.267267 0.721372 0.308563 0.720754 0.330835 0.721372 0.352179 0.720754 0.4009 0.718898 0.420388 0.371822 0.413428 0.356974 0.39394 0.343982 0.362852 0.329134 0.328515 0.322328 0.297891 0.318616 0.273763 0.32171 0.24917 0.329753
6 0.263091 0.0457818 0.233858 0.351406 0.241746 0.359449 0.262627 0.366254 0.288147 0.37739 0.315987 0.381102 0.353107 0.382958 0.380948 0.381721 0.401828 0.373678 0.411572 0.366873 0.427348 0.0971316 0.418532 0.0711474 0.406468 0.0525872 0.383732 0.0346457 0.360067 0.0228909 0.321091 0.0173228 0.300211 0.0197975 0.279331 0.0290776
6 0.191704 0.707987 0.231609 0.360292 0.218152 0.347919 0.20284 0.339876 0.178712 0.327503 0.149944 0.315748 0.124424 0.307087 0.103543 0.301519 0.0831271 0.3009 0.0603909 0.299044 0.0436867 0.301519 0.0297666 0.310799 0 0.685096 0 0.691282 0 0.694994 0.0214145 0.699944 0.0538948 0.703656 0.0910152 0.707987 0.123031 0.709224 0.153656 0.709843
6 0.243209 0.375759 0.265017 0.0862205 0.242745 0.0658043 0.22372 0.0491001 0.204232 0.034252 0.185672 0.0249719 0.162472 0.0206412 0.13324 0.0187852 0.117463 0.0243532 0.103543 0.0354893 0.0924072 0.0484814 0.0353346 0.327503 0.0436867 0.343588 0.0622469 0.359055 0.0868391 0.375141 0.110967 0.386277 0.132776 0.389989 0.16108 0.390607 0.194024 0.386277 0.21908 0.382565
6 0.0422947 0.352868 0.0942632 0.0806524 0.0831271 0.0620922 0.0594629 0.0373453 0.0339426 0.0175478 0.00192632 0.00393701 0 0 0 0 0 0 0 0.27739 0 0.295332 0 0.316367 0 0.339876 0 0.347919 0 0.354724 0.00285433 0.359674 0.0214145 0.358436
