6 0.23755 0.200427 0.244203 0.39148 0.26109 0.396256 0.293331 0.396939 0.347064 0.394892 0.364975 0.392162 0.370605 0.38261 0.367534 0.205203 0.350135 0.201792 0.325571 0.196333 0.297425 0.192922 0.271325 0.191557 0.249832 0.194286
6 0.475513 0.207933 0.492401 0.201792 0.519012 0.195651 0.553299 0.194969 0.583492 0.197016 0.60038 0.20725 0.597309 0.392162 0.589633 0.394209 0.561487 0.394209 0.522082 0.394209 0.488818 0.394892 0.478072 0.394209
6 0.408474 0.134241 0.408986 0.260472 0.434573 0.263884 0.455043 0.263202 0.473978 0.25979 0.480119 0.260472 0.483701 0.143111 0.476536 0.132876 0.460672 0.128782 0.446343 0.127418 0.434573 0.127418 0.423826 0.1281 0.41615 0.129465
6 0.485236 0.141064 0.483189 0.264566 0.505706 0.267978 0.528223 0.266613 0.545111 0.265249 0.555346 0.263884 0.560975 0.259108 0.561998 0.140382 0.551763 0.134241 0.536923 0.130147 0.524641 0.130147 0.512359 0.128782 0.499053 0.132876 0.489842 0.13697
6 0.721609 0.214074 0.717515 0.395574 0.735938 0.396256 0.767666 0.396939 0.810653 0.394209 0.828564 0.392162 0.839823 0.212027 0.826517 0.205886 0.781483 0.203156 0.765108 0.204521 0.747196 0.206568 0.733379 0.207933
6 1 0.398986 0.942684 0.396939 0.937567 0.390115 0.940637 0.214756 0.954454 0.212027 0.97646 0.20998 0.987206 0.209297 1 0.211344
6 0.245639 0.395574 0.247174 0.576392 0.259968 0.582533 0.285556 0.589356 0.30449 0.587991 0.343383 0.580486 0.361806 0.574345 0.370506 0.565474 0.371018 0.388751 0.355665 0.384657 0.330589 0.38261 0.308073 0.38261 0.286579 0.386021 0.266621 0.387386 0.252804 0.39148
6 0.366924 0.397621 0.369994 0.570251 0.381253 0.577756 0.401211 0.583897 0.433963 0.583897 0.449827 0.583897 0.481043 0.570933 0.487184 0.557969 0.490255 0.392845 0.476438 0.390798 0.450339 0.39148 0.433963 0.39148 0.416563 0.392845 0.397117 0.392845 0.379717 0.393527
6 0.485181 0.398986 0.487228 0.566157 0.501557 0.577074 0.521004 0.58185 0.546591 0.583897 0.568084 0.583215 0.584972 0.580486 0.599301 0.57298 0.602883 0.566839 0.60493 0.395574 0.596231 0.39148 0.579855 0.390115 0.557338 0.390798 0.533286 0.39148 0.513327 0.392845 0.495416 0.395574
6 0.602883 0.396256 0.60186 0.569568 0.622841 0.577074 0.649964 0.58185 0.672993 0.583215 0.697557 0.579803 0.711886 0.577074 0.719562 0.566839 0.725703 0.395574 0.706768 0.392845 0.683228 0.392162 0.662758 0.39148 0.647405 0.392162 0.628982 0.392845 0.618236 0.392845 0.608513 0.394209
6 0.714956 0.396256 0.713421 0.566839 0.730309 0.574345 0.748732 0.580486 0.778925 0.582533 0.807071 0.580486 0.82447 0.577074 0.832658 0.570251 0.840846 0.40035 0.838288 0.396256 0.8127 0.395574 0.792742 0.395574 0.774831 0.394209 0.741567 0.394209 0.731844 0.393527 0.721097 0.393527
6 0.838288 0.396256 0.831635 0.568886 0.852105 0.578439 0.893556 0.585262 0.910444 0.58458 0.930914 0.583897 0.946778 0.579803 0.950872 0.57298 0.966225 0.398303 0.948313 0.395574 0.928355 0.394892 0.90328 0.395574 0.888439 0.395574 0.868481 0.394892 0.855175 0.395574
6 0 0.896286 0.0158642 0.905156 0.0424751 0.906521 0.0685743 0.903109 0.0931382 0.895603 0.113096 0.886051 0.126402 0.874451 0.132543 0.867628 0.127937 0.694998 0.127425 0.669069 0.110538 0.663611 0.0742035 0.660881 0.0511748 0.661564 0.0255874 0.662928 0.00460574 0.669069 0 0.671799
6 0.123331 0.679987 0.124867 0.883321 0.135102 0.899697 0.153525 0.90925 0.181671 0.911297 0.207258 0.904474 0.227216 0.896286 0.242569 0.884686 0.253827 0.867628 0.257409 0.850569 0.255362 0.708645 0.254339 0.679304 0.242569 0.671799 0.219028 0.667705 0.199582 0.667705 0.182182 0.667705 0.15813 0.669069 0.139196 0.673163 0.131519 0.676575
6 0.250757 0.67794 0.252292 0.87718 0.267133 0.891509 0.296814 0.90038 0.337754 0.892874 0.353106 0.884004 0.371018 0.870357 0.376135 0.858757 0.379206 0.693633 0.378182 0.671116 0.365388 0.664293 0.351571 0.662246 0.327519 0.660199 0.310631 0.660881 0.283509 0.662928 0.268156 0.66634
6 0.377159 0.683398 0.379206 0.868992 0.396605 0.886733 0.424239 0.894921 0.449315 0.898333 0.475926 0.889462 0.49179 0.878545 0.499466 0.857393 0.501513 0.699092 0.501513 0.676575 0.490767 0.663611 0.468761 0.662246 0.444198 0.660881 0.424239 0.662928 0.400699 0.665658 0.385347 0.670434 0.378694 0.676575
6 0.495372 0.670434 0.498955 0.860122 0.521472 0.875133 0.541941 0.881274 0.577252 0.882639 0.596187 0.875816 0.610516 0.867628 0.615122 0.724338 0.615633 0.662928 0.605398 0.654058 0.569064 0.649282 0.550641 0.648599 0.524542 0.652693 0.505607 0.659517
6 0.614653 0.649282 0.613118 0.862851 0.638194 0.886051 0.670434 0.896286 0.700627 0.899015 0.727238 0.885368 0.735426 0.875133 0.735426 0.866263 0.743102 0.669069 0.737473 0.655423 0.724679 0.647235 0.702674 0.644505 0.674528 0.640411 0.646382 0.640411 0.628471 0.643141
6 0.730309 0.651329 0.724168 0.851934 0.742591 0.862169 0.785577 0.871722 0.817306 0.866945 0.832147 0.85944 0.833682 0.845111 0.843917 0.674528 0.84187 0.651329 0.824982 0.643141 0.805024 0.641776 0.777901 0.640411 0.746173 0.641776 0.736961 0.645188
6 0.843405 0.654058 0.835217 0.843746 0.849546 0.857393 0.869504 0.870357 0.887415 0.877863 0.907885 0.886051 0.933473 0.88878 0.954454 0.886733 0.966225 0.883321 0.969295 0.870357 0.977995 0.703868 0.97953 0.673846 0.97646 0.658834 0.957525 0.649282 0.935008 0.643141 0.916073 0.643823 0.895092 0.645188 0.870528 0.648599 0.855175 0.649964
6 3.33067e-18 0.877858 0.0199144 0.87122 0.0413224 0.868565 0.0597433 0.867237 0.0791598 0.86591 0.0995721 0.867237 0.114508 0.867237 0.126457 0.869892 0.133427 0.870556 0.133924 1 3.33067e-18 1
6 0.126457 0.876531 0.133427 1 0.185702 1 0.238973 1 0.258888 1 0.25839 0.875867 0.252415 0.858608 0.233995 0.851306 0.212586 0.849314 0.184208 0.849978 0.159813 0.854625 0.139899 0.86259
6 0.257394 0.869229 0.260381 1 0.331077 1 0.378872 1 0.382855 0.868565 0.379868 0.852633 0.367421 0.845331 0.351987 0.842676 0.328588 0.842012 0.298219 0.846659 0.278304 0.852633 0.263368 0.859935
6 0.377378 0.851306 0.381859 0.999336 0.44459 1 0.491886 1 0.493878 0.855952 0.487406 0.847987 0.467989 0.84334 0.446083 0.840685 0.428658 0.842012 0.412726 0.842676 0.396297 0.84334 0.382855 0.847323
6 0.496865 0.851969 0.498856 1 0.611373 1 0.612369 0.861263 0.601416 0.845331 0.587476 0.840685 0.571046 0.838693 0.54217 0.838693 0.519269 0.841348 0.504831 0.845995
6 0.612369 0.85728 0.610377 1 0.728868 1 0.730859 0.859271 0.704971 0.849314 0.683563 0.844667 0.662155 0.844667 0.636764 0.847323 0.620832 0.851969
6 0.726177 0.849314 0.725181 1 0.835706 1 0.844667 0.855289 0.836204 0.840685 0.807826 0.828736 0.790401 0.828736 0.765508 0.831391 0.747087 0.835374 0.73713 0.840021
6 0.84168 0.845995 0.835208 1 0.955193 1 0.968635 0.861927 0.963158 0.847987 0.944737 0.840685 0.917355 0.836038 0.897441 0.836038 0.873543 0.836702 0.852135 0.841348
6 0.947016 0.414952 0.938786 0.568587 0.961934 0.575446 0.987654 0.580933 1 0.581619 1 0.578189 1 0.57476 1 0.572016 1 0.407407 1 0.401235 1 0.399177 0.994856 0.397805 0.974794 0.397119 0.95216 0.397119 0.948045 0.397805
