6 0.995501 0.434758 0.969348 0.640045 0.964286 0.649044 0.947413 0.650731 0.90734 0.649044 0.891732 0.645107 0.879078 0.641732 0.865157 0.634983 0.85883 0.625422 0.874016 0.42126 0.882874 0.415636 0.901856 0.415636 0.917042 0.414511 0.934758 0.417323 0.950366 0.420697 0.973988 0.424634 0.985377 0.429134
6 0.919573 0.442632 0.895529 0.665354 0.885827 0.673791 0.86811 0.673791 0.847441 0.675478 0.814961 0.670416 0.799775 0.663667 0.787964 0.652418 0.808633 0.431384 0.828881 0.428009 0.847441 0.426322 0.874438 0.426322 0.890889 0.428009 0.902278 0.432508 0.909871 0.434758
6 0.91198 0.217098 0.892998 0.404387 0.90734 0.411136 0.925056 0.414511 0.93982 0.417323 0.95374 0.417323 0.971879 0.417323 0.983268 0.41901 0.997188 0.417885 1 0.417323 1 0.412823 1 0.226659 1 0.21991 1 0.216535 0.950366 0.213723 0.922525 0.213723
6 0.75928 0.17604 0.728487 0.469629 0.71752 0.474691 0.66437 0.475253 0.640326 0.471879 0.624719 0.467942 0.607002 0.461755 0.596879 0.453318 0.585911 0.446569 0.577897 0.442632 0.60194 0.161417 0.620922 0.158043 0.647497 0.15748 0.679134 0.156355 0.69221 0.156355 0.704443 0.15748 0.718785 0.159168 0.747891 0.166479
6 0.833943 0.459505 0.808633 0.690664 0.804415 0.700787 0.774466 0.709786 0.748735 0.710911 0.732283 0.704724 0.716254 0.697975 0.702334 0.692913 0.689258 0.68279 0.68293 0.677165 0.675337 0.672103 0.697272 0.442632 0.709927 0.436445 0.724691 0.432508 0.738611 0.431384 0.758015 0.431384 0.776997 0.433071 0.792182 0.43757 0.807368 0.446007 0.818757 0.451069
6 0.728909 0.471316 0.7036 0.726097 0.699381 0.731721 0.693054 0.73622 0.685883 0.740157 0.668166 0.744657 0.651715 0.746344 0.631046 0.746344 0.61122 0.74297 0.599831 0.73622 0.58338 0.724972 0.570304 0.713161 0.562711 0.704162 0.579584 0.449944 0.596035 0.442632 0.612486 0.439258 0.642857 0.439258 0.669432 0.441507 0.683352 0.444882 0.714989 0.454443 0.722582 0.459505
6 0.624719 0.159168 0.603206 0.483127 0.576631 0.491564 0.56018 0.493813 0.53234 0.495501 0.511249 0.493251 0.497328 0.491564 0.477081 0.486502 0.458099 0.482002 0.440382 0.478065 0.431102 0.471879 0.449241 0.13892 0.464004 0.136108 0.483408 0.135546 0.507452 0.135546 0.539933 0.137233 0.575787 0.13892 0.589708 0.142295 0.615861 0.151294
6 0.999719 0.869516 0.98833 0.985939 0.980315 0.994938 0.966395 0.993251 0.954162 0.991564 0.943616 0.989876 0.933493 0.983127 0.923369 0.971316 0.912402 0.957255 0.923369 0.829584 0.931384 0.82396 0.938976 0.822835 0.946147 0.821147 0.956271 0.820585 0.966817 0.82396 0.980315 0.827897 0.985377 0.832958 0.994657 0.839708 0.998453 0.844769 0.999297 0.852643 1 0.859955
6 0.923833 0.934196 0.907129 1 0.897849 1 0.887641 1 0.876504 1 0.858408 1 0.844952 1 0.833352 1 0.827784 1 0.844952 0.882227 0.860264 0.877278 0.868616 0.875422 0.881145 0.877278 0.890889 0.882227 0.900169 0.887795 0.907129 0.893363 0.916873 0.905118 0.921049 0.912542 0.922905 0.919966
6 0.625014 0.485658 0.606918 0.765298 0.60367 0.776434 0.595782 0.78757 0.588358 0.797469 0.57351 0.804274 0.528501 0.809843 0.500661 0.804893 0.479781 0.797469 0.460756 0.785714 0.445444 0.772722 0.434308 0.762205 0.445444 0.455962 0.456116 0.446063 0.471429 0.441114 0.492309 0.435546 0.512261 0.43369 0.529893 0.43369 0.546597 0.436783 0.563301 0.440495 0.579078 0.446063 0.59671 0.454106 0.606918 0.463386 0.616198 0.473903
6 0.464469 0.123116 0.468645 0.48937 0.45194 0.498031 0.4241 0.502362 0.40322 0.504218 0.378628 0.507312 0.325731 0.50793 0.300211 0.50793 0.284899 0.50793 0.264483 0.504218 0.248706 0.1027 0.277939 0.0971316 0.309027 0.0903262 0.332227 0.0878515 0.350323 0.0878515 0.380948 0.0878515 0.416212 0.0940382 0.437092 0.0996063 0.45658 0.11198
6 0.865368 0.189933 0.837528 0.450394 0.819432 0.455962 0.796232 0.455343 0.775352 0.455343 0.748439 0.450394 0.724775 0.446063 0.707143 0.434927 0.698791 0.423791 0.731735 0.171372 0.765607 0.171372 0.812936 0.175084 0.85052 0.178796 0.860264 0.180652
6 0.481173 0.501744 0.471429 0.810461 0.467717 0.830877 0.461684 0.842013 0.436628 0.863667 0.414356 0.867998 0.389764 0.871091 0.364244 0.869235 0.341971 0.86243 0.324339 0.856243 0.305779 0.849438 0.295107 0.842013 0.289075 0.834589 0.286291 0.494319 0.307635 0.48009 0.328515 0.476378 0.364244 0.472047 0.397652 0.468954 0.437092 0.470191 0.45194 0.473903 0.467253 0.479471 0.479781 0.486895
6 0.265875 0.0791901 0.282579 0.509786 0.24917 0.527728 0.219938 0.537008 0.177714 0.542576 0.142913 0.544432 0.119249 0.548144 0.0941929 0.548763 0.0668166 0.548144 0.0468645 0.543195 0.0329443 0.537627 0.0194882 0.533915 0 0.0373453 0.0177025 0.0280652 0.0413667 0.0268279 0.0951912 0.0286839 0.124424 0.0299213 0.153656 0.036108 0.188456 0.0447694 0.213976 0.0540495 0.236249 0.0620922 0.248777 0.0688976
6 0.0222722 0.533296 0.0584646 0.96018 0.0760967 0.975028 0.0960489 0.984927 0.115537 0.991732 0.144305 0.996063 0.191634 0.989876 0.226898 0.979359 0.272371 0.953375 0.284899 0.943476 0.296499 0.928628 0.281187 0.490607 0.273763 0.474522 0.244994 0.455962 0.222722 0.450394 0.192098 0.446682 0.162402 0.446682 0.136417 0.447919 0.113681 0.45225 0.0844488 0.459055 0.0584646 0.468954 0.0361924 0.483802 0.0245922 0.493082 0.0194882 0.51288
6 0.898777 0.201687 0.874184 0.434927 0.862584 0.437402 0.821288 0.438639 0.79716 0.436783 0.78092 0.436783 0.807368 0.188695 0.832424 0.189933 0.85052 0.189933 0.876969 0.193645
