6 0.00177585 0.168114 0.0361089 0.169692 0.0781373 0.178374 0.109511 0.187056 0.127861 0.197316 0.133781 0.411997 0.107735 0.414365 0.0491318 0.410418 0.0136148 0.409629 0.000591949 0.411208
6 0.128453 0.190213 0.133189 0.414365 0.181728 0.414365 0.211326 0.414365 0.245067 0.412786 0.269929 0.414365 0.284728 0.411208 0.282952 0.209945 0.262234 0.194159 0.238556 0.185478 0.208366 0.180742 0.16989 0.179163 0.144436 0.180742
6 0.40371 0.190213 0.409037 0.411997 0.472968 0.408051 0.510852 0.407261 0.54341 0.404893 0.541634 0.258879 0.541042 0.189424 0.527427 0.179953 0.492502 0.172849 0.451657 0.171271 0.419692 0.176006
6 0.693173 0.197316 0.693173 0.406472 0.738753 0.404893 0.784925 0.401736 0.81985 0.401736 0.82577 0.232833 0.826361 0.189424 0.802684 0.180742 0.781965 0.179163 0.746448 0.179953 0.715667 0.186267
6 0.0011839 0.415943 0.0603788 0.415154 0.117798 0.415943 0.135556 0.414365 0.1397 0.627466 0.105959 0.636148 0.0674822 0.644041 0.0201263 0.64483 0.000591949 0.64483
6 0.131413 0.416732 0.134373 0.631413 0.162786 0.643252 0.196527 0.647198 0.245067 0.640884 0.280584 0.624309 0.28532 0.616417 0.281176 0.418311 0.25809 0.415943 0.210734 0.412786 0.173441 0.411997
6 0.275257 0.418311 0.281768 0.622731 0.290647 0.629045 0.323796 0.638516 0.37056 0.635359 0.394238 0.631413 0.416732 0.621152 0.423836 0.614049 0.422894 0.508997 0.42206 0.415943 0.419692 0.410418 0.406077 0.40884 0.377072 0.408051 0.338595 0.409629 0.30367 0.411208 0.282952 0.411208
6 0.418508 0.411208 0.422652 0.617995 0.442186 0.630624 0.467048 0.636148 0.515588 0.631413 0.53453 0.625888 0.5588 0.616417 0.559392 0.591949 0.555249 0.450671 0.555841 0.412786 0.536898 0.408051 0.501973 0.404893 0.477111 0.406472 0.44929 0.407261 0.427388 0.409629
6 0.554657 0.411208 0.557024 0.615627 0.583662 0.628256 0.60438 0.631413 0.620363 0.632991 0.669495 0.629834 0.689029 0.62352 0.699684 0.61247 0.700276 0.414365 0.697908 0.407261 0.688437 0.406472 0.649369 0.404893 0.612668 0.404104 0.577151 0.406472
6 0.697316 0.410418 0.694949 0.616417 0.708564 0.62352 0.76835 0.629834 0.800908 0.629045 0.830505 0.625099 0.835241 0.615627 0.837017 0.40884 0.829913 0.402526 0.800316 0.401736 0.761247 0.400947 0.725138 0.401736 0.705604 0.401736
6 0.8382 0.404893 0.834057 0.614838 0.849448 0.622731 0.886148 0.629045 0.908642 0.632202 0.948895 0.631413 0.972573 0.629834 0.984412 0.62352 0.983228 0.60221 0.987372 0.406472 0.981452 0.401736 0.958366 0.400947 0.935872 0.398579 0.91101 0.400947 0.873717 0.402526 0.855367 0.404104
6 0 0.772691 0.00177585 0.766377 0.0183504 0.761642 0.0491318 0.759274 0.0893844 0.759274 0.123125 0.76322 0.14266 0.767167 0.150947 0.767167 0.156275 0.991318 0.155521 1 0.11839 1 0.0780297 1 0.0441271 1 0.0129153 1 0.000538136 1
6 0.149171 0.760852 0.145028 1 0.156867 1 0.181137 1 0.205998 1 0.242699 1 0.266377 1 0.287687 1 0.30071 0.790845 0.301302 0.767956 0.290055 0.757695 0.265193 0.751381 0.23678 0.749803 0.201263 0.749803 0.178769 0.75217
6 0.306038 0.75296 0.299526 0.768745 0.297159 1 0.322612 1 0.348066 1 0.37648 1 0.39779 1 0.420284 1 0.432123 1 0.438635 1 0.447514 0.770324 0.445738 0.751381 0.432123 0.742699 0.400158 0.733228 0.377072 0.734017 0.339187 0.736385 0.324388 0.739542
6 0.438635 0.727703 0.436859 0.98974 0.468824 0.999211 0.490726 1 0.516772 1 0.535714 1 0.566496 1 0.576559 0.999211 0.58603 0.985004 0.587806 0.818469 0.590766 0.765588 0.589582 0.733228 0.568863 0.723757 0.544594 0.719811 0.502565 0.717443 0.47356 0.721389 0.455801 0.723757
6 0.58603 0.738753 0.587214 0.992897 0.60438 1 0.622731 1 0.639305 1 0.658248 1 0.687845 1 0.713891 1 0.726914 1 0.734017 0.991318 0.734017 0.726125 0.724546 0.711918 0.696133 0.702447 0.663575 0.700868 0.636938 0.707182 0.61326 0.714286 0.599645 0.723757
6 0.729874 0.724546 0.728098 0.972376 0.74704 0.983425 0.770126 0.992107 0.789661 0.995264 0.813339 0.996054 0.834057 0.988161 0.848856 0.976322 0.857143 0.960537 0.859511 0.722968 0.8382 0.715075 0.810971 0.705604 0.792028 0.704815 0.773086 0.707182 0.75296 0.707972 0.738753 0.714286
6 0.86336 0.758355 0.863062 0.969219 0.879637 0.985793 0.900355 0.995264 0.933504 1 0.957182 1 0.987964 1 1 1 1 1 1 0.746646 1 0.732439 0.993291 0.721389 0.969021 0.716654 0.938832 0.719811 0.900947 0.726914 0.874309 0.733228 0.864246 0.737174
