6 0.0175862 0.436552 0.0175862 0.64069 0.0258621 0.644828 0.0532759 0.648276 0.0755172 0.650345 0.0951724 0.647586 0.12931 0.643448 0.15 0.64069 0.161897 0.633103 0.167586 0.628966 0.169655 0.43931 0.153103 0.437241 0.111724 0.431034 0.0822414 0.431034 0.0537931 0.430345 0.0336207 0.432414
6 0.162414 0.433103 0.161897 0.63931 0.194483 0.642759 0.238448 0.641379 0.266897 0.637241 0.297931 0.632414 0.3 0.43931 0.287069 0.433103 0.260172 0.426207 0.24 0.424138 0.217241 0.424138 0.198621 0.425517 0.18 0.426207 0.168621 0.427586
6 0.299483 0.437241 0.302069 0.634483 0.30931 0.63931 0.327414 0.64069 0.344483 0.642759 0.367241 0.64069 0.38069 0.63931 0.421034 0.635862 0.433448 0.631034 0.433966 0.437931 0.428793 0.433793 0.409138 0.430345 0.383276 0.427586 0.357414 0.427586 0.335172 0.428966 0.312414 0.431034
6 0.431897 0.433103 0.432414 0.632414 0.446897 0.636552 0.475345 0.64 0.521897 0.64069 0.539483 0.637931 0.561724 0.632414 0.559138 0.436552 0.543621 0.429655 0.51931 0.426207 0.497069 0.426897 0.462414 0.426897 0.445345 0.429655
6 0.561207 0.434483 0.56431 0.633103 0.588621 0.636552 0.621207 0.63931 0.645517 0.637931 0.665172 0.636552 0.689483 0.631034 0.697241 0.628966 0.69569 0.426897 0.681724 0.424138 0.659483 0.423448 0.638276 0.423448 0.611897 0.426207 0.592241 0.427586 0.57569 0.431034
6 0.693621 0.431034 0.69569 0.625517 0.712759 0.631034 0.731379 0.633793 0.750517 0.634483 0.776379 0.634483 0.80069 0.633103 0.817759 0.632414 0.83069 0.628966 0.837414 0.626207 0.835862 0.422069 0.815172 0.416552 0.781552 0.417241 0.751552 0.417241 0.72931 0.41931 0.709138 0.423448
6 0.831207 0.431724 0.835862 0.625517 0.861724 0.632414 0.887586 0.633793 0.911897 0.634483 0.941897 0.633793 0.964655 0.633103 0.977069 0.630345 0.975 0.418621 0.962069 0.416552 0.917586 0.415862 0.876724 0.418621 0.861207 0.42 0.847759 0.422759 0.840517 0.424138
6 0.0212069 0.644828 0.0227586 0.851034 0.0310345 0.857931 0.0413793 0.863448 0.0543103 0.865517 0.0672414 0.867586 0.0868966 0.864138 0.105517 0.86069 0.127241 0.855172 0.144828 0.848276 0.160862 0.84069 0.168621 0.833793 0.169655 0.627586 0.157759 0.622069 0.133448 0.612414 0.11069 0.609655 0.0925862 0.609655 0.0755172 0.610345 0.0548276 0.613793 0.0418966 0.61931 0.0315517 0.624138 0.0237931 0.628966 0.0201724 0.635862
6 0.157241 0.64069 0.164483 0.851034 0.173793 0.86069 0.196034 0.866897 0.212586 0.867586 0.244655 0.863448 0.258621 0.858621 0.274655 0.850345 0.292759 0.841379 0.304138 0.826897 0.299483 0.633793 0.295345 0.623448 0.281379 0.615862 0.263793 0.612414 0.24 0.609655 0.219828 0.610345 0.201724 0.612414 0.181552 0.62 0.167069 0.628966
6 0.297414 0.634483 0.3 0.83931 0.312414 0.850345 0.332586 0.857241 0.353793 0.857931 0.377586 0.855172 0.406034 0.848276 0.42569 0.836552 0.433966 0.826897 0.433448 0.626207 0.420517 0.61931 0.406552 0.615862 0.390517 0.613103 0.373966 0.612414 0.358966 0.611724 0.341379 0.612414 0.327931 0.613793 0.315517 0.61931 0.305172 0.623448
6 0.433966 0.632414 0.436034 0.830345 0.442759 0.83931 0.460345 0.847586 0.476379 0.850345 0.492931 0.851724 0.506379 0.851034 0.529138 0.847586 0.546207 0.844828 0.558103 0.836552 0.564828 0.827586 0.563793 0.628966 0.559138 0.622759 0.547241 0.615172 0.522931 0.608966 0.499655 0.606207 0.482586 0.606897 0.460862 0.610345 0.45 0.613103 0.438621 0.618621 0.434483 0.62069
6 0.562759 0.629655 0.565345 0.826897 0.573621 0.837931 0.592759 0.846207 0.610345 0.854483 0.631034 0.855172 0.648103 0.855172 0.669828 0.851034 0.687931 0.846207 0.697241 0.836552 0.697759 0.630345 0.68069 0.62069 0.654828 0.616552 0.628448 0.615862 0.602069 0.617241 0.583448 0.61931 0.57 0.624828
6 0.693103 0.624138 0.695172 0.823448 0.701379 0.828966 0.71431 0.83931 0.728793 0.844828 0.744828 0.850345 0.760862 0.851724 0.776379 0.851724 0.808966 0.846897 0.825517 0.843448 0.83431 0.831034 0.831724 0.628966 0.827586 0.622759 0.811034 0.615172 0.788276 0.609655 0.767586 0.608276 0.747414 0.608966 0.724655 0.609655 0.710172 0.612414 0.69569 0.617241
6 0.826552 0.62069 0.831724 0.826897 0.847759 0.83931 0.861724 0.844828 0.882414 0.851724 0.904655 0.855172 0.919655 0.855172 0.940345 0.855172 0.95431 0.853103 0.966724 0.851034 0.975517 0.844828 0.972931 0.626897 0.962586 0.615172 0.943966 0.605517 0.926379 0.59931 0.909828 0.597931 0.893793 0.597931 0.876724 0.597931 0.860172 0.6 0.845172 0.602759 0.83431 0.606897 0.825517 0.613103
