6 0 0.182168 0.0317511 0.180885 0.0750481 0.183451 0.106318 0.186017 0.146729 0.190507 0.183772 0.19628 0.210712 0.495189 0.186658 0.506735 0.141437 0.523412 0.0875561 0.528544 0.0481078 0.518922 0.0317511 0.516998 0.0259782 0.513149 0.00384862 0.273252
6 0.190988 0.187941 0.199166 0.505452 0.21408 0.516998 0.229955 0.524695 0.251123 0.525978 0.28143 0.525978 0.318473 0.525978 0.343008 0.519564 0.365619 0.509301 0.373316 0.498396 0.379089 0.197563 0.371392 0.188582 0.353111 0.182809 0.326171 0.177037 0.291533 0.175754 0.252085 0.175754 0.220334 0.180885
6 0.364176 0.186017 0.362251 0.495189 0.378127 0.506735 0.423829 0.516998 0.443072 0.518281 0.475305 0.516357 0.505131 0.513791 0.529185 0.510584 0.537364 0.193714 0.524375 0.182809 0.492623 0.175112 0.443554 0.171905 0.412284 0.171905
6 0.537845 0.194997 0.530148 0.508659 0.562861 0.534958 0.598942 0.542656 0.623958 0.545221 0.646568 0.545221 0.670622 0.538807 0.68313 0.536241 0.695638 0.525978 0.702854 0.518922 0.724022 0.195638 0.710071 0.188582 0.677357 0.184734 0.650898 0.184734 0.613855 0.182809 0.570077 0.1873
6 0.722097 0.197563 0.693233 0.506094 0.724503 0.516357 0.755292 0.518922 0.775978 0.52213 0.800513 0.523412 0.817832 0.520847 0.838037 0.516357 0.845253 0.506735 0.87941 0.20077 0.844772 0.192431 0.818313 0.189865 0.793778 0.190507 0.765876 0.190507 0.746632 0.191148
6 0.879891 0.192431 0.844772 0.498396 0.871713 0.515715 0.908756 0.527261 0.925593 0.531751 0.945318 0.536883 0.966004 0.537524 0.989096 0.541373 1 0.542656 1 0.542014 1 0.211674 1 0.207826 1 0.202694 1 0.200128 0.970334 0.195638 0.934253 0.193714 0.908756 0.192431
6 0.0739256 0.755613 0.0513149 0.77678 0.0282232 0.792174 0.00465042 0.802437 0 0.808852 0 0.807569 0 0.552919 0 0.54009 0 0.534317 0 0.519564 0 0.513791 0.0277421 0.509942 0.0359205 0.509301
6 0.0408916 0.515715 0.0721616 0.778063 0.086594 0.790892 0.100545 0.796665 0.116421 0.798589 0.139031 0.796665 0.164529 0.792816 0.200609 0.778704 0.22755 0.756895 0.233323 0.737011 0.227069 0.62925 0.222258 0.573445 0.218409 0.525978 0.212636 0.495189 0.203977 0.484926 0.173188 0.479795 0.154426 0.477229 0.123156 0.478512 0.0885183 0.487492 0.0654266 0.495189 0.0509942 0.502886
6 0.204939 0.501604 0.223701 0.772931 0.237171 0.795382 0.254009 0.801796 0.276139 0.806286 0.330019 0.797947 0.35696 0.786402 0.375241 0.76331 0.383419 0.738935 0.371392 0.528544 0.368505 0.493906 0.350225 0.48236 0.319436 0.475946 0.283836 0.478512 0.260263 0.479795 0.234766 0.483643 0.218409 0.490058
6 0.369949 0.502886 0.376203 0.764593 0.383419 0.779987 0.395446 0.792816 0.409878 0.798589 0.435375 0.804362 0.464721 0.804362 0.489256 0.798589 0.510423 0.788326 0.523894 0.77229 0.529666 0.750481 0.533034 0.497755 0.512348 0.483643 0.485888 0.479795 0.462797 0.479795 0.427678 0.478512 0.400257 0.483643 0.381495 0.488775
6 0.529666 0.510584 0.525337 0.76331 0.534958 0.785119 0.552277 0.796023 0.567672 0.806286 0.581142 0.811418 0.602309 0.817191 0.623958 0.816549 0.644644 0.813342 0.662925 0.803079 0.676395 0.795382 0.681206 0.777421 0.699006 0.511225 0.678319 0.506094 0.654747 0.501604 0.610969 0.496472 0.577774 0.498396 0.55805 0.502886 0.543137 0.504169
6 0.694676 0.506735 0.678319 0.767158 0.689384 0.778063 0.708146 0.791533 0.724022 0.801155 0.751443 0.809493 0.775497 0.811418 0.804362 0.809493 0.820718 0.801796 0.829859 0.780629 0.83034 0.760744 0.858724 0.518281 0.848621 0.505452 0.811097 0.493906 0.783194 0.488133 0.762027 0.488775 0.735568 0.491341 0.708146 0.495831
6 0.848621 0.505452 0.823605 0.762027 0.842848 0.78127 0.87075 0.805645 0.888069 0.813342 0.91068 0.819115 0.931847 0.822322 0.953015 0.824888 0.974182 0.822322 0.991501 0.812059 0.998717 0.796023 1 0.551636 1 0.534317 1 0.519564 0.98236 0.516357 0.953496 0.509301 0.924631 0.505452 0.89288 0.504169 0.863053 0.503528
