6 0.0292208 0.336663 0.0367133 0.6004 0.0524476 0.612388 0.0726773 0.618382 0.0966533 0.618382 0.122128 0.615385 0.143856 0.612388 0.164086 0.605395 0.181319 0.599401 0.188062 0.59041 0.18956 0.343656 0.152847 0.330669 0.126623 0.326673 0.0989011 0.322677 0.0749251 0.323676 0.0494505 0.325674
6 0.191059 0.340659 0.188811 0.596404 0.198551 0.603397 0.211289 0.609391 0.229271 0.613387 0.254745 0.616384 0.271978 0.615385 0.293706 0.61039 0.311688 0.604396 0.33042 0.594406 0.337163 0.586414 0.341658 0.342657 0.309441 0.32967 0.284715 0.326673 0.256244 0.323676 0.233017 0.327672 0.211289 0.333666
6 0.345784 0.34217 0.337953 0.593576 0.353615 0.604821 0.376507 0.612853 0.399399 0.615263 0.420483 0.616066 0.438555 0.612853 0.456025 0.608837 0.473495 0.598395 0.485544 0.353415 0.460845 0.338957 0.432531 0.334941 0.400001 0.330121 0.375302 0.330121
6 0.489158 0.342973 0.4747 0.58715 0.486748 0.595182 0.50723 0.601608 0.526508 0.602411 0.545785 0.604018 0.563255 0.606427 0.585544 0.604018 0.604821 0.602411 0.618074 0.347792 0.586146 0.334941 0.564459 0.329318 0.540965 0.330121 0.515062 0.333334
6 0.618676 0.36225 0.609038 0.596789 0.623496 0.607231 0.642171 0.617672 0.665665 0.623295 0.687351 0.627311 0.706026 0.628114 0.727713 0.624098 0.743978 0.617672 0.747593 0.607231 0.763255 0.365463 0.739159 0.355824 0.712653 0.350202 0.683737 0.347792 0.661448 0.346989 0.642171 0.349399
6 0.750002 0.351808 0.735544 0.59197 0.756026 0.601608 0.77952 0.60964 0.798195 0.611247 0.81687 0.61446 0.828918 0.61446 0.848195 0.608837 0.859641 0.600805 0.877713 0.361447 0.854219 0.351005 0.833737 0.347792 0.813858 0.344579 0.795785 0.34217 0.776508 0.342973
6 0.875906 0.358234 0.860243 0.590363 0.872292 0.600805 0.893979 0.608837 0.918677 0.616869 0.941569 0.623295 0.966268 0.627311 0.983738 0.626508 0.998798 0.623295 1 0.370282 0.993376 0.358234 0.963256 0.351005 0.940364 0.350202 0.916268 0.350202 0.895786 0.353415
6 0.0379519 0.604018 0.0518074 0.844982 0.0578315 0.858637 0.0698797 0.871488 0.0855424 0.875505 0.106627 0.875505 0.128916 0.872292 0.153615 0.865063 0.170482 0.856227 0.187952 0.843376 0.200603 0.827312 0.194579 0.590363 0.171085 0.583937 0.151808 0.582331 0.130723 0.580725 0.10482 0.583134 0.0837352 0.584741 0.0596387 0.588757
6 0.198193 0.601608 0.201205 0.825705 0.206025 0.840163 0.219278 0.849802 0.232531 0.857031 0.25482 0.857834 0.278314 0.856227 0.300603 0.849802 0.31988 0.83936 0.333133 0.824099 0.340362 0.808034 0.339158 0.593576 0.318073 0.585544 0.296989 0.585544 0.277712 0.585544 0.253615 0.586347 0.236145 0.591166 0.215061 0.594379
6 0.339158 0.596789 0.337953 0.824902 0.345182 0.840966 0.356628 0.851408 0.375905 0.858637 0.395784 0.860243 0.418676 0.85944 0.434941 0.853818 0.451206 0.844982 0.465664 0.832131 0.469278 0.813657 0.470483 0.593576 0.454821 0.583937 0.435543 0.580725 0.412049 0.580725 0.390965 0.583134 0.375302 0.585544 0.353615 0.587954
6 0.475303 0.596789 0.470483 0.820083 0.4747 0.831328 0.484339 0.840966 0.501809 0.853818 0.519881 0.857834 0.539761 0.858637 0.559038 0.857834 0.574098 0.851408 0.587351 0.847392 0.595321 0.839243 0.598797 0.827312 0.604219 0.600002 0.584941 0.59197 0.567472 0.587954 0.552411 0.587954 0.523495 0.585544 0.503616 0.587954
6 0.607231 0.600805 0.597592 0.816067 0.603616 0.829721 0.615664 0.84177 0.63193 0.853015 0.651207 0.86185 0.675303 0.866669 0.695183 0.865866 0.713255 0.86185 0.725906 0.849802 0.731327 0.832131 0.743376 0.608837 0.720484 0.600805 0.69458 0.594379 0.668074 0.590363 0.64699 0.59197 0.625303 0.592773
6 0.741568 0.595986 0.724701 0.81687 0.736749 0.831328 0.757231 0.842573 0.780725 0.853015 0.803014 0.858637 0.825906 0.858637 0.842171 0.855424 0.85181 0.847392 0.854822 0.831328 0.874701 0.607231 0.859641 0.595986 0.833135 0.586347 0.81446 0.585544 0.792171 0.584741 0.770484 0.585544
6 0.869882 0.602411 0.851207 0.816067 0.857231 0.827312 0.869882 0.836147 0.889159 0.850605 0.912653 0.85944 0.938557 0.867472 0.966268 0.866669 0.983738 0.863456 0.992172 0.845786 1 0.616066 0.98916 0.604018 0.959641 0.596789 0.933135 0.59197 0.906027 0.59197
6 0.746388 0.0200804 0.73193 0.222491 0.762653 0.230523 0.798798 0.233736 0.83193 0.232932 0.872292 0.232932 0.890966 0.02249 0.86687 0.00562251 0.832533 0 0.803014 0 0.772291 0.00803215
6 0.884942 0.0240965 0.870484 0.235342 0.908436 0.240161 0.955424 0.240965 1 0.240161 1 0 0.967473 0.00321285 0.936147 0.00722893 0.904219 0.0152611
6 0.315952 0.21823 0.314707 0 0.308483 0 0.292922 0 0.272382 0 0.232546 0 0.203915 0 0.187731 0 0.17466 0 0.178395 0.208272 0.193333 0.212421 0.213251 0.213251 0.244995 0.215741 0.26678 0.217401 0.296656 0.21989
6 0.46409 0.22155 0.464712 0 0.450396 0 0.429856 0 0.403092 0 0.356409 0 0.340849 0 0.3284 0 0.315329 0 0.324043 0.216571 0.34894 0.22155 0.368858 0.22404 0.401847 0.22404 0.424254 0.22487 0.449774 0.22404
6 0.602269 0.226529 0.610983 0 0.58982 0 0.556209 0 0.536914 0 0.50517 0 0.480273 0 0.468447 0 0.4616 0 0.460977 0.21823 0.480273 0.228189 0.515751 0.232339 0.559321 0.233999 0.574882 0.233169 0.589198 0.230679
6 0.739146 0.231207 0.75499 0 0.740844 0 0.719342 0 0.702366 0 0.668416 0 0.65427 0 0.632767 0 0.62428 0 0.615226 0 0.60787 0.00486968 0.604475 0.224417 0.6107 0.234225 0.627109 0.237997 0.641255 0.242524 0.666718 0.243278 0.689352 0.245542 0.704064 0.245542 0.725566 0.240261 0.73179 0.235734
