6 0.937139 0.650417 0.924631 0.782553 0.922707 0.787684 0.908275 0.79025 0.896729 0.79025 0.880372 0.788326 0.868345 0.78127 0.864015 0.777421 0.858724 0.77229 0.864978 0.645285 0.868826 0.638871 0.876042 0.636305 0.897691 0.636947 0.918858 0.640154 0.929923 0.644003
6 0.935215 0.518922 0.933291 0.641437 0.927999 0.645285 0.912604 0.64721 0.891437 0.646568 0.874599 0.646568 0.864496 0.644003 0.856799 0.638871 0.859205 0.513791 0.868345 0.508018 0.884221 0.505452 0.905388 0.504169 0.916934 0.505452 0.925593 0.509301
6 0.849583 0.693393 0.839962 0.830019 0.837075 0.840282 0.829859 0.845414 0.814464 0.849262 0.800513 0.847338 0.779827 0.842207 0.766357 0.835151 0.756735 0.829378 0.749038 0.826171 0.757216 0.667094 0.766357 0.66068 0.775978 0.660038 0.793778 0.659397 0.810616 0.662604 0.829859 0.668377 0.841405 0.676074 0.847178 0.68313
6 0.890956 0.66517 0.87941 0.798589 0.876523 0.80821 0.862091 0.814625 0.834189 0.812059 0.815908 0.805645 0.806286 0.801796 0.801475 0.796665 0.809173 0.655548 0.814464 0.647851 0.82601 0.64721 0.839962 0.64721 0.856799 0.649134 0.86594 0.649134 0.877486 0.654266 0.885664 0.658114
6 0.873637 0.537524 0.864496 0.652341 0.856318 0.657473 0.838037 0.660038 0.824086 0.660038 0.812059 0.655548 0.793297 0.649134 0.7856 0.644003 0.793778 0.509301 0.806286 0.504169 0.825529 0.501604 0.837075 0.501604 0.849583 0.501604 0.862572 0.508018 0.870269 0.513149 0.875561 0.519564
6 0.793778 0.706222 0.782232 0.859525 0.778384 0.876203 0.764913 0.880693 0.749519 0.881334 0.7322 0.878127 0.720654 0.872996 0.710552 0.864657 0.702373 0.850545 0.707184 0.713919 0.711995 0.700449 0.71873 0.692752 0.7322 0.68762 0.749038 0.685055 0.760103 0.685055 0.775497 0.690827 0.784157 0.6966
6 0.714881 0.162284 0.704779 0.329057 0.6966 0.329699 0.670141 0.328416 0.650898 0.329699 0.632136 0.329699 0.615779 0.328416 0.608563 0.32585 0.620109 0.153945 0.631174 0.149455 0.650898 0.148813 0.687941 0.150096 0.70093 0.152021
6 0.670141 0.601668 0.657152 0.770366 0.652822 0.776139 0.646568 0.780629 0.630212 0.783194 0.612893 0.783836 0.58932 0.78127 0.574407 0.776139 0.56238 0.771007 0.573445 0.593329 0.581142 0.583708 0.593169 0.5805 0.61626 0.577935 0.628287 0.577935 0.641758 0.581142 0.653303 0.586273 0.660038 0.590122 0.664849 0.596536
6 0.658114 0.769724 0.648493 0.941629 0.645125 0.951892 0.629731 0.960872 0.614817 0.966004 0.60279 0.966004 0.585953 0.964721 0.574407 0.962797 0.564785 0.952534 0.55805 0.945478 0.555164 0.939705 0.561899 0.762668 0.570558 0.747274 0.58499 0.737652 0.599423 0.735087 0.621552 0.738935 0.633098 0.742784 0.647049 0.750481 0.653303 0.758178
6 0.35696 0.667736 0.364176 0.857601 0.381976 0.869788 0.39737 0.87043 0.416132 0.87043 0.429602 0.868505 0.449326 0.864657 0.460391 0.860808 0.471937 0.850545 0.481078 0.842848 0.486851 0.835151 0.489256 0.823605 0.483964 0.618987 0.472418 0.609365 0.455099 0.601026 0.438743 0.598461 0.423829 0.596536 0.402662 0.599102 0.384862 0.604233 0.369468 0.611931 0.358884 0.619628 0.356479 0.628608
6 0.584028 0.587556 0.574407 0.790892 0.572482 0.801796 0.559012 0.810776 0.545061 0.817191 0.506094 0.818473 0.488775 0.815908 0.475786 0.806928 0.45991 0.796023 0.465683 0.599102 0.470013 0.585632 0.483964 0.574727 0.500321 0.570237 0.527261 0.564464 0.550834 0.567672 0.559012 0.572162 0.573445 0.581142
6 0.730276 0.735087 0.720654 0.903143 0.714881 0.916613 0.701411 0.922386 0.667736 0.922386 0.648974 0.914047 0.633579 0.903784 0.625401 0.891597 0.630212 0.724182 0.641758 0.710712 0.655228 0.705581 0.668698 0.703015 0.677838 0.703015 0.689384 0.704298 0.70526 0.709429 0.714881 0.716485 0.721616 0.724824
6 0.717768 0.331623 0.702854 0.490699 0.6966 0.496472 0.675914 0.500321 0.652341 0.499038 0.62059 0.492623 0.605196 0.487492 0.610487 0.323284 0.653303 0.323926 0.704298 0.32585
6 0.779346 0.33483 0.766838 0.480436 0.761065 0.483643 0.741341 0.485568 0.715843 0.486209 0.702373 0.483002 0.687941 0.47787 0.692752 0.329699 0.715843 0.329057 0.737011 0.329699 0.764432 0.330981
6 0.835632 0.334189 0.824086 0.468249 0.818313 0.477229 0.805324 0.481078 0.790892 0.479795 0.775978 0.475946 0.756735 0.47338 0.747595 0.466966 0.758659 0.331623 0.79474 0.330981
6 0.843329 0.184734 0.83034 0.332264 0.81254 0.333547 0.787043 0.332264 0.762508 0.329699 0.769724 0.182168 0.791373 0.178319 0.808691 0.177678 0.827453 0.178319
6 0.932328 0.339962 0.918858 0.457986 0.902983 0.462476 0.873637 0.460552 0.843329 0.456703 0.832264 0.451572 0.840924 0.33483 0.85247 0.334189 0.900577 0.336754 0.91982 0.337396
6 0.967928 0.341886 0.960712 0.454779 0.940026 0.457344 0.921745 0.456703 0.908756 0.452213 0.901539 0.449647 0.91068 0.338679 0.923669 0.338679 0.94195 0.338679 0.949647 0.33932
6 0.949647 0.332264 0.945799 0.449647 0.960712 0.454779 0.976106 0.456703 0.984285 0.456703 0.993906 0.452854 0.998717 0.336113
6 0.589801 0.806928 0.579699 0.998717 0.578929 1 0.57152 1 0.559878 1 0.541886 1 0.521248 1 0.502726 1 0.487909 1 0.475208 1 0.470446 1 0.470975 0.788839 0.48103 0.774727 0.493201 0.765555 0.50696 0.760616 0.536065 0.75991 0.554586 0.762733 0.570462 0.76626 0.580516 0.77755 0.587396 0.79025
6 0.500609 0.843874 0.498493 1 0.491084 1 0.47325 1 0.445892 1 0.40398 1 0.382442 1 0.3708 1 0.358576 1 0.352755 0.826588 0.363815 0.810289 0.377785 0.800975 0.396995 0.793214 0.427264 0.791661 0.44822 0.793214 0.477325 0.804856 0.486639 0.811841 0.495953 0.826588
6 0.377203 0.646523 0.379532 0.881693 0.371382 0.901873 0.359158 0.91662 0.345188 0.925933 0.320157 0.937575 0.284067 0.947665 0.247394 0.943784 0.226438 0.929814 0.210722 0.908082 0.204901 0.659718 0.220035 0.643419 0.243319 0.624015 0.278246 0.612373 0.32656 0.60694 0.363233 0.619359
6 0.380114 0.873932 0.377785 1 0.370218 1 0.349262 1 0.282903 1 0.254962 1 0.236334 1 0.227021 1 0.221782 0.894112 0.237498 0.863842 0.259036 0.848319 0.303276 0.839006 0.334128 0.84211 0.351591 0.851424 0.368472 0.864618
6 0.221199 0.696972 0.230513 0.943784 0.206065 0.979487 0.185109 0.997338 0.153675 1 0.12166 1 0.0849872 1 0.0424936 1 0.0308515 0.696972 0.0500609 0.670584 0.12166 0.640314 0.151347 0.639538 0.185109 0.645747 0.205483 0.656613 0.217125 0.676793
6 0.963964 0.218871 0.95465 0.341501 0.995398 0.341501 1 0.341501 1 0.226632
