6 0.139483 0.311024 0.120501 0.31946 0.0842238 0.329584 0.0546963 0.337458 0.019685 0.337458 0 0.329584 0 0.32396 0 0.0455568 0 0.0337458 0 0.0292463 0.00660855 0.0275591 0.0407762 0.0286839 0.0677728 0.0292463 0.0888639 0.0337458 0.0977222 0.0343082
6 0.0698819 0.674916 0.0437289 0.695726 0.0129359 0.710349 0 0.715973 0 0.710349 0 0.538245 0 0.51631 0 0.504499 0 0.498313 0 0.492688 0.00534308 0.489876 0.0234814 0.487627 0.0395107 0.487627 0.0475253 0.489876 0.0774747 0.669854
6 0.115439 0.874016 0.0968785 0.888076 0.086333 0.897638 0.06482 0.909449 0.0407762 0.918448 0.0120922 0.917885 0 0.910011 0 0.899325 0 0.725534 0 0.718785 0 0.708661 0.0019685 0.695726 0.0310742 0.688976 0.0559618 0.682227 0.0711474 0.676603 0.0816929 0.681665 0.121766 0.868954
6 0.0970191 0.0326209 0.141732 0.320022 0.153965 0.332958 0.177165 0.34027 0.203318 0.341395 0.230315 0.33802 0.255202 0.333521 0.284308 0.324522 0.307508 0.316648 0.315101 0.306524 0.296119 0.0326209 0.254359 0.0298088 0.199522 0.0281215 0.141732 0.0298088
6 0.290636 0.0343082 0.311305 0.322835 0.332396 0.34027 0.346316 0.344769 0.366564 0.347019 0.41212 0.346457 0.448819 0.34027 0.470332 0.331271 0.481721 0.321147 0.484252 0.0416198 0.478346 0.0382452 0.447975 0.0359955 0.402418 0.0343082 0.341676 0.0298088
6 0.485517 0.0427447 0.479612 0.31946 0.498594 0.336895 0.526012 0.343645 0.551744 0.348144 0.567773 0.348144 0.604893 0.346457 0.624719 0.338583 0.644966 0.326772 0.668166 0.0466817 0.65045 0.0444319 0.614595 0.0433071 0.570726 0.0410574 0.535292 0.0393701 0.500703 0.0410574
6 0.667745 0.0466817 0.646232 0.323397 0.660152 0.336333 0.682087 0.344769 0.698538 0.351519 0.722582 0.353768 0.774044 0.352081 0.794713 0.349831 0.810742 0.345332 0.820022 0.335208 0.863048 0.0511811 0.828881 0.0494938 0.799775 0.0466817 0.753796 0.0449944 0.707396 0.0433071
6 0.852925 0.0494938 0.817492 0.329584 0.835208 0.343082 0.874438 0.352081 0.91198 0.35883 0.971879 0.35883 0.985377 0.348144 0.991704 0.330146 1 0.0618673 1 0.0596175 0.99297 0.0534308 0.954162 0.0500562 0.923369 0.0478065 0.873172 0.0494938
6 0.0476659 0.505062 0.0755062 0.700787 0.0936445 0.719348 0.116001 0.726097 0.137514 0.730034 0.170416 0.722722 0.214708 0.697975 0.226519 0.68279 0.232424 0.663667 0.209646 0.461192 0.186867 0.453318 0.155231 0.451631 0.129921 0.449944 0.0995501 0.45613 0.0679134 0.463442 0.0501969 0.476378 0.0464004 0.479753 0.0438695 0.486502
6 0.0835208 0.704724 0.118954 0.893701 0.134139 0.913948 0.144263 0.920135 0.159027 0.924072 0.184336 0.92351 0.201209 0.918448 0.21766 0.908886 0.234111 0.895388 0.248875 0.881327 0.25689 0.86108 0.229893 0.668729 0.205849 0.651856 0.184758 0.645669 0.167885 0.645107 0.148903 0.648481 0.122328 0.660292 0.107565 0.672103 0.0932227 0.685602
6 0.218504 0.459505 0.223988 0.686164 0.234111 0.695726 0.249297 0.706412 0.270388 0.716535 0.302025 0.715973 0.340411 0.704724 0.359393 0.697975 0.370782 0.690664 0.377109 0.673791 0.376687 0.45838 0.356862 0.452756 0.325225 0.443195 0.303712 0.443195 0.278403 0.446569 0.242548 0.453318
6 0.372891 0.465129 0.380484 0.692913 0.393138 0.714848 0.410855 0.726097 0.430259 0.731721 0.447975 0.735096 0.477081 0.730034 0.495641 0.726659 0.510827 0.710911 0.526434 0.684477 0.526012 0.465129 0.506187 0.455006 0.482987 0.446569 0.458943 0.442632 0.436164 0.442632 0.409589 0.446007 0.389342 0.452756
6 0.533605 0.454443 0.524747 0.668729 0.542885 0.686164 0.553853 0.696288 0.575366 0.70135 0.61333 0.70135 0.645388 0.687852 0.659308 0.672103 0.680399 0.46288 0.66901 0.448256 0.644123 0.442632 0.609533 0.440945 0.584224 0.439258 0.554274 0.444319
6 0.689679 0.460067 0.668166 0.667604 0.674494 0.688976 0.694741 0.708099 0.712458 0.721597 0.741142 0.732846 0.784168 0.734533 0.798088 0.729471 0.816226 0.714286 0.853768 0.483127 0.837317 0.466254 0.816226 0.45613 0.793448 0.447694 0.761811 0.444882 0.732705 0.448256 0.709505 0.451631
6 0.231159 0.67604 0.255202 0.884702 0.269544 0.912261 0.288105 0.922385 0.301181 0.925759 0.327334 0.924072 0.348003 0.915636 0.372047 0.892013 0.38428 0.874578 0.388498 0.853206 0.383015 0.670979 0.372891 0.647357 0.35644 0.638358 0.334927 0.635546 0.309618 0.631609 0.285996 0.633296 0.262795 0.640607 0.245079 0.650731
6 0.379218 0.672103 0.384702 0.868391 0.391029 0.895388 0.399466 0.910011 0.408324 0.920135 0.424775 0.927447 0.440382 0.934196 0.464004 0.932508 0.47919 0.928571 0.491001 0.91901 0.508718 0.903262 0.515045 0.876828 0.517576 0.861642 0.523903 0.674353 0.50703 0.656918 0.48847 0.649044 0.469066 0.646794 0.445444 0.64342 0.420135 0.645669 0.404528 0.650169 0.394404 0.655793
6 0.526012 0.667042 0.51842 0.854893 0.520107 0.873453 0.534871 0.894826 0.545416 0.904949 0.558915 0.912261 0.5741 0.91676 0.596035 0.918448 0.60869 0.917323 0.62725 0.904949 0.638639 0.890326 0.643701 0.877953 0.646232 0.86108 0.666479 0.669291 0.648763 0.651856 0.622188 0.63892 0.593926 0.635546 0.567351 0.637795 0.549634 0.645107
6 0.66901 0.663667 0.644966 0.852643 0.654246 0.880202 0.665636 0.901575 0.677868 0.912261 0.690945 0.922385 0.7036 0.928571 0.715832 0.932508 0.739033 0.93757 0.750422 0.934196 0.763076 0.924072 0.774044 0.913948 0.781637 0.8982 0.816226 0.704724 0.814539 0.68054 0.803571 0.663667 0.781637 0.652418 0.76392 0.648481 0.739033 0.645107 0.714567 0.645669 0.69221 0.651856
