6 0.245481 0.427151 0.255587 0.613691 0.267716 0.629373 0.294915 0.633294 0.323584 0.628393 0.342329 0.620062 0.358869 0.6034 0.359972 0.595068 0.355194 0.463239 0.355194 0.40051 0.342697 0.391688 0.31219 0.387278 0.294915 0.386788 0.279845 0.387278 0.266981 0.389728 0.253014 0.394139 0.245663 0.39953 0.243825 0.406391
6 0.258527 0.627903 0.267716 0.787177 0.27617 0.802369 0.286461 0.80727 0.302633 0.81021 0.314395 0.81168 0.339021 0.801389 0.351518 0.792077 0.358134 0.780316 0.361075 0.765613 0.358502 0.667109 0.357031 0.60487 0.356664 0.599479 0.340124 0.595068 0.321011 0.594578 0.310352 0.594578 0.297855 0.596539 0.285358 0.598989 0.272126 0.60291 0.263305 0.60585 0.258527 0.60879
6 0.467529 0.571545 0.472675 0.560273 0.481496 0.552922 0.49583 0.548512 0.515678 0.549982 0.536629 0.552432 0.553169 0.568114 0.558682 0.583307 0.555742 0.60879 0.549493 0.715136 0.547288 0.734739 0.543612 0.748951 0.538834 0.754832 0.531483 0.761693 0.520457 0.765613 0.505754 0.769534 0.488847 0.764633 0.477453 0.759243 0.469734 0.750911 0.466794 0.746011 0.463118 0.73964
6 0.6618 0.599053 0.648185 0.765588 0.665351 0.782952 0.700868 0.794791 0.72573 0.793212 0.735201 0.779006 0.756511 0.614049 0.748224 0.599053 0.72573 0.586425 0.702052 0.584057 0.681334 0.586425 0.665351 0.591949
6 0.758879 0.61247 0.740529 0.765588 0.75296 0.787687 0.767758 0.796369 0.789069 0.802684 0.809195 0.805051 0.825178 0.801894 0.837017 0.794002 0.854183 0.676401 0.857735 0.640095 0.861878 0.619574 0.837017 0.603788 0.810379 0.595896 0.787885 0.595896 0.768942 0.596685
6 0.791436 0.40884 0.764207 0.60221 0.787885 0.621152 0.834057 0.633781 0.857735 0.630624 0.864838 0.620363 0.901539 0.432518 0.89266 0.414365 0.861878 0.407261 0.837017 0.399369 0.816298 0.396212 0.796172 0.399369
6 0.863654 0.617995 0.841752 0.778216 0.851223 0.801105 0.871942 0.813733 0.906867 0.821626 0.926993 0.820837 0.941792 0.812944 0.963694 0.700079 0.976125 0.646409 0.973757 0.638516 0.952447 0.625888 0.928177 0.617995 0.906867 0.615627 0.884964 0.61326 0.875493 0.616417
6 0.826953 0.208366 0.870758 0.219416 0.91693 0.223362 0.955998 0.22573 0.978493 0.221784 1 0.0173639 0.997435 0.000789266 0.886148 0.000789266 0.852999 0.00157853
6 0.68015 0 0.6618 0.202841 0.681334 0.210734 0.745264 0.21547 0.778414 0.217837 0.813339 0.21547 0.82577 0.213102 0.848856 0.0276243 0.850631 0
6 0.51322 0 0.506709 0.198106 0.516772 0.207577 0.56176 0.213891 0.602013 0.21547 0.635162 0.213102 0.654696 0.209155 0.65884 0.205209 0.67423 0 0.603197 0.000789266
6 0.345107 0 0.346882 0.0868193 0.348658 0.191002 0.355762 0.197316 0.404893 0.207577 0.445738 0.205998 0.474152 0.205209 0.499605 0.198895 0.504933 0.194949 0.506709 0
6 0.174033 0 0.187056 0.185478 0.20955 0.19337 0.234412 0.198106 0.259866 0.198895 0.297159 0.198895 0.324388 0.197316 0.340963 0.195738 0.35221 0.191002 0.342739 0
6 0.000591949 0.112865 0.0100631 0.18232 0.0692581 0.190213 0.111878 0.19337 0.157459 0.187056 0.18528 0.183899 0.176993 0.00157853 0.0219021 0 0.000591949 0.000789266
6 0.382991 0.349645 0.384775 0.45703 0.398389 0.465721 0.420913 0.467295 0.439863 0.461745 0.449312 0.452244 0.44929 0.385162 0.448698 0.347277 0.44337 0.336227 0.42206 0.328335 0.400158 0.331492 0.388319 0.336227
6 0.404301 0.48382 0.40371 0.565904 0.404301 0.599053 0.419711 0.610078 0.43822 0.614506 0.454025 0.61247 0.467048 0.610103 0.474152 0.600631 0.476519 0.524862 0.476519 0.486977 0.472376 0.470403 0.452841 0.464878 0.436267 0.460142 0.41614 0.464878 0.409629 0.467245
