6 0.00890625 0.318542 0.0323437 0.313958 0.0759375 0.313958 0.08625 0.446667 0.0210938 0.451667
6 0.074375 0.311875 0.129375 0.307292 0.147969 0.309167 0.158281 0.438125 0.131875 0.446667 0.0860937 0.445625 0.07375 0.31
6 0.148125 0.311875 0.165781 0.30625 0.202969 0.303333 0.215781 0.30625 0.227969 0.436667 0.160156 0.443333
6 0.222187 0.304375 0.270156 0.301458 0.280156 0.305208 0.290156 0.43 0.270781 0.435833 0.227969 0.434792 0.217188 0.308125
6 0.282969 0.301458 0.343594 0.300625 0.355 0.425208 0.292187 0.431042 0.281562 0.3025
6 0.342187 0.29875 0.375781 0.294792 0.4 0.29625 0.411094 0.420208 0.352969 0.425208 0.345 0.29875
6 0.407188 0.29875 0.456719 0.294583 0.465313 0.414375 0.409844 0.418958 0.402187 0.299583
6 0.459375 0.29875 0.484219 0.292917 0.516406 0.292917 0.521406 0.412917 0.465 0.417708 0.457813 0.296667
6 0.518594 0.296667 0.529219 0.29 0.569219 0.29 0.575625 0.408125 0.520781 0.411042 0.515781 0.294792
6 0.568594 0.291042 0.612031 0.285417 0.622812 0.289167 0.623594 0.404375 0.574688 0.406875 0.568281 0.290833
6 0.0189062 0.465625 0.0284375 0.46125 0.0960938 0.456458 0.10375 0.5775 0.06375 0.590833 0.0301563 0.590833
6 0.162344 0.44625 0.174375 0.56625 0.152344 0.579583 0.107031 0.582917 0.09625 0.455 0.158125 0.446042
6 0.165781 0.44625 0.232187 0.441458 0.240156 0.560417 0.236563 0.567083 0.21375 0.57375 0.185781 0.575625 0.172656 0.571875 0.164844 0.491458 0.163281 0.447292
6 0.290781 0.43 0.301563 0.551875 0.290156 0.560417 0.269375 0.565208 0.24125 0.56375 0.232656 0.473333 0.231875 0.4375
6 0.292031 0.431042 0.317812 0.424375 0.3525 0.427708 0.360156 0.528125 0.359687 0.54625 0.337031 0.555625 0.298438 0.5575 0.29 0.432917
6 0.352031 0.43 0.367812 0.4225 0.412812 0.423333 0.419844 0.536667 0.413438 0.542292 0.394219 0.54625 0.357031 0.548125 0.348438 0.429167
6 0.413281 0.423333 0.414219 0.418542 0.438438 0.41375 0.469219 0.416667 0.47625 0.528958 0.47125 0.53375 0.45125 0.539583 0.432031 0.540417 0.419063 0.536875 0.4125 0.449583 0.413281 0.42375
6 0.467656 0.418542 0.475625 0.41375 0.517031 0.411042 0.52125 0.41375 0.528438 0.516667 0.515625 0.527083 0.472031 0.532917 0.464844 0.418542
6 0.517031 0.415833 0.52625 0.407083 0.548438 0.403333 0.57625 0.408125 0.579844 0.514792 0.575469 0.521458 0.56125 0.527083 0.52125 0.525208 0.51625 0.414792
6 0.568438 0.41 0.59625 0.4025 0.62625 0.401458 0.628437 0.508958 0.620469 0.517708 0.60625 0.521458 0.58625 0.520417 0.573438 0.514792 0.569063 0.41
