6 0 0.698542 0.0009375 0.668958 0.00875 0.658542 0.0315625 0.642292 0.0551562 0.640417 0.0723437 0.65375 0.102344 0.738542 0.0979688 0.754583 0.0909375 0.767917 0.0779688 0.780417 0.0665625 0.787083 0.0451562 0.786042 0.0351562 0.7775 0 0.6975
6 0.074375 0.672708 0.0779688 0.658542 0.08875 0.643333 0.10875 0.63375 0.125781 0.630833 0.140156 0.636667 0.14625 0.650208 0.146875 0.674167 0.153125 0.705417 0.166563 0.74125 0.164375 0.75 0.147344 0.77 0.135156 0.776458 0.120781 0.776458 0.107969 0.770833 0.101562 0.765208 0.0715625 0.680417
6 0.147344 0.683333 0.145156 0.671875 0.14875 0.658542 0.154375 0.65 0.166563 0.640417 0.182188 0.63375 0.201563 0.636667 0.212969 0.65 0.22875 0.716667 0.229375 0.7375 0.224375 0.752708 0.209375 0.77 0.189375 0.778542 0.175781 0.77375 0.165781 0.762292 0.145781 0.684167
6 0.217031 0.670417 0.218125 0.656875 0.225937 0.6425 0.235469 0.633125 0.246094 0.628333 0.262188 0.626667 0.276406 0.634583 0.282969 0.647292 0.293125 0.73375 0.282969 0.755208 0.272344 0.764792 0.260469 0.76875 0.245 0.767917 0.237188 0.763125 0.23125 0.753542 0.215781 0.669583
6 0.280781 0.665208 0.293594 0.75375 0.302969 0.762292 0.316562 0.763333 0.338594 0.7575 0.345 0.750833 0.352969 0.735625 0.349375 0.65375 0.345 0.639375 0.334375 0.628958 0.305 0.628125 0.292969 0.638542 0.285156 0.650833 0.282187 0.664167
6 0.35 0.658542 0.357969 0.6375 0.368594 0.63 0.384375 0.625208 0.397187 0.628125 0.408594 0.635625 0.415781 0.660417 0.411406 0.730833 0.407969 0.743333 0.399375 0.754583 0.385 0.76125 0.370781 0.760417 0.362969 0.7575 0.353594 0.745208 0.348594 0.659375
6 0.415 0.651875 0.417812 0.641458 0.427187 0.63 0.444375 0.622292 0.460781 0.626042 0.468594 0.635625 0.473594 0.654792 0.468594 0.735625 0.46 0.754583 0.445781 0.760417 0.432188 0.76125 0.413594 0.745208 0.413594 0.650833
6 0.475 0.650833 0.485781 0.63375 0.501406 0.624167 0.529219 0.635625 0.535625 0.665208 0.520781 0.747917 0.509219 0.758542 0.49 0.759375 0.480781 0.754583 0.467812 0.735625 0.473594 0.65
6 0.545625 0.63375 0.548594 0.628958 0.563594 0.623333 0.585 0.628125 0.594219 0.639375 0.597813 0.652708 0.599219 0.666042 0.579219 0.745208 0.562812 0.756667 0.54 0.751875 0.530625 0.74125 0.525781 0.72125 0.541406 0.636667
6 0.0009375 0.764167 0.0009375 0.623333 0.0109375 0.634792 0.0351562 0.732708 0.0273438 0.750833 0.00875 0.765208 0.00015625 0.765208
6 0.574062 0.75625 0.515937 0.75625 0.510781 0.791875 0.520781 0.812708 0.531406 0.819375 0.548594 0.820417 0.557188 0.814583 0.562188 0.805208
6 0.51875 0.757708 0.465156 0.759792 0.461406 0.805208 0.474219 0.819375 0.492188 0.823125 0.502188 0.820417 0.51 0.809792 0.512188 0.802292
6 0.463906 0.759167 0.410156 0.76375 0.409375 0.7975 0.417187 0.81375 0.424375 0.819375 0.435781 0.820417 0.447813 0.815625 0.455 0.807083 0.461406 0.791875
6 0.409375 0.764167 0.354531 0.766667 0.355 0.808958 0.362187 0.8175 0.370781 0.822292 0.392188 0.823125 0.407188 0.807917 0.409375 0.795625
6 0.353594 0.80125 0.345 0.819375 0.337188 0.825208 0.323594 0.827917 0.305 0.82125 0.299375 0.807917 0.296719 0.768542 0.351406 0.766042
6 0.296563 0.773333 0.23875 0.773333 0.245781 0.82125 0.257188 0.830833 0.270781 0.830833 0.280781 0.827083 0.298594 0.7975
6 0.241719 0.776042 0.174687 0.77875 0.187188 0.829792 0.195781 0.835625 0.220781 0.831875 0.235781 0.819375 0.244375 0.802292 0.245781 0.792708
6 0.177969 0.780417 0.112187 0.781667 0.12875 0.832708 0.142969 0.838542 0.157344 0.8375 0.169375 0.830833 0.18375 0.811875 0.185156 0.804167
6 0.118438 0.781458 0.0517188 0.785208 0.0665625 0.827083 0.0759375 0.83375 0.0851563 0.835625 0.105156 0.830833 0.121562 0.815625 0.125156 0.804167
6 0.00515625 0.827917 0.0179687 0.838542 0.0279687 0.839375 0.0451562 0.829792 0.0609375 0.814583 0.0629687 0.806042 0.053125 0.786667 0 0.7875 0 0.823125
