6 0.145781 0.313958 0.15875 0.31 0.205781 0.311875 0.214375 0.431042 0.212969 0.436667 0.156562 0.440417 0.145156 0.312917
6 0.202969 0.311875 0.212188 0.307292 0.234375 0.305208 0.267188 0.309167 0.274375 0.43375 0.210781 0.439583
6 0.267188 0.30625 0.277188 0.3025 0.312969 0.301458 0.328594 0.304375 0.335781 0.43 0.276562 0.43375 0.266562 0.30625
6 0.325781 0.3025 0.363594 0.29875 0.385781 0.301458 0.391406 0.4225 0.334375 0.424375 0.325 0.3025
6 0.389375 0.303333 0.412812 0.297708 0.445781 0.297708 0.451406 0.419583 0.393594 0.4225 0.387188 0.301458
6 0.447187 0.296667 0.473594 0.292083 0.497813 0.292917 0.503594 0.295833 0.507812 0.412917 0.45 0.416667 0.442812 0.297708
6 0.501406 0.294792 0.519219 0.29 0.556406 0.29 0.561406 0.411042 0.505 0.414792
6 0.558594 0.291042 0.576406 0.284375 0.598594 0.283333 0.611406 0.287292 0.613594 0.40625 0.558594 0.41 0.555 0.292083
6 0.612812 0.28625 0.631406 0.280625 0.666406 0.2825 0.667812 0.400417 0.614219 0.405208 0.610625 0.28625
6 0.662813 0.282917 0.696406 0.275833 0.708437 0.275833 0.720625 0.280625 0.722031 0.39375 0.665625 0.396667
6 0.155781 0.444375 0.21875 0.439583 0.226562 0.552917 0.22375 0.5575 0.207969 0.565208 0.16375 0.568125 0.155156 0.443333
6 0.214375 0.4425 0.224375 0.437708 0.250156 0.434792 0.267969 0.43375 0.279375 0.438542 0.287969 0.547083 0.282187 0.552917 0.256562 0.559583 0.235781 0.560417 0.22375 0.5575 0.21375 0.4425
6 0.276562 0.439583 0.292187 0.431875 0.337969 0.431875 0.345 0.540417 0.340781 0.547083 0.321563 0.551875 0.303594 0.554792 0.284375 0.551875
6 0.337969 0.429167 0.371406 0.424375 0.397187 0.427083 0.402969 0.538542 0.37 0.548958 0.343594 0.545208 0.336562 0.429167
6 0.393594 0.429167 0.406406 0.4225 0.425781 0.419583 0.451406 0.4225 0.456406 0.532917 0.429375 0.541458 0.399375 0.540417 0.392969 0.42625
6 0.449375 0.421458 0.471406 0.416667 0.506406 0.416667 0.512813 0.525208 0.492812 0.535625 0.455781 0.535625 0.448594 0.421458
6 0.503594 0.418125 0.538594 0.411042 0.562188 0.412917 0.565 0.521458 0.542188 0.528958 0.510781 0.528125
6 0.561406 0.411042 0.6 0.405208 0.612812 0.409167 0.613594 0.518542 0.603594 0.522292 0.582188 0.523333 0.562812 0.520417 0.557188 0.41375
6 0.610625 0.404375 0.667031 0.398542 0.672813 0.51 0.654219 0.519583 0.615 0.519583 0.608594 0.40625
6 0.664219 0.398542 0.677031 0.39375 0.719219 0.39375 0.722813 0.503333 0.718438 0.51 0.682813 0.51375 0.666406 0.511875 0.660625 0.4025
