6 0.179375 0.234792 0.196563 0.23 0.210781 0.231042 0.229375 0.237708 0.238594 0.311042 0.22875 0.317708 0.210781 0.321458 0.195781 0.321458 0.185781 0.317708 0.175156 0.235833
6 0.229375 0.237708 0.235781 0.232917 0.248594 0.232917 0.276562 0.240625 0.285156 0.314792 0.277969 0.318542 0.263594 0.319583 0.234375 0.316667 0.226562 0.236667
6 0.274375 0.243333 0.292969 0.233958 0.319375 0.234792 0.324375 0.241458 0.33 0.315833 0.318594 0.321458 0.300781 0.323333 0.280781 0.316667 0.273594 0.240625
6 0.325 0.2425 0.361406 0.2425 0.371406 0.24625 0.375781 0.318542 0.369375 0.323333 0.335781 0.321458 0.325 0.317708 0.320781 0.243333
6 0.368594 0.245417 0.377188 0.240625 0.394375 0.239583 0.418594 0.248125 0.420781 0.3225 0.385 0.3225 0.371406 0.317708 0.365781 0.24625
6 0.467812 0.25 0.477187 0.245417 0.490781 0.244375 0.512813 0.252917 0.511406 0.32625 0.477813 0.328125 0.464375 0.323333 0.462812 0.25
6 0.516406 0.248125 0.536406 0.24625 0.557188 0.255833 0.553594 0.328125 0.517188 0.329167 0.509219 0.323333 0.51 0.249167
6 0.556406 0.254792 0.573594 0.247292 0.591406 0.247292 0.607812 0.255833 0.602031 0.328125 0.582812 0.333958 0.56 0.328125 0.552813 0.321458 0.555625 0.253958
6 0.603594 0.247292 0.643594 0.248125 0.652813 0.252917 0.65 0.328125 0.637031 0.332917 0.62 0.332917 0.597813 0.324375 0.6 0.252917
6 0.656406 0.251042 0.672813 0.249167 0.697813 0.252917 0.706406 0.265417 0.694219 0.333958 0.683437 0.335833 0.655625 0.33 0.645625 0.3225 0.650625 0.252083
6 0.699219 0.257708 0.709219 0.25 0.718438 0.248125 0.747812 0.252917 0.754219 0.261458 0.742031 0.331042 0.709219 0.334792 0.692031 0.324375 0.698438 0.253958
6 0.249375 0.369167 0.23375 0.3825 0.206562 0.3825 0.197188 0.375833 0.188281 0.3175 0.212188 0.320208 0.228125 0.316458 0.240313 0.309167
6 0.278906 0.31375 0.286562 0.311875 0.295 0.371042 0.288594 0.379583 0.282187 0.3825 0.254375 0.384375 0.245156 0.381458 0.235781 0.319583 0.239687 0.314375 0.257969 0.319167 0.275625 0.315
6 0.328281 0.3125 0.308594 0.318333 0.284375 0.315833 0.289375 0.379583 0.315781 0.385208 0.33 0.383333 0.339375 0.375833 0.335781 0.313958
6 0.327969 0.316667 0.359375 0.319167 0.377188 0.315833 0.381406 0.377708 0.378594 0.381458 0.359375 0.389167 0.331562 0.380625 0.327188 0.318542
6 0.374375 0.323333 0.377969 0.384375 0.384375 0.391042 0.405781 0.392917 0.414375 0.39 0.425781 0.379583 0.424375 0.32 0.407969 0.323958 0.375781 0.321458
6 0.423594 0.316667 0.448594 0.314792 0.458594 0.320625 0.467187 0.320625 0.467187 0.387083 0.454375 0.39375 0.440781 0.394792 0.425 0.39 0.42 0.383333 0.419375 0.320625
6 0.512813 0.321458 0.510781 0.39 0.502812 0.395833 0.468594 0.394792 0.462812 0.387083 0.462812 0.328542 0.488594 0.32875 0.511562 0.320833
6 0.551562 0.321667 0.533594 0.330208 0.509687 0.334583 0.508594 0.385208 0.515 0.391875 0.532813 0.395833 0.552813 0.387083 0.557188 0.324375
6 0.603594 0.327292 0.597031 0.392917 0.569219 0.396667 0.552813 0.38625 0.556719 0.328125 0.575625 0.331667 0.597031 0.324792
6 0.639219 0.391042 0.633594 0.395833 0.623594 0.397708 0.593594 0.389167 0.594844 0.327708 0.627812 0.3325 0.646406 0.3275
6 0.683437 0.334583 0.6975 0.331875 0.686406 0.398542 0.680625 0.4025 0.667812 0.4025 0.653438 0.399583 0.642031 0.391875 0.639219 0.38625 0.643281 0.322292 0.656562 0.331875 0.683125 0.334583
6 0.73875 0.331458 0.712812 0.334583 0.691094 0.327917 0.685 0.391875 0.703437 0.403333 0.733437 0.398542 0.745625 0.333958
6 0.743437 0.3225 0.769844 0.3225 0.79125 0.331042 0.779219 0.403333 0.762813 0.409167 0.752812 0.408125 0.729219 0.394792 0.740625 0.323333
6 0.205156 0.424375 0.23375 0.425208 0.241562 0.429167 0.249375 0.494792 0.234375 0.503333 0.211563 0.500417 0.199375 0.43
6 0.240156 0.432917 0.245938 0.427292 0.281562 0.429167 0.288594 0.496667 0.257188 0.503333 0.247969 0.500417 0.238594 0.432917
6 0.280156 0.432917 0.284375 0.428125 0.293594 0.42625 0.313594 0.43 0.320781 0.494792 0.318594 0.497708 0.302969 0.503333 0.291563 0.503333 0.285156 0.497708 0.278594 0.436667
6 0.317188 0.431042 0.35 0.43375 0.354375 0.501458 0.345781 0.507083 0.316562 0.50625 0.31 0.437708
6 0.347969 0.437708 0.358594 0.431042 0.382969 0.43375 0.387188 0.500417 0.382969 0.505208 0.374375 0.508958 0.35 0.504375 0.347969 0.439583
6 0.380781 0.434792 0.404375 0.432917 0.415781 0.438542 0.417187 0.503333 0.412812 0.507083 0.389375 0.51 0.381406 0.507083 0.377969 0.441458
6 0.412188 0.439583 0.415 0.503333 0.427187 0.507083 0.444375 0.504375 0.447187 0.501458 0.45 0.441458 0.446875 0.437292 0.416406 0.436667
6 0.482188 0.482292 0.479219 0.48625 0.462812 0.488125 0.45 0.483333 0.450625 0.436875 0.462812 0.439167 0.483906 0.437292
6 0.514219 0.491875 0.492188 0.49375 0.481406 0.487083 0.482031 0.437083 0.516875 0.438958
6 0.638594 0.49375 0.617812 0.492917 0.609219 0.488125 0.6125 0.444583 0.629219 0.445833 0.645156 0.442083
6 0.672813 0.49375 0.665 0.500417 0.659219 0.500417 0.643594 0.497708 0.636406 0.492917 0.643594 0.443542 0.664219 0.445 0.679844 0.441458
6 0.713594 0.445208 0.675938 0.446875 0.67 0.49375 0.692812 0.501458 0.705625 0.498542
6 0.746719 0.447083 0.710313 0.447708 0.704219 0.496667 0.712031 0.500417 0.739219 0.502292
6 0.215156 0.487083 0.236563 0.479583 0.248594 0.481458 0.253594 0.48625 0.260781 0.54625 0.252188 0.554792 0.242188 0.558542 0.232187 0.558542 0.222969 0.55375 0.214375 0.494792
6 0.247969 0.491042 0.272187 0.487083 0.287188 0.495625 0.291563 0.552917 0.287188 0.5575 0.271563 0.562292 0.254375 0.556667 0.246563 0.496667
6 0.422187 0.24625 0.430781 0.241458 0.446406 0.241458 0.457813 0.243333 0.464375 0.248125 0.462812 0.320625 0.454375 0.32625 0.427187 0.32625 0.419375 0.317708 0.417812 0.249167
6 0.282969 0.497708 0.293594 0.488958 0.315 0.49 0.320781 0.49375 0.325 0.552917 0.311563 0.562292 0.287188 0.558542
6 0.317188 0.501458 0.338594 0.495625 0.352969 0.501458 0.355781 0.5575 0.328594 0.562292 0.321563 0.5575 0.315781 0.500417
6 0.353594 0.496667 0.367969 0.491875 0.377969 0.492917 0.385 0.498542 0.384375 0.562292 0.367188 0.565208 0.352187 0.561458 0.351562 0.503333
6 0.385781 0.500417 0.407969 0.497708 0.416406 0.502292 0.415781 0.5575 0.409375 0.56625 0.391406 0.567083 0.382188 0.561458 0.38 0.502292
6 0.417812 0.499583 0.422813 0.494792 0.432188 0.49375 0.442188 0.494792 0.448594 0.499583 0.449375 0.559583 0.434375 0.56625 0.416406 0.562292 0.415 0.504375
6 0.448594 0.494792 0.473594 0.49375 0.481406 0.499583 0.479219 0.560417 0.477187 0.56625 0.463594 0.568958 0.448594 0.564167 0.445781 0.497708
6 0.485781 0.495625 0.506406 0.49375 0.513594 0.501458 0.512188 0.562292 0.507812 0.567083 0.495781 0.570833 0.484219 0.568958 0.478594 0.563333 0.48 0.498542
6 0.513594 0.497708 0.521406 0.49375 0.534219 0.494792 0.546406 0.501458 0.542188 0.564167 0.537813 0.568958 0.519219 0.568125 0.507812 0.563333 0.509219 0.496667
6 0.547187 0.476667 0.552813 0.471875 0.559219 0.471875 0.570625 0.476667 0.577187 0.484375 0.572187 0.538542 0.565 0.545208 0.556406 0.54625 0.541406 0.540417 0.543594 0.477708
6 0.58 0.475625 0.596406 0.47375 0.608594 0.482292 0.602031 0.543333 0.589219 0.547083 0.575625 0.542292 0.571406 0.537708 0.574219 0.480417
6 0.612812 0.498542 0.632812 0.496667 0.647031 0.511042 0.638594 0.571875 0.62 0.574792 0.609219 0.572917 0.605 0.568125 0.61 0.502292
6 0.649219 0.503333 0.673438 0.50625 0.681406 0.520417 0.67 0.579583 0.650625 0.579583 0.64 0.572917 0.637031 0.567083 0.642813 0.505208
6 0.682031 0.504375 0.688438 0.502292 0.702031 0.505208 0.714219 0.516667 0.704219 0.579583 0.697813 0.583333 0.673438 0.576667 0.669219 0.568125 0.678438 0.508958
6 0.716406 0.505208 0.724219 0.502292 0.737812 0.504375 0.743437 0.508125 0.749844 0.519583 0.739844 0.574792 0.715625 0.579583 0.709844 0.5775 0.703437 0.57 0.712031 0.508125
6 0.222031 0.688542 0.200156 0.690625 0.184844 0.687292 0.187188 0.703333 0.19375 0.707083 0.222969 0.695625
6 0.235781 0.638542 0.242188 0.634792 0.255781 0.63375 0.270781 0.640417 0.277188 0.70125 0.272969 0.707083 0.266562 0.712708 0.258594 0.71375 0.247187 0.71375 0.242188 0.707083 0.232187 0.644167
6 0.265781 0.655625 0.270156 0.648125 0.280781 0.643333 0.288594 0.643333 0.302187 0.650833 0.308594 0.698542 0.305781 0.710833 0.302187 0.715625 0.282969 0.722292 0.269375 0.71375 0.262969 0.655625
6 0.307188 0.648958 0.322187 0.639375 0.337188 0.645208 0.340781 0.65375 0.343594 0.703333 0.337188 0.711875 0.33 0.715625 0.316562 0.715625 0.31 0.71 0.305 0.65
6 0.342969 0.635625 0.361406 0.63375 0.372188 0.638542 0.377188 0.695625 0.374375 0.702292 0.357187 0.708958 0.342187 0.705208 0.339375 0.640417
6 0.369375 0.648125 0.384375 0.636667 0.4 0.640417 0.405781 0.647083 0.406406 0.704167 0.402969 0.71 0.394375 0.715625 0.382969 0.715625 0.372969 0.708958 0.368594 0.644167
6 0.405 0.645208 0.412188 0.639375 0.425 0.638542 0.43 0.639375 0.436406 0.648125 0.437188 0.70125 0.435781 0.708958 0.430781 0.715625 0.412188 0.7175 0.403594 0.711875 0.402187 0.648125
6 0.436406 0.643333 0.446406 0.6375 0.457813 0.636667 0.464375 0.638542 0.469375 0.646042 0.465781 0.710833 0.451406 0.714583 0.436406 0.71 0.434375 0.703333 0.434375 0.643333
6 0.471406 0.644167 0.478594 0.638542 0.487812 0.638542 0.495 0.640417 0.504219 0.648958 0.503594 0.708958 0.497813 0.718542 0.49 0.720417 0.473594 0.7175 0.47 0.710833 0.47 0.650833
6 0.502188 0.648125 0.509219 0.643333 0.524219 0.643333 0.536406 0.652708 0.535625 0.710833 0.529219 0.72125 0.511406 0.722292 0.502188 0.7175 0.5 0.65375
6 0.537188 0.639375 0.556406 0.636667 0.567812 0.647083 0.563594 0.710833 0.546406 0.71375 0.532188 0.708958 0.532813 0.644167
6 0.569219 0.643333 0.578594 0.6375 0.595 0.638542 0.602031 0.65 0.596406 0.710833 0.592812 0.714583 0.573594 0.71375 0.565625 0.707083 0.568594 0.647083
6 0.602812 0.652708 0.625 0.65 0.634219 0.656667 0.637813 0.664167 0.63 0.723333 0.62 0.727917 0.611406 0.727083 0.604219 0.724167 0.596406 0.715625 0.6 0.654792
6 0.637031 0.659375 0.657813 0.655625 0.671406 0.67 0.662813 0.726042 0.659219 0.728958 0.643594 0.73 0.627812 0.72125 0.631406 0.662292
6 0.67 0.652708 0.676406 0.648958 0.687812 0.648958 0.699219 0.655625 0.702813 0.661458 0.695625 0.724167 0.687812 0.728958 0.672813 0.727917 0.66 0.719375 0.666406 0.6575
6 0.705625 0.654792 0.715625 0.652708 0.724844 0.655625 0.734219 0.661458 0.739844 0.670833 0.731406 0.725208 0.724844 0.731875 0.704219 0.731875 0.694219 0.725208 0.698438 0.658542
6 0.733437 0.65375 0.742031 0.650833 0.757031 0.652708 0.763437 0.654792 0.769844 0.664167 0.762031 0.718542 0.759844 0.723333 0.751406 0.728958 0.736406 0.727083 0.726406 0.72125 0.732812 0.654792
6 0.219687 0.720417 0.196563 0.721042 0.180313 0.7175 0.190781 0.771875 0.211563 0.775625 0.225781 0.759375
6 0.260781 0.75 0.255156 0.759375 0.242969 0.764167 0.22875 0.759375 0.2225 0.720417 0.255312 0.721875
6 0.287969 0.72125 0.253906 0.723958 0.258594 0.756667 0.268594 0.762292 0.290156 0.755625 0.292187 0.751875
6 0.317812 0.721875 0.3 0.725833 0.282187 0.722917 0.287969 0.765208 0.297187 0.77 0.310781 0.766042 0.322187 0.75375
6 0.351562 0.758542 0.349375 0.762292 0.330781 0.766042 0.32 0.76125 0.316875 0.7225 0.349375 0.724792
6 0.382969 0.756667 0.379375 0.765208 0.371406 0.771875 0.354375 0.770833 0.348594 0.764167 0.345625 0.721875 0.378594 0.719583
6 0.410313 0.726458 0.376875 0.7275 0.378594 0.759375 0.385 0.767917 0.405 0.768958 0.410781 0.76125
6 0.44375 0.724375 0.426406 0.725833 0.411094 0.721875 0.412188 0.762292 0.419375 0.767917 0.428594 0.77 0.444375 0.760417
6 0.475469 0.754167 0.464844 0.765417 0.450469 0.765417 0.442812 0.758125 0.441563 0.722917 0.475 0.720208
6 0.50375 0.761667 0.491719 0.770417 0.475781 0.767292 0.472187 0.760208 0.472969 0.720417 0.505 0.72
6 0.532188 0.764792 0.525156 0.770417 0.510781 0.769583 0.503125 0.763333 0.501719 0.722708 0.52 0.724792 0.533281 0.722292
6 0.567344 0.7625 0.560781 0.772083 0.546563 0.773542 0.532188 0.764792 0.533125 0.721875 0.550625 0.725833 0.569375 0.722917
6 0.599531 0.722292 0.578594 0.728542 0.565 0.728333 0.565 0.772083 0.583437 0.776875 0.595938 0.772917 0.598281 0.76875
6 0.628594 0.769583 0.619062 0.7775 0.603125 0.776875 0.596562 0.770417 0.597031 0.724583 0.610625 0.725833 0.632656 0.720625
6 0.666719 0.728958 0.647031 0.734375 0.628281 0.729792 0.626875 0.772917 0.631563 0.78 0.638125 0.783125 0.655938 0.782292 0.660156 0.776875
6 0.695469 0.726458 0.675625 0.7325 0.665312 0.731042 0.660781 0.776042 0.667344 0.783958 0.683437 0.78625 0.692344 0.78 0.698281 0.73
6 0.7325 0.731875 0.712031 0.738125 0.696406 0.737083 0.692344 0.776875 0.698281 0.783958 0.721406 0.784792 0.728594 0.775208 0.732812 0.732292
6 0.755938 0.774375 0.745313 0.78 0.725 0.77125 0.722031 0.764792 0.72625 0.731667 0.742812 0.735208 0.76125 0.730208
