8 0.313505 0.66634 0.332402 0.66634 0.331152 0.705817 0.387843 0.698268 0.387843 0.700784 0.38848 0.700784 0.38848 0.706667 0.389118 0.706667 0.389118 0.707484 0.389755 0.708333 0.389755 0.717582 0.390368 0.717582 0.390368 0.722614 0.391642 0.72598 0.391642 0.730163 0.392255 0.731013 0.392255 0.735229 0.392892 0.736046 0.393529 0.738562 0.395417 0.74951 0.396667 0.752026 0.397304 0.754542 0.396667 0.768824 0.399828 0.778889 0.400466 0.788987 0.413676 0.808301 0.323578 0.825948 0.313505 0.830131 0.308456 0.859542 0.313505 0.66549
1 0.400466 0.570556 0.391642 0.697418 0.332402 0.705817 0.336201 0.576438
1 0.392255 0.698268 0.401716 0.717582 0.461569 0.71 0.452108 0.845261 0.392892 0.85451 0.392892 0.815033 0.414314 0.810817 0.401716 0.784771 0.38848 0.698268
1 0.400417 0.570327 0.4 0.570229 0.400466 0.569739 0.400417 0.570327 0.400417 0.570327 0.404265 0.571046 0.404265 0.565784 0.407598 0.569837 0.471642 0.568039 0.460931 0.709183 0.401078 0.715065 0.393529 0.698268 0.400417 0.570327
1 0.33174 0.334085 0.409755 0.339837 0.415196 0.348301 0.404314 0.572092 0.334461 0.575719 0.324485 0.567255
1 0.412475 0.339902 0.411936 0.339869 0.411936 0.338856 0.412475 0.339902 0.412475 0.339902 0.459583 0.342843 0.461078 0.340882 0.461078 0.339869 0.462574 0.339869 0.462574 0.33683 0.463333 0.33683 0.465613 0.333824 0.465613 0.33281 0.471642 0.331797 0.48299 0.345915 0.472402 0.566667 0.404363 0.569706 0.41723 0.348922 0.412475 0.339902
1 0.16549 0.330784 0.253922 0.337843 0.253162 0.584837 0.173015 0.589869
1 0.0702451 0.326765 0.166201 0.331797 0.171495 0.587843 0.0815441 0.591863
1 0 0.58281 0 0.301569 0.0664216 0.306601 0.0800245 0.581797
1 0.531103 0.557157 0.530539 0.55719 0.531152 0.55634 0.531103 0.557157 0.531103 0.557157 0.58598 0.553824 0.594804 0.563889 0.580931 0.689902 0.528627 0.698301 0.521716 0.679837 0.531103 0.557157
1 0.573775 0.692026 0.581373 0.690359 0.581127 0.69 0.581618 0.688987 0.581618 0.685294 0.586176 0.691013 0.633775 0.685948 0.623162 0.810882 0.575809 0.819967 0.563407 0.800752 0.573529 0.691373
1 0.560098 0.694379 0.573015 0.692026 0.563652 0.801765 0.553015 0.781503 0.560098 0.694739
1 0.548186 0.696046 0.559608 0.694052 0.55277 0.782516 0.544657 0.768007
1 0.586691 0.553627 0.645441 0.554281 0.634044 0.685948 0.585931 0.690686 0.581887 0.685294 0.595294 0.564085 0.586176 0.553268
1 0.542377 0.344314 0.606691 0.349706 0.61049 0.355458 0.58973 0.553627 0.528971 0.556307 0.542377 0.343627
1 0.608725 0.34902 0.660637 0.350033 0.67 0.356797 0.648725 0.553627 0.590735 0.553627 0.61125 0.356471 0.610735 0.353758 0.607966 0.349379
1 0.668971 0.844346 0.708873 0.831046 0.706789 0.856961 0.665833 0.868856 0.667917 0.84366
1 0.681569 0.725327 0.720956 0.714837 0.723578 0.717647 0.708873 0.829641 0.668456 0.842941 0.682623 0.725327
1 0.697328 0.601438 0.741422 0.596536 0.723064 0.715556 0.682623 0.723235 0.696814 0.600719
1 0.710441 0.828954 0.747206 0.817745 0.744044 0.842941 0.707819 0.853464 0.709412 0.828954
1 0.724093 0.714837 0.765588 0.705752 0.750343 0.817059 0.709412 0.828235 0.723578 0.714837
1 0.741348 0.595065 0.740907 0.595131 0.741422 0.594444 0.741348 0.595065 0.741348 0.595065 0.782377 0.590229 0.766103 0.705033 0.724632 0.71134 0.741348 0.595065
1 0.787623 0.576242 0.826495 0.573431 0.808113 0.690327 0.768211 0.695948 0.782377 0.590229 0.786054 0.589542 0.787623 0.575523
1 0.767157 0.697353 0.808113 0.692451 0.791838 0.800948 0.751936 0.809346 0.767157 0.698039
1 0.748775 0.818431 0.750882 0.815654 0.79027 0.804444 0.786593 0.830359 0.746152 0.84085 0.746152 0.839444 0.746691 0.839444 0.746691 0.836634 0.747206 0.836634 0.747206 0.828954 0.74826 0.822647
1 0.718848 0.408922 0.719387 0.408922 0.719387 0.40402 0.719902 0.403333 0.720956 0.398431 0.723578 0.398431 0.723578 0.399118 0.747206 0.399118 0.765049 0.41451 0.738799 0.595131 0.729877 0.595131 0.728824 0.595817 0.72674 0.595817 0.726201 0.596536 0.718333 0.596536 0.716765 0.597222 0.703627 0.597222 0.697843 0.597941 0.718848 0.412418
1 0.751936 0.398431 0.751936 0.399118 0.753505 0.399118 0.753505 0.399804 0.75402 0.399804 0.754559 0.401209 0.756127 0.401209 0.756127 0.401928 0.756667 0.401928 0.757181 0.403333 0.79027 0.403333 0.814926 0.413824 0.785539 0.588824 0.739853 0.594444 0.76348 0.413105 0.76348 0.412418 0.762426 0.411732 0.762426 0.411013 0.761373 0.411013 0.761373 0.410327 0.760858 0.410327 0.760858 0.408922 0.759804 0.408235 0.759804 0.407516 0.759289 0.407516 0.759289 0.40683 0.757696 0.404706 0.757181 0.404706 0.755613 0.401928 0.750882 0.399118 0.749828 0.399118 0.749314 0.398431
1 0.786912 0.392092 0.786593 0.392124 0.787108 0.390719 0.786912 0.392092 0.786912 0.392092 0.838554 0.390033 0.838554 0.389314 0.840662 0.389314 0.840662 0.390033 0.841716 0.391405 0.84223 0.391405 0.84223 0.392124 0.84277 0.392124 0.843284 0.393529 0.844853 0.393529 0.845392 0.394216 0.848015 0.394935 0.848529 0.396307 0.849583 0.396307 0.850123 0.397026 0.851691 0.397026 0.852745 0.397712 0.82701 0.573431 0.788676 0.576242 0.814926 0.413824 0.80549 0.408922 0.804436 0.408922 0.804436 0.408235 0.802868 0.408235 0.802868 0.40683 0.801814 0.40683 0.799706 0.405425 0.798652 0.405425 0.796569 0.40402 0.792353 0.403333 0.791838 0.402614 0.785539 0.402614 0.786912 0.392092
1 0.852745 0.686144 0.85326 0.685425 0.854828 0.685425 0.855368 0.684739 0.85799 0.684739 0.858505 0.684052 0.861127 0.683333 0.866397 0.683333 0.874779 0.688922 0.85799 0.789739 0.828578 0.798856 0.846961 0.686144
1 0.87375 0.519542 0.892108 0.533529 0.865858 0.682647 0.839608 0.68683 0.856422 0.567843 0.859559 0.567843 0.859559 0.568529 0.865858 0.568529 0.87375 0.518824
1 0.875319 0.684052 0.909975 0.681242 0.891593 0.780654 0.857451 0.791144 0.875319 0.683333
1 0.940931 0.680523 0.92098 0.778529 0.892647 0.78134 0.909436 0.681242
1 0.892059 0.532418 0.874265 0.519542 0.913113 0.518137 0.933064 0.532124 0.907868 0.680523 0.866912 0.684052
1 0.918358 0.517418 0.918358 0.518137 0.920466 0.518137 0.920466 0.518824 0.92152 0.518824 0.92152 0.519542 0.922574 0.520229 0.940417 0.520229 0.943039 0.520915 0.949877 0.520915 0.972966 0.532124 0.944608 0.677745 0.908922 0.680523 0.93201 0.533529 0.93201 0.532843 0.931495 0.532843 0.930956 0.531438 0.930441 0.531438 0.929926 0.529314 0.929387 0.529314 0.928873 0.527941 0.928333 0.527941 0.928333 0.527222 0.927819 0.527222 0.925711 0.524412 0.924657 0.524412 0.924142 0.523039 0.916789 0.518137
