10 0.637344 0.696875 0.634375 0.708958 0.631016 0.717187 0.626172 0.725 0.619453 0.732083 0.612109 0.738021 0.599531 0.742083 0.589375 0.739896 0.577891 0.730625 0.571875 0.719687 0.570469 0.715729 0.569063 0.709479 0.567969 0.699479 0.567969 0.688958 0.569141 0.677188 0.571719 0.667083 0.575234 0.656458 0.578437 0.649479 0.582812 0.642396 0.58625 0.638333 0.594453 0.63125 0.596953 0.630104 0.607891 0.627917 0.627422 0.638854 0.635 0.653021 0.638203 0.664792 0.639844 0.677188 0.63875 0.690521 0.637813 0.695104
10 0.828438 0.828542 0.838125 0.830937 0.845625 0.835521 0.852578 0.840521 0.862187 0.851771 0.867656 0.862187 0.872578 0.878333 0.874531 0.893958 0.874531 0.909375 0.872578 0.923958 0.868437 0.940104 0.861875 0.952917 0.855312 0.962604 0.8475 0.970521 0.836016 0.978646 0.8275 0.982396 0.816875 0.983333 0.803906 0.979062 0.797031 0.973437 0.787031 0.961667 0.781172 0.950625 0.778984 0.943542 0.776484 0.928333 0.775781 0.919167 0.775781 0.904583 0.776484 0.894896 0.783672 0.860729 0.789609 0.848854 0.799922 0.839063 0.803672 0.837396 0.812891 0.831354 0.823359 0.828542
10 0.822031 0.449063 0.827656 0.450521 0.8325 0.453021 0.838828 0.458854 0.844531 0.467396 0.84625 0.471354 0.849062 0.481771 0.850703 0.493125 0.850703 0.504062 0.849922 0.510417 0.847969 0.51875 0.84 0.540313 0.832812 0.552604 0.825391 0.560833 0.815938 0.567813 0.80625 0.571563 0.801953 0.572396 0.790937 0.572396 0.785234 0.570937 0.773359 0.565417 0.764609 0.560312 0.758047 0.553229 0.753906 0.544792 0.751172 0.530833 0.751172 0.518125 0.753125 0.508125 0.755078 0.502083 0.767109 0.475521 0.775547 0.463646 0.781484 0.457292 0.785469 0.454271 0.791797 0.451667 0.806484 0.447813 0.815469 0.447813 0.821406 0.449063
10 0.627031 0.572396 0.626563 0.589063 0.625781 0.595417 0.623125 0.605729 0.619922 0.612917 0.614687 0.621563 0.609297 0.627812 0.604375 0.631458 0.587031 0.640625 0.581328 0.641979 0.574844 0.641979 0.57 0.641042 0.562734 0.636354 0.556016 0.629583 0.550547 0.619062 0.548438 0.610833 0.546641 0.599792 0.546641 0.584375 0.549219 0.566771 0.552969 0.556042 0.5625 0.540521 0.566016 0.535833 0.575391 0.528333 0.594375 0.523438 0.600938 0.525312 0.603437 0.525 0.609375 0.527708 0.611953 0.527708 0.614922 0.529583 0.617656 0.533958 0.619531 0.538958 0.620234 0.542813 0.623672 0.548958 0.626016 0.556042 0.627031 0.563646
10 0.801953 0.508437 0.801953 0.530937 0.801172 0.537604 0.798203 0.547396 0.791641 0.558958 0.7875 0.563437 0.776484 0.572396 0.7675 0.578333 0.759297 0.580625 0.744219 0.580625 0.736563 0.578333 0.731094 0.574688 0.722656 0.566146 0.717969 0.558854 0.712344 0.546146 0.710547 0.533333 0.710547 0.522083 0.712891 0.508333 0.716094 0.499167 0.72 0.490417 0.725234 0.483438 0.735313 0.473438 0.742656 0.467708 0.759297 0.462708 0.773125 0.463542 0.780703 0.466146 0.789844 0.474062 0.795156 0.482083 0.798984 0.491667 0.800703 0.500208
10 0.8725 0.318646 0.869141 0.325833 0.866328 0.329583 0.859141 0.335729 0.851562 0.34 0.842109 0.342396 0.835625 0.342396 0.827031 0.340833 0.822734 0.339271 0.819297 0.336771 0.812891 0.328646 0.810391 0.322396 0.808594 0.314583 0.808203 0.307604 0.808594 0.301771 0.810937 0.292187 0.816641 0.280104 0.820937 0.27375 0.828203 0.265937 0.8325 0.263229 0.84 0.261354 0.847891 0.260937 0.854531 0.262083 0.860859 0.264792 0.863828 0.267604 0.867734 0.273021 0.871172 0.280208 0.873437 0.288229 0.874453 0.297187 0.874453 0.306875 0.872812 0.3175
10 0.71375 0.542604 0.712969 0.550104 0.709141 0.563854 0.701094 0.575729 0.689219 0.583646 0.68 0.586875 0.674766 0.587917 0.666094 0.587917 0.658828 0.586042 0.653047 0.582708 0.643203 0.573958 0.637813 0.561875 0.634219 0.542604 0.634219 0.539687 0.636484 0.526875 0.643203 0.514062 0.647656 0.509375 0.660937 0.498646 0.668203 0.494271 0.675469 0.4925 0.684141 0.493437 0.691406 0.495312 0.698203 0.499792 0.705547 0.508229 0.709844 0.51625 0.71375 0.531979
10 0.546797 0.113229 0.545781 0.105729 0.546563 0.0988542 0.55 0.0848958 0.552031 0.0794792 0.557578 0.0685417 0.563359 0.0614583 0.569297 0.0561458 0.576172 0.0536458 0.587578 0.0540625 0.594531 0.0563542 0.603672 0.0630208 0.606016 0.0688542 0.6075 0.0767708 0.606094 0.0965625 0.604453 0.103021 0.601016 0.110625 0.593906 0.119792 0.583984 0.127917 0.574297 0.133542 0.567812 0.135417 0.564297 0.135417 0.561641 0.135 0.554688 0.130625 0.551797 0.127083 0.549453 0.122708 0.548203 0.117292
10 0.639219 0.562812 0.634687 0.575 0.631797 0.580104 0.627656 0.584792 0.622422 0.589063 0.612578 0.59375 0.604688 0.594896 0.601328 0.594375 0.588359 0.586458 0.582734 0.572604 0.581875 0.565 0.5825 0.554896 0.585156 0.539062 0.587187 0.532604 0.591328 0.524792 0.596328 0.519271 0.607969 0.510833 0.615938 0.506667 0.623984 0.504271 0.626953 0.504271 0.63 0.506146 0.631875 0.508646 0.634375 0.513437 0.634375 0.518229 0.639687 0.527292 0.641016 0.530937 0.6425 0.540937 0.6425 0.545625 0.639766 0.560833
10 0.580469 0 0.581953 0 0.587266 0 0.593516 0 0.597813 0.00291667 0.600391 0.00822917 0.601875 0.0142708 0.603672 0.0269792 0.602422 0.048125 0.600547 0.055625 0.594844 0.0673958 0.590234 0.0730208 0.585703 0.076875 0.578437 0.0810417 0.570156 0.0841667 0.56375 0.0847917 0.556484 0.0823958 0.548906 0.0755208 0.544609 0.0661458 0.542188 0.0482292 0.544609 0.0320833 0.550469 0.0185417 0.558125 0.00677083 0.562734 0.00239583 0.567187 0 0.573984 0 0.580156 0
10 0.630703 0.469375 0.626406 0.488646 0.620859 0.504479 0.612344 0.517188 0.606172 0.523021 0.600391 0.526875 0.590938 0.530104 0.587344 0.530104 0.578281 0.527188 0.571797 0.522813 0.565234 0.515208 0.560937 0.507292 0.557266 0.495938 0.555547 0.482812 0.555547 0.476146 0.558516 0.449375 0.560859 0.439479 0.566328 0.425937 0.570625 0.419167 0.578594 0.411875 0.597422 0.404792 0.604688 0.406667 0.611953 0.410938 0.620859 0.421771 0.624844 0.431458 0.63 0.449063 0.631406 0.45875 0.630703 0.46875
10 0.75 0.577396 0.76375 0.579479 0.770078 0.581458 0.776953 0.585938 0.785078 0.594167 0.788438 0.599167 0.793047 0.610625 0.796719 0.628958 0.797734 0.639583 0.797344 0.656042 0.794844 0.670208 0.79375 0.673438 0.784766 0.69 0.781562 0.694167 0.77375 0.701146 0.763984 0.706146 0.754922 0.708229 0.745156 0.705 0.737969 0.701771 0.733203 0.698646 0.723672 0.687292 0.719062 0.679271 0.712578 0.662812 0.709688 0.651771 0.708594 0.638229 0.71 0.621042 0.712266 0.610208 0.718359 0.597083 0.722969 0.590938 0.729297 0.584792 0.73375 0.581979 0.748281 0.577396
10 0.832578 0.0708333 0.832578 0.0853125 0.831875 0.0959375 0.828906 0.110104 0.823984 0.120208 0.813594 0.133021 0.805625 0.139271 0.798125 0.141875 0.783359 0.142292 0.777734 0.140208 0.770234 0.132708 0.766641 0.122396 0.765937 0.117083 0.765937 0.104896 0.767422 0.0905208 0.7725 0.0672917 0.776406 0.0580208 0.785781 0.0452083 0.790703 0.0410417 0.802109 0.0370833 0.809375 0.0370833 0.813906 0.0383333 0.822266 0.0434375 0.826094 0.0476042 0.831016 0.0585417 0.832578 0.0680208
10 0.670156 0.781771 0.681172 0.805833 0.683828 0.815312 0.685703 0.827188 0.685703 0.833854 0.683047 0.86 0.681562 0.866875 0.677578 0.878229 0.673359 0.88625 0.669375 0.890937 0.665781 0.894062 0.660703 0.896458 0.648281 0.899792 0.643281 0.899792 0.628906 0.89625 0.625859 0.894583 0.621172 0.890104 0.611172 0.875104 0.598984 0.853229 0.595234 0.844792 0.591875 0.834583 0.589609 0.818854 0.59 0.802083 0.591641 0.793021 0.597266 0.779687 0.603984 0.768125 0.606563 0.765313 0.611797 0.760521 0.627422 0.755104 0.636562 0.755104 0.640391 0.755729 0.646484 0.758125 0.660469 0.769167 0.668438 0.778854
10 0.652891 0.0384375 0.663828 0.04125 0.668516 0.0440625 0.673984 0.050625 0.677109 0.0571875 0.678828 0.0659375 0.678828 0.0798958 0.677344 0.0908333 0.675234 0.0989583 0.672187 0.106667 0.664219 0.120313 0.660859 0.124792 0.652891 0.131042 0.643359 0.134792 0.634453 0.137187 0.626797 0.136771 0.620469 0.134688 0.615703 0.130625 0.61125 0.124062 0.608906 0.114583 0.608516 0.110625 0.608906 0.0961458 0.610313 0.0858333 0.612734 0.0751042 0.615781 0.0664583 0.62 0.0572917 0.624453 0.0498958 0.626875 0.0471875 0.633359 0.0413542 0.646563 0.0384375
10 0.908984 0.739062 0.921406 0.742917 0.930937 0.748125 0.938906 0.755104 0.944375 0.762396 0.947188 0.767188 0.951484 0.777083 0.956563 0.79625 0.958281 0.807292 0.9575 0.819479 0.953906 0.832604 0.948906 0.84125 0.943906 0.851875 0.939297 0.858333 0.932344 0.865521 0.919766 0.873854 0.906563 0.878646 0.887266 0.878646 0.879687 0.876042 0.866875 0.866563 0.860703 0.857396 0.856016 0.846562 0.853203 0.835521 0.851172 0.818438 0.851172 0.806458 0.853672 0.788333 0.855391 0.780729 0.859219 0.770417 0.863906 0.762396 0.869375 0.755208 0.875938 0.748958 0.888047 0.741354 0.895703 0.739062
10 0.680156 0.0354167 0.680156 0.025 0.681719 0.0173958 0.690391 0 0.693281 0 0.708047 0 0.714609 0 0.718828 0 0.729219 0 0.733437 0 0.742578 0 0.747188 0 0.748828 0 0.748828 0 0.747109 0.00979167 0.741094 0.026875 0.736484 0.0370833 0.729531 0.0496875 0.724375 0.0566667 0.720859 0.0601042 0.714453 0.06375 0.710156 0.065 0.699766 0.065 0.695547 0.0638542 0.691406 0.0616667 0.685469 0.0555208 0.682578 0.05 0.681016 0.0410417
10 0.597578 0.845521 0.606563 0.848854 0.614609 0.850625 0.618828 0.852604 0.624219 0.857083 0.631641 0.866563 0.641641 0.8825 0.645547 0.89 0.648594 0.89875 0.651172 0.916042 0.651172 0.93 0.649844 0.942396 0.647578 0.951458 0.642969 0.962188 0.636328 0.972812 0.631016 0.978437 0.620937 0.983333 0.617422 0.983333 0.610078 0.980938 0.607344 0.979062 0.601094 0.973854 0.591797 0.962396 0.587734 0.955625 0.583516 0.946354 0.580703 0.938437 0.575234 0.918646 0.572891 0.901146 0.573516 0.889167 0.574766 0.883437 0.578047 0.87375 0.578516 0.869896 0.581484 0.863333 0.583437 0.855208 0.58625 0.850833 0.591641 0.847292 0.596328 0.846771
10 0.867422 0.959896 0.883047 0.956562 0.892109 0.956562 0.9025 0.958854 0.910625 0.962083 0.918359 0.966979 0.928984 0.97625 0.934688 0.983125 0.940469 0.992812 0.943984 1 0.947031 1 0.944922 1 0.937187 1 0.925625 1 0.910859 1 0.897578 1 0.886094 1 0.871875 1 0.862031 1 0.849766 1 0.842031 1 0.838906 1 0.833594 1 0.830234 1 0.827109 1 0.827109 1 0.829141 0.997917 0.835938 0.982917 0.846875 0.969167 0.852734 0.964271 0.865781 0.959896
10 0.917734 0.436771 0.924063 0.442917 0.931641 0.454479 0.935625 0.463958 0.9375 0.4725 0.940312 0.494479 0.940156 0.514583 0.9375 0.525417 0.932188 0.538854 0.926406 0.548542 0.921562 0.555 0.912813 0.563854 0.902891 0.568229 0.901484 0.569479 0.896719 0.570417 0.892031 0.572708 0.882266 0.573542 0.874922 0.571042 0.864375 0.562188 0.857578 0.552292 0.853906 0.544167 0.850547 0.534479 0.845078 0.509687 0.844063 0.498646 0.844531 0.486354 0.848047 0.461146 0.850938 0.4525 0.857578 0.441354 0.863438 0.435104 0.871719 0.429792 0.876797 0.4275 0.882578 0.426563 0.885 0.425208 0.890391 0.419167 0.894844 0.41875 0.897813 0.420521 0.906016 0.429792
10 0.737656 0.680208 0.739531 0.690208 0.739531 0.709583 0.738281 0.718646 0.736641 0.724896 0.731875 0.736146 0.726953 0.745 0.723437 0.749688 0.716797 0.755938 0.706797 0.762604 0.699531 0.766458 0.693828 0.767813 0.681797 0.767813 0.674453 0.766354 0.664766 0.761979 0.658438 0.756042 0.652969 0.746979 0.647656 0.727813 0.646094 0.716875 0.646094 0.702917 0.647813 0.691146 0.650234 0.681458 0.657031 0.666354 0.663438 0.657083 0.671797 0.649167 0.686016 0.642708 0.693828 0.640521 0.703437 0.64125 0.711562 0.645312 0.714063 0.6475 0.724297 0.648854 0.726406 0.648125 0.728906 0.648542 0.731406 0.650729 0.734141 0.655104 0.734844 0.658021 0.734844 0.672812 0.737109 0.678854
10 0.788281 0.847708 0.786562 0.854583 0.783203 0.863333 0.778203 0.871979 0.768281 0.881562 0.763984 0.884271 0.756094 0.887292 0.744609 0.889688 0.732344 0.888646 0.724609 0.886667 0.713828 0.880208 0.706953 0.873958 0.699922 0.864583 0.693594 0.853229 0.689297 0.843438 0.685547 0.832812 0.683594 0.822396 0.683125 0.815521 0.683828 0.803437 0.689297 0.783542 0.694766 0.773333 0.700703 0.766667 0.708047 0.761458 0.717031 0.757708 0.727891 0.756354 0.736953 0.757812 0.744609 0.761563 0.752031 0.764062 0.760313 0.76875 0.765547 0.773125 0.775938 0.786354 0.780234 0.793229 0.784219 0.801562 0.788516 0.815417 0.790078 0.827604 0.789609 0.83875
10 0.888359 0.790417 0.887656 0.798438 0.883828 0.82125 0.881563 0.827604 0.87625 0.837708 0.870391 0.84625 0.862344 0.853958 0.852031 0.859063 0.841172 0.861354 0.828516 0.861354 0.818984 0.859063 0.809375 0.853333 0.800078 0.845625 0.790781 0.835104 0.784687 0.824688 0.779687 0.813125 0.776719 0.80125 0.774062 0.781562 0.776172 0.765208 0.781094 0.754167 0.784766 0.748229 0.788984 0.743542 0.800625 0.733333 0.821641 0.721458 0.828516 0.720208 0.835703 0.720208 0.842422 0.721354 0.851562 0.721146 0.85375 0.720208 0.855859 0.721042 0.859766 0.720208 0.861328 0.718958 0.87125 0.715417 0.874844 0.715417 0.877891 0.717292 0.879687 0.721042 0.882969 0.739479 0.886562 0.753125 0.887813 0.755417 0.887813 0.762813 0.886797 0.76375 0.888359 0.779167
10 0.863438 0.559375 0.864453 0.566875 0.864375 0.578125 0.861719 0.59 0.858047 0.599167 0.853125 0.607396 0.850391 0.611042 0.844297 0.61625 0.838125 0.618854 0.830313 0.620521 0.804219 0.619896 0.792891 0.613437 0.785547 0.595729 0.786094 0.578958 0.787969 0.568958 0.792109 0.559271 0.796016 0.551354 0.800703 0.544167 0.805937 0.538542 0.814297 0.532292 0.818984 0.530417 0.826797 0.52875 0.838828 0.52875 0.846172 0.530417 0.857187 0.54125 0.861094 0.548958 0.862969 0.557396
10 0.894375 0.6375 0.894922 0.645521 0.893203 0.655417 0.889297 0.664687 0.882578 0.674583 0.873203 0.683125 0.86375 0.687083 0.859688 0.687708 0.833437 0.687708 0.818984 0.685625 0.809062 0.682083 0.800547 0.674896 0.795859 0.667917 0.793359 0.662812 0.791094 0.655521 0.788906 0.643437 0.788906 0.634063 0.791016 0.621146 0.794063 0.612917 0.800547 0.602708 0.806719 0.596042 0.814922 0.589896 0.822813 0.586875 0.837109 0.583854 0.853203 0.583125 0.860859 0.585313 0.866719 0.587708 0.880078 0.598333 0.885781 0.608125 0.889297 0.608854 0.893047 0.611146 0.896328 0.614688 0.897734 0.618125 0.898203 0.626042 0.897031 0.629896 0.893984 0.635208
10 0.556953 0.190938 0.554375 0.184062 0.553047 0.177812 0.552656 0.158646 0.555156 0.138958 0.557266 0.128125 0.561562 0.117396 0.565234 0.110729 0.568203 0.106771 0.577344 0.0975 0.58375 0.0929167 0.589766 0.0902083 0.597031 0.0894792 0.606641 0.0928125 0.614531 0.0972917 0.619141 0.106458 0.624688 0.12625 0.626328 0.135833 0.626719 0.151354 0.626719 0.158646 0.624297 0.172396 0.622031 0.179063 0.614922 0.193542 0.609844 0.200625 0.604844 0.204896 0.596719 0.209271 0.588672 0.211146 0.582344 0.211146 0.571953 0.207813 0.56875 0.205937 0.565234 0.202708 0.560781 0.196146
10 0.792969 0.199271 0.785156 0.197396 0.781484 0.195 0.776875 0.189896 0.772578 0.181875 0.770859 0.174062 0.771563 0.155312 0.773438 0.145625 0.777813 0.133646 0.7825 0.123958 0.790156 0.1125 0.800234 0.105312 0.810859 0.101146 0.816641 0.1 0.823594 0.100417 0.834766 0.105938 0.8375 0.108229 0.8425 0.115104 0.845547 0.121979 0.848281 0.131875 0.848828 0.141042 0.848125 0.154063 0.846719 0.16125 0.843359 0.170729 0.838516 0.179896 0.833047 0.18625 0.826797 0.191979 0.818047 0.197708 0.809375 0.201146 0.802734 0.202083 0.800938 0.202083 0.794531 0.199271
10 0.558672 0.7725 0.559844 0.764583 0.561562 0.760417 0.564688 0.754792 0.571953 0.746458 0.578672 0.743333 0.588516 0.741146 0.601875 0.742188 0.6075 0.743542 0.612187 0.745833 0.621016 0.751458 0.625234 0.755208 0.632109 0.765417 0.640391 0.780833 0.644062 0.793542 0.645078 0.800937 0.645078 0.80875 0.643125 0.820625 0.637422 0.833854 0.630156 0.84 0.622734 0.843333 0.617344 0.844062 0.610703 0.843229 0.595078 0.838854 0.585078 0.832187 0.579766 0.826562 0.575 0.819583 0.568047 0.804688 0.561562 0.787188 0.559688 0.78
10 0.710859 0.468438 0.707734 0.482917 0.703359 0.491146 0.697578 0.498854 0.685625 0.510521 0.68125 0.512813 0.673984 0.514688 0.663906 0.514688 0.656641 0.512813 0.650859 0.509479 0.643594 0.503125 0.639609 0.498854 0.633047 0.486771 0.631328 0.480937 0.629922 0.471354 0.629922 0.464583 0.631641 0.449583 0.634297 0.439167 0.637578 0.431354 0.644766 0.421771 0.648438 0.41875 0.650469 0.415833 0.659531 0.408542 0.666797 0.406771 0.677656 0.407708 0.684844 0.409583 0.690703 0.412813 0.696875 0.41875 0.704688 0.430417 0.70875 0.442396 0.710859 0.455937
10 0.644375 0.737292 0.640313 0.748333 0.633594 0.759583 0.628203 0.765313 0.62375 0.768854 0.61625 0.773125 0.606953 0.775937 0.597109 0.777083 0.579531 0.768542 0.574453 0.762813 0.570156 0.755521 0.564219 0.739688 0.5625 0.726979 0.5625 0.7125 0.564844 0.694167 0.5675 0.685729 0.57375 0.671875 0.580469 0.661458 0.590859 0.652292 0.601328 0.649583 0.606641 0.649583 0.616953 0.643854 0.621797 0.647396 0.626016 0.652292 0.633672 0.666875 0.639062 0.675104 0.642891 0.684167 0.645 0.690937 0.646719 0.703646 0.646719 0.720521 0.645859 0.729688
10 0.896484 0.751771 0.891641 0.763854 0.887187 0.772813 0.878438 0.782917 0.864141 0.794063 0.853984 0.798854 0.849062 0.8 0.835859 0.8 0.826797 0.797292 0.822578 0.794792 0.815781 0.787292 0.811719 0.780208 0.808359 0.771042 0.80625 0.760521 0.80625 0.746146 0.808359 0.725833 0.815391 0.707917 0.819375 0.701667 0.831563 0.691771 0.836484 0.688437 0.846094 0.685729 0.853906 0.685729 0.872734 0.691771 0.879531 0.69625 0.886875 0.70375 0.89125 0.710313 0.897031 0.725833 0.898594 0.736458 0.897891 0.746458
10 0.708828 0.139792 0.708828 0.152292 0.707422 0.161979 0.705859 0.169375 0.702656 0.178125 0.692969 0.191979 0.683281 0.200417 0.671641 0.205312 0.655312 0.209271 0.64375 0.209271 0.639531 0.208125 0.634531 0.205312 0.630625 0.201563 0.626953 0.196771 0.621328 0.186771 0.619297 0.180521 0.618359 0.174479 0.618359 0.162917 0.619141 0.1575 0.621328 0.148646 0.628594 0.130417 0.6325 0.121667 0.637109 0.114583 0.648125 0.102708 0.656172 0.0964583 0.663594 0.09375 0.671875 0.0934375 0.681875 0.0964583 0.69625 0.103438 0.700937 0.10875 0.703672 0.114062 0.708047 0.128542 0.708828 0.136875
10 0.662578 0 0.665625 0 0.667734 0.00604167 0.669063 0.0157292 0.669609 0.0314583 0.667109 0.05 0.662109 0.0636458 0.659219 0.0698958 0.653828 0.076875 0.650469 0.0798958 0.643984 0.0845833 0.639297 0.0866667 0.635078 0.0878125 0.629531 0.0878125 0.622109 0.0864583 0.615625 0.0838542 0.610469 0.0776042 0.607734 0.06875 0.605078 0.0644792 0.602422 0.058125 0.601562 0.0525 0.601562 0.04375 0.602656 0.0348958 0.605 0.0259375 0.6075 0.0191667 0.613281 0.00875 0.620078 0 0.632266 0 0.637422 0 0.641563 0 0.648594 0 0.652813 0 0.656484 0 0.660156 0
10 0.817734 0.946979 0.819922 0.962708 0.820703 0.972708 0.819766 0.981875 0.81625 0.995417 0.807578 1 0.799141 1 0.794687 1 0.786641 1 0.783047 1 0.773438 1 0.758984 1 0.749453 1 0.741406 1 0.735781 1 0.730312 1 0.722578 1 0.715938 0.991458 0.71 0.969375 0.707578 0.954271 0.707578 0.937396 0.709297 0.924687 0.713047 0.914271 0.721797 0.901042 0.724844 0.897708 0.735625 0.889583 0.747266 0.885104 0.754141 0.884063 0.764453 0.884896 0.77375 0.886875 0.783906 0.890937 0.789297 0.893958 0.795547 0.899062 0.803047 0.907604 0.808906 0.918229 0.813516 0.930312 0.817109 0.943854
10 0.895781 0.380312 0.897813 0.386667 0.899531 0.397708 0.899531 0.411354 0.897813 0.425521 0.895156 0.433438 0.888594 0.444896 0.871797 0.459479 0.862813 0.462604 0.851953 0.462604 0.846172 0.461146 0.840156 0.458437 0.826797 0.444896 0.819219 0.434062 0.815859 0.427292 0.8125 0.415521 0.809844 0.401667 0.809844 0.394479 0.811016 0.386667 0.814219 0.376354 0.821328 0.363229 0.825156 0.358958 0.832969 0.352917 0.8425 0.347812 0.851406 0.345521 0.854375 0.345521 0.872266 0.350208 0.877578 0.352917 0.886172 0.361667 0.893906 0.376146
10 0.814375 0.01625 0.814375 0.0220833 0.813594 0.0276042 0.811016 0.0355208 0.806875 0.0439583 0.803828 0.0479167 0.798125 0.0529167 0.786953 0.05625 0.784375 0.05625 0.777031 0.05375 0.771875 0.0503125 0.765859 0.0444792 0.760625 0.0352083 0.757891 0.0266667 0.756953 0.020625 0.756953 0.0139583 0.759531 0 0.762578 0 0.765547 0 0.773828 0 0.776875 0 0.780234 0 0.784375 0 0.792031 0 0.796172 0 0.800313 0 0.806875 0 0.809219 0 0.813594 0.0084375 0.814375 0.0139583
10 0.875547 0.187917 0.877422 0.198125 0.877734 0.209271 0.876875 0.218854 0.874062 0.231875 0.871172 0.241354 0.867891 0.248958 0.862734 0.256771 0.857969 0.261667 0.849062 0.267813 0.844063 0.269687 0.835078 0.271771 0.829844 0.271562 0.816484 0.267917 0.812109 0.265833 0.803906 0.257917 0.800625 0.252604 0.797422 0.243438 0.795625 0.231667 0.795234 0.221875 0.797031 0.205417 0.798906 0.198646 0.803594 0.186979 0.812109 0.172083 0.814609 0.169375 0.820859 0.163958 0.826562 0.161562 0.837187 0.159896 0.848359 0.160312 0.854453 0.162292 0.861641 0.167292 0.867031 0.172813 0.872891 0.181875
10 0.905859 0.968229 0.895703 0.97125 0.884922 0.973229 0.872031 0.972396 0.864844 0.969896 0.861797 0.967917 0.852812 0.958854 0.844609 0.932813 0.845625 0.918438 0.847266 0.910104 0.851484 0.896979 0.855625 0.888646 0.862656 0.879271 0.867734 0.874479 0.878672 0.867292 0.886953 0.865729 0.894375 0.865729 0.905156 0.866771 0.913828 0.869583 0.918437 0.872083 0.926016 0.879167 0.933047 0.891458 0.934453 0.895417 0.936562 0.905313 0.937344 0.913854 0.936328 0.928333 0.935312 0.932917 0.927656 0.949063 0.924922 0.952708 0.918437 0.96 0.911641 0.965417 0.907109 0.967708
10 0.799063 0.190521 0.799063 0.198854 0.798047 0.208542 0.796016 0.216563 0.792188 0.226146 0.788125 0.233437 0.783906 0.239063 0.7725 0.248958 0.76 0.254271 0.751719 0.256354 0.747109 0.256354 0.735703 0.253958 0.731172 0.251979 0.72625 0.247917 0.722891 0.244063 0.719062 0.235729 0.716719 0.225312 0.716172 0.216771 0.717578 0.205937 0.720703 0.191667 0.723984 0.183542 0.727109 0.178229 0.740078 0.161979 0.745625 0.157188 0.752422 0.153854 0.758047 0.1525 0.769297 0.1525 0.779219 0.155208 0.787266 0.160521 0.792891 0.16625 0.795078 0.169896 0.797422 0.176146 0.798672 0.186562
10 0.776016 0.117813 0.777656 0.125833 0.777656 0.139271 0.775391 0.150625 0.771484 0.159896 0.761094 0.176042 0.754297 0.182604 0.739141 0.193229 0.729219 0.197188 0.719766 0.197188 0.714219 0.195104 0.708828 0.190521 0.703906 0.180521 0.701641 0.169167 0.701641 0.156563 0.703125 0.140625 0.704609 0.133646 0.710391 0.117396 0.716797 0.105417 0.724062 0.0948958 0.730781 0.0882292 0.740781 0.0861458 0.747969 0.0861458 0.752031 0.0871875 0.760078 0.0911458 0.766172 0.0966667 0.773594 0.111458
10 0.817969 0.395729 0.819063 0.406354 0.819063 0.419167 0.817578 0.429375 0.815547 0.436875 0.809766 0.448542 0.806094 0.453958 0.801484 0.459583 0.791563 0.468229 0.784609 0.471458 0.78 0.472292 0.765 0.471771 0.757734 0.469896 0.751719 0.465938 0.74625 0.461042 0.739453 0.451042 0.735859 0.442188 0.733984 0.434688 0.733047 0.426458 0.733047 0.410833 0.734453 0.399479 0.737578 0.389792 0.742812 0.380312 0.748281 0.372396 0.754219 0.366771 0.766484 0.358125 0.774609 0.355937 0.782969 0.355937 0.791328 0.358021 0.800781 0.363437 0.804766 0.366771 0.809688 0.372396 0.812813 0.378125 0.815 0.383854 0.8175 0.393542
10 0.810625 0.744583 0.809297 0.754167 0.805937 0.76375 0.802031 0.770208 0.797266 0.775625 0.790547 0.780521 0.786094 0.781979 0.771719 0.784375 0.759062 0.783438 0.745156 0.777813 0.738516 0.772604 0.730703 0.763437 0.721641 0.756042 0.715781 0.738125 0.714609 0.730104 0.715 0.723646 0.716953 0.714479 0.721016 0.705521 0.725234 0.700729 0.731953 0.695 0.737109 0.692813 0.7525 0.690729 0.760938 0.690729 0.771719 0.692396 0.780078 0.695208 0.788594 0.699896 0.794297 0.704271 0.801094 0.711146 0.803828 0.714688 0.807422 0.721771 0.809453 0.729167 0.810625 0.737083 0.810625 0.74125
10 0.675 0.282083 0.668047 0.285312 0.660313 0.287292 0.650938 0.287292 0.645391 0.285208 0.641563 0.281771 0.636484 0.274375 0.632188 0.262917 0.629219 0.244792 0.629219 0.225521 0.632344 0.205937 0.636484 0.193021 0.643516 0.180417 0.652422 0.168229 0.656094 0.164583 0.667734 0.156146 0.674766 0.154063 0.687109 0.154063 0.694141 0.156146 0.699453 0.161875 0.706719 0.166563 0.710938 0.17375 0.714375 0.185729 0.715391 0.191771 0.716094 0.198542 0.716094 0.211979 0.713047 0.232083 0.710781 0.239271 0.705781 0.250521 0.700234 0.259375 0.692578 0.269479 0.685469 0.276562 0.678906 0.279792
10 0.719688 0.851458 0.728359 0.854896 0.735469 0.859271 0.740625 0.864062 0.746484 0.871875 0.754063 0.884479 0.758359 0.893437 0.761641 0.905 0.760938 0.936563 0.759844 0.941667 0.745547 0.963854 0.7425 0.965729 0.732031 0.968542 0.7225 0.967708 0.712344 0.964688 0.704063 0.960208 0.694766 0.952604 0.685937 0.942292 0.680078 0.931979 0.675 0.917708 0.672109 0.898646 0.672109 0.894167 0.674219 0.880208 0.686797 0.857708 0.692266 0.853437 0.704922 0.849375 0.717578 0.850938
10 0.633594 0.184375 0.635781 0.190104 0.637344 0.197188 0.63875 0.211354 0.63875 0.219688 0.637109 0.230521 0.634297 0.241667 0.630703 0.25125 0.623672 0.263229 0.614062 0.272604 0.59875 0.283333 0.588125 0.286354 0.57875 0.286354 0.574531 0.285208 0.567031 0.278646 0.56125 0.270937 0.557422 0.263854 0.553438 0.253229 0.549687 0.233229 0.549687 0.220729 0.550469 0.211979 0.552734 0.19875 0.557734 0.187187 0.565234 0.175729 0.576719 0.163854 0.581094 0.16 0.586094 0.157083 0.592422 0.155104 0.606172 0.155104 0.613906 0.158021 0.619297 0.162708 0.622031 0.167813 0.627266 0.173333 0.631094 0.179271
10 0.758437 0.098125 0.754063 0.109063 0.743281 0.125521 0.737109 0.13375 0.730312 0.139687 0.723672 0.141667 0.710234 0.139896 0.704688 0.136771 0.700625 0.132917 0.697344 0.127083 0.691719 0.110208 0.691094 0.105417 0.691094 0.098125 0.691797 0.0930208 0.696797 0.0682292 0.699766 0.05875 0.703594 0.0496875 0.706953 0.0444792 0.714219 0.0376042 0.720469 0.0339583 0.733047 0.0283333 0.736953 0.0273958 0.744141 0.0273958 0.752188 0.0320833 0.758047 0.0423958 0.760859 0.0490625 0.762344 0.0564583 0.762891 0.0732292 0.761719 0.08375 0.759219 0.0946875
10 0.809609 0.307708 0.807578 0.320729 0.804922 0.327813 0.798672 0.338021 0.790234 0.345208 0.777266 0.352396 0.771953 0.354271 0.766328 0.354271 0.760078 0.352917 0.755234 0.350104 0.751484 0.346354 0.747734 0.340104 0.745234 0.333333 0.742188 0.315104 0.742969 0.304688 0.744844 0.2975 0.747578 0.291563 0.750234 0.287292 0.753437 0.28375 0.757344 0.276667 0.76375 0.269792 0.77125 0.264479 0.778672 0.261562 0.787031 0.261562 0.795391 0.263229 0.798594 0.265 0.803281 0.27 0.808672 0.279687 0.810781 0.287604 0.811328 0.294479 0.81 0.304896
10 0.719219 1 0.716719 1 0.710469 1 0.701406 1 0.692109 1 0.6875 1 0.678359 1 0.659766 1 0.645781 1 0.633906 1 0.625234 1 0.619297 1 0.616016 1 0.611094 0.991563 0.6075 0.973854 0.606641 0.965417 0.606641 0.953125 0.608125 0.944375 0.608125 0.940521 0.612031 0.920833 0.615547 0.911563 0.621953 0.906875 0.633047 0.901563 0.648594 0.898854 0.656562 0.899792 0.664141 0.901979 0.668516 0.904062 0.672969 0.907396 0.6925 0.928646 0.702109 0.941979 0.706719 0.950521 0.715859 0.973958 0.719219 0.9875 0.721484 1 0.721484 1 0.720078 1
10 0.712812 0.594375 0.711719 0.605521 0.710469 0.611667 0.705781 0.6275 0.696484 0.642917 0.687422 0.651354 0.669141 0.65875 0.66 0.658021 0.651563 0.655208 0.646719 0.651875 0.640781 0.64625 0.638047 0.641979 0.633594 0.6325 0.630469 0.620104 0.628437 0.60375 0.628437 0.591458 0.629922 0.573125 0.631797 0.563021 0.634062 0.557813 0.64125 0.547292 0.649844 0.538125 0.655625 0.534375 0.666797 0.530208 0.670312 0.53 0.673125 0.528333 0.674922 0.528646 0.682188 0.525625 0.685391 0.526563 0.689688 0.529583 0.691719 0.532187 0.695859 0.541146 0.7 0.545938 0.704688 0.553854 0.70875 0.564792 0.711562 0.576667 0.712812 0.586354
