12 0.0135417 0.597344 0.0433333 0.618906 0.0508333 0.627812 0.0616667 0.665156 0.0591667 0.694844 0.0502083 0.717344 0 0.752344 0.0025 0.629531 0 0.610156 0.000416667 0.592344
12 0.00875 0.44625 0.0479167 0.451094 0.060625 0.457969 0.0691667 0.467656 0.0725 0.479687 0.07 0.490156 0.0895833 0.50625 0.10625 0.527813 0.110833 0.542812 0.110833 0.571094 0.102292 0.601562 0.09375 0.610625 0.0477083 0.633906 0 0.641094 0.00166667 0.447344
12 0.0354167 0.237812 0.0702083 0.239063 0.0802083 0.249531 0.0833333 0.261719 0.0808333 0.2725 0.102292 0.293594 0.1175 0.324219 0.12 0.3525 0.108958 0.391094 0.091875 0.405312 0.079375 0.409375 0.04 0.414687 0.00208333 0.4125 0 0.364844 0.004375 0.285781 0.000208333 0.250156 0.00229167 0.233594
12 0.145833 0.264531 0.149167 0.252344 0.157292 0.242969 0.19625 0.234844 0.251458 0.235625 0.2825 0.243281 0.29 0.251563 0.293333 0.26375 0.289167 0.279531 0.307917 0.315156 0.310208 0.333125 0.304375 0.384063 0.300625 0.393125 0.282292 0.406562 0.264792 0.413281 0.205208 0.415 0.175 0.412031 0.15125 0.392344 0.134375 0.343438 0.142917 0.292187 0.155 0.284062 0.148125 0.275
12 0.327292 0.358594 0.3325 0.343594 0.346042 0.3325 0.336875 0.323594 0.338958 0.302344 0.336667 0.29 0.353125 0.27875 0.401875 0.274688 0.459583 0.277188 0.475833 0.279687 0.489167 0.286406 0.498125 0.29625 0.50125 0.308438 0.500417 0.316406 0.492292 0.329844 0.494583 0.34625 0.509583 0.388906 0.510417 0.427344 0.50875 0.436406 0.499792 0.450156 0.483125 0.467031 0.455833 0.479219 0.4375 0.483437 0.412083 0.485469 0.368542 0.477031 0.34625 0.465625 0.331458 0.445312 0.322917 0.414687 0.321667 0.392969 0.327292 0.359063
12 0.101875 0.414375 0.0989583 0.396406 0.10375 0.381406 0.104583 0.363125 0.116458 0.324688 0.107917 0.31625 0.103125 0.296094 0.106875 0.2825 0.113542 0.275312 0.179792 0.267344 0.25875 0.274844 0.271875 0.281562 0.28125 0.292969 0.280625 0.316406 0.274167 0.326875 0.295833 0.346094 0.303542 0.362812 0.311667 0.399219 0.303333 0.441563 0.292708 0.45875 0.282917 0.467969 0.261042 0.479063 0.244167 0.482656 0.203958 0.484687 0.16875 0.481719 0.138542 0.471562 0.116875 0.454375 0.10375 0.42375
12 0.125625 0.484375 0.128958 0.472344 0.137917 0.462344 0.151042 0.455625 0.167292 0.453125 0.236042 0.453125 0.252292 0.455625 0.265417 0.462344 0.274375 0.472344 0.277708 0.484375 0.272292 0.498906 0.284792 0.506719 0.296875 0.526406 0.305208 0.548281 0.306042 0.568594 0.301667 0.584063 0.28875 0.605938 0.269583 0.621094 0.233542 0.63125 0.198125 0.63375 0.150833 0.625781 0.136458 0.615313 0.125417 0.596875 0.11875 0.552656 0.1275 0.520469 0.136667 0.505312 0.128958 0.496563
12 0.317083 0.51875 0.320833 0.505781 0.331042 0.495469 0.32625 0.480938 0.329375 0.469062 0.338125 0.459219 0.350833 0.4525 0.384583 0.447656 0.423958 0.449062 0.437292 0.452813 0.447708 0.459687 0.454792 0.468906 0.457292 0.479687 0.452917 0.493594 0.462917 0.503906 0.472292 0.539531 0.472292 0.572031 0.444792 0.60125 0.427292 0.607812 0.354792 0.601094 0.322917 0.579531 0.314583 0.557656 0.3125 0.533906 0.317292 0.519531
12 0.369792 0.508125 0.418542 0.510156 0.445208 0.516563 0.467708 0.531406 0.473542 0.54 0.475625 0.553125 0.465208 0.577031 0.47625 0.592812 0.484792 0.616406 0.4875 0.664219 0.47375 0.686406 0.460625 0.699688 0.433125 0.7175 0.421875 0.723906 0.398333 0.729375 0.375 0.726562 0.326875 0.712969 0.304167 0.694844 0.295417 0.681875 0.289583 0.663906 0.291458 0.615313 0.299792 0.588594 0.310417 0.573438 0.3025 0.555156 0.307292 0.534375 0.319375 0.522188 0.334583 0.511875 0.354167 0.508125 0.369375 0.508125
12 0.060625 0.687812 0.056875 0.653594 0.0602083 0.64125 0.05875 0.632969 0.0629167 0.611563 0.069375 0.602812 0.06375 0.597344 0.053125 0.57375 0.058125 0.559219 0.07375 0.541406 0.103333 0.532813 0.1225 0.52375 0.153542 0.519219 0.195417 0.521875 0.214792 0.526094 0.23375 0.535469 0.243333 0.551094 0.245625 0.562812 0.242917 0.574062 0.266458 0.600469 0.281458 0.639844 0.280625 0.653281 0.285 0.667344 0.27 0.704688 0.255417 0.721719 0.234375 0.735938 0.207917 0.746406 0.181042 0.75 0.143542 0.75 0.126042 0.747188 0.090625 0.730312 0.0804167 0.720938 0.063125 0.696719
