12 0.730208 0.731406 0.733958 0.719688 0.743125 0.710156 0.756042 0.70375 0.771875 0.701562 0.8025 0.705156 0.814792 0.710156 0.829375 0.721719 0.842083 0.740313 0.84375 0.753437 0.840625 0.763594 0.842083 0.796719 0.837083 0.81125 0.828333 0.820469 0.801667 0.833125 0.77375 0.8375 0.745417 0.834844 0.727292 0.826719 0.714375 0.809688 0.705417 0.783594 0.704583 0.76375 0.708958 0.749844 0.721042 0.738281
12 0.794167 0.672969 0.791667 0.659844 0.786042 0.653281 0.748542 0.645781 0.728958 0.64875 0.716042 0.655 0.711875 0.663594 0.701667 0.6725 0.692083 0.692969 0.694583 0.715313 0.705417 0.726562 0.724583 0.735625 0.758125 0.737187 0.7725 0.735313 0.784583 0.73 0.798125 0.719531 0.805833 0.705625 0.805 0.687969
12 0.577292 0.6875 0.580208 0.677344 0.58875 0.669375 0.591042 0.658906 0.597708 0.651563 0.607708 0.646406 0.646667 0.644062 0.65875 0.645937 0.66875 0.650938 0.675417 0.658438 0.677917 0.6675 0.674167 0.67875 0.685625 0.690625 0.688542 0.700781 0.684167 0.72125 0.674375 0.737656 0.657708 0.750625 0.640625 0.754531 0.603542 0.753594 0.589792 0.747344 0.578125 0.734063 0.574167 0.7225 0.577292 0.687812
12 0.537708 0.647969 0.55 0.658594 0.555625 0.672031 0.553958 0.680937 0.563333 0.706406 0.560208 0.734375 0.550625 0.74625 0.534792 0.753594 0.510625 0.75625 0.488125 0.752812 0.46375 0.741563 0.456458 0.733594 0.452708 0.7225 0.454167 0.703594 0.457292 0.692969 0.463333 0.685937 0.460417 0.6675 0.470625 0.651719 0.48375 0.644844 0.501458 0.64125 0.522083 0.642656
12 0.335 0.708594 0.332708 0.690469 0.335208 0.68125 0.341875 0.673906 0.351875 0.66875 0.383542 0.667344 0.406875 0.669219 0.425 0.676875 0.441875 0.7025 0.446458 0.721406 0.445 0.741406 0.432708 0.755781 0.404583 0.768906 0.37625 0.771719 0.36 0.768906 0.351042 0.764062 0.341458 0.752969 0.332708 0.714844
12 0.212708 0.723125 0.22 0.708125 0.215833 0.696406 0.220417 0.684063 0.24375 0.668125 0.258542 0.665312 0.280625 0.666875 0.296875 0.677813 0.300417 0.685781 0.316458 0.694219 0.322917 0.708281 0.329167 0.743125 0.327083 0.751719 0.310417 0.767969 0.289792 0.775 0.257292 0.777187 0.241875 0.774062 0.230625 0.765937 0.218333 0.736719
12 0.587083 0.759844 0.588125 0.750312 0.595417 0.735313 0.613125 0.722187 0.631458 0.717812 0.645417 0.717812 0.666458 0.721562 0.68 0.727812 0.69125 0.745156 0.694583 0.764844 0.703125 0.780781 0.707917 0.804844 0.696667 0.827969 0.683542 0.840469 0.656875 0.84875 0.627708 0.84875 0.604375 0.84125 0.583958 0.827812 0.573958 0.812813 0.571042 0.790937 0.574792 0.772813 0.586875 0.760156
12 0.450208 0.770469 0.451875 0.755625 0.457292 0.747969 0.47625 0.734375 0.487708 0.730781 0.514375 0.730312 0.54 0.737812 0.550833 0.749375 0.569167 0.7875 0.575625 0.808594 0.575625 0.832969 0.564167 0.848281 0.535 0.860313 0.504167 0.864062 0.488958 0.8625 0.47375 0.855625 0.455625 0.840156 0.444375 0.819531 0.442292 0.791406 0.45125 0.774062
12 0.30375 0.79375 0.311875 0.767969 0.323958 0.754531 0.347708 0.745 0.373125 0.743594 0.385417 0.745469 0.401042 0.755781 0.43 0.789375 0.43875 0.816719 0.438125 0.827344 0.43125 0.839844 0.40625 0.866719 0.397917 0.870313 0.37625 0.873125 0.353542 0.870469 0.325833 0.859062 0.309375 0.834375 0.305 0.817187 0.306458 0.803594
12 0.172708 0.79875 0.170625 0.778594 0.183125 0.759219 0.205208 0.744844 0.224167 0.74 0.247292 0.741563 0.270208 0.752344 0.307292 0.799844 0.313333 0.816406 0.310417 0.840312 0.304375 0.849219 0.290208 0.859688 0.270208 0.869688 0.231875 0.877031 0.210208 0.875625 0.193333 0.866875 0.177083 0.848437 0.170625 0.81875 0.174167 0.802344
12 0.791667 0.482031 0.801458 0.487031 0.808333 0.494531 0.81125 0.556094 0.808542 0.564844 0.777292 0.592656 0.755208 0.597187 0.730417 0.59625 0.706458 0.586094 0.693125 0.57125 0.690208 0.555625 0.695417 0.533281 0.701875 0.520312 0.7125 0.510625 0.709375 0.500312 0.711875 0.491094 0.718542 0.48375 0.728542 0.478594 0.740625 0.476875 0.768542 0.476406 0.78875 0.481719
12 0.628542 0.48875 0.643333 0.487344 0.655208 0.489063 0.665 0.493906 0.671667 0.500938 0.681667 0.535937 0.6825 0.567031 0.65875 0.590156 0.637708 0.593125 0.588542 0.590156 0.573333 0.580625 0.56625 0.565625 0.5725 0.535156 0.582708 0.521094 0.58875 0.5175 0.590208 0.502656 0.596875 0.495156 0.606875 0.490156 0.627708 0.488906
12 0.445208 0.564219 0.443333 0.545625 0.445833 0.536406 0.451458 0.530312 0.447708 0.519375 0.450208 0.510156 0.456875 0.502812 0.466875 0.497813 0.507083 0.493125 0.519167 0.494844 0.529167 0.499844 0.535833 0.507344 0.538333 0.516563 0.536042 0.524219 0.547708 0.534844 0.553542 0.548438 0.550417 0.584688 0.536042 0.602031 0.521875 0.606563 0.490417 0.608125 0.47375 0.604531 0.455208 0.596562 0.449792 0.589687 0.445833 0.568906
12 0.317292 0.561875 0.319792 0.552656 0.326667 0.545 0.32125 0.538125 0.319792 0.525156 0.32875 0.512969 0.346458 0.50625 0.371458 0.504063 0.391875 0.505938 0.401875 0.510938 0.408542 0.518281 0.411042 0.527969 0.429583 0.554219 0.433333 0.565156 0.433333 0.582812 0.424792 0.604063 0.410208 0.613125 0.3925 0.617969 0.366458 0.619219 0.346042 0.615469 0.326458 0.603594 0.319583 0.594688 0.316042 0.58375 0.317292 0.562031
12 0.200208 0.567031 0.205208 0.554375 0.198333 0.546719 0.195833 0.5375 0.201042 0.524531 0.223125 0.513594 0.260833 0.512656 0.272917 0.514531 0.282917 0.519531 0.289583 0.526875 0.291875 0.539531 0.308958 0.555312 0.32125 0.5775 0.323125 0.594219 0.316875 0.615625 0.30375 0.624219 0.274792 0.632969 0.244167 0.631563 0.220417 0.625156 0.202917 0.61 0.198958 0.598594 0.200208 0.567344
12 0.723333 0.596719 0.728542 0.58375 0.742083 0.575313 0.74125 0.566094 0.745208 0.554531 0.764375 0.542969 0.789792 0.5375 0.806667 0.539531 0.844792 0.551875 0.855625 0.560312 0.859792 0.571875 0.8525 0.592187 0.858333 0.613906 0.845 0.654375 0.833125 0.668906 0.814375 0.676875 0.761042 0.675469 0.740417 0.666406 0.731875 0.658594 0.717708 0.629063
12 0.585833 0.611406 0.59 0.599844 0.600833 0.591562 0.597917 0.580937 0.602292 0.568594 0.615417 0.557656 0.626667 0.553281 0.654792 0.548438 0.683333 0.555469 0.698958 0.565312 0.709167 0.579375 0.706875 0.599062 0.715208 0.617188 0.717083 0.637188 0.705833 0.668281 0.698125 0.676094 0.686458 0.682031 0.661042 0.686875 0.635625 0.687344 0.605833 0.679063 0.593125 0.670781 0.583333 0.652031 0.585833 0.611719
12 0.318542 0.650781 0.317083 0.625781 0.307917 0.604688 0.312917 0.590469 0.331042 0.572344 0.351042 0.565156 0.380417 0.562812 0.402708 0.568281 0.415208 0.576406 0.4225 0.597187 0.44 0.621406 0.447917 0.63875 0.449167 0.665312 0.440625 0.678906 0.42875 0.687812 0.402083 0.697813 0.382292 0.700781 0.363958 0.699844 0.351875 0.695937 0.334375 0.682656 0.322708 0.665781 0.319375 0.655469
12 0.165833 0.61625 0.168125 0.607656 0.17875 0.595 0.196667 0.583125 0.223125 0.5775 0.259167 0.578906 0.269792 0.584688 0.278542 0.596719 0.27875 0.61 0.295625 0.627344 0.309167 0.651094 0.312292 0.674531 0.30875 0.685469 0.297917 0.694844 0.26375 0.71 0.226458 0.711719 0.210417 0.708906 0.194375 0.700781 0.179792 0.68125 0.170208 0.655938 0.171458 0.629531
12 0.541042 0.614375 0.551042 0.642656 0.548333 0.662656 0.536667 0.676719 0.522708 0.684063 0.500625 0.68875 0.48125 0.687188 0.468125 0.681562 0.455625 0.670937 0.44875 0.655469 0.451875 0.63 0.458958 0.617656 0.457708 0.610469 0.46375 0.596719 0.483333 0.587031 0.504375 0.583906 0.517083 0.585625 0.527083 0.590781 0.53375 0.598125 0.535833 0.611094
