12 0.769583 0.316875 0.769583 0.297187 0.782083 0.261875 0.801042 0.231875 0.827083 0.212656 0.822292 0.198125 0.825625 0.185938 0.831667 0.179219 0.864792 0.176406 0.925833 0.183125 0.953958 0.189375 0.951042 0.214219 0.934375 0.225937 0.954792 0.255156 0.95625 0.280469 0.945417 0.319844 0.911667 0.353594 0.856667 0.354219 0.80375 0.348594 0.790208 0.344844 0.779375 0.338125 0.772083 0.32875 0.769583 0.317344
12 0.797292 0.442656 0.801667 0.42875 0.813125 0.418125 0.811875 0.408906 0.815 0.396875 0.823958 0.386875 0.837292 0.380156 0.853542 0.377656 0.926042 0.377656 0.942292 0.380156 0.955625 0.386875 0.964375 0.396875 0.967708 0.408906 0.963333 0.422813 0.951667 0.433594 0.968542 0.453437 0.974167 0.467031 0.979583 0.497031 0.976667 0.528281 0.957083 0.557656 0.938125 0.5675 0.910208 0.572969 0.891875 0.573438 0.810625 0.56125 0.796458 0.549531 0.785 0.535156 0.77875 0.505938 0.786042 0.472969 0.795208 0.462969 0.798542 0.4525 0.7975 0.44375
12 0.229792 0.37625 0.233125 0.364219 0.242083 0.354219 0.255208 0.3475 0.271458 0.345 0.326875 0.345 0.357292 0.349844 0.37 0.356563 0.378542 0.366406 0.381667 0.378281 0.376042 0.396094 0.383333 0.405 0.39625 0.432812 0.404167 0.4625 0.405625 0.497031 0.39875 0.515313 0.386667 0.53 0.360833 0.53875 0.321667 0.543125 0.293958 0.543125 0.242708 0.536094 0.226875 0.524531 0.21125 0.500938 0.21 0.453594 0.21625 0.432812 0.228958 0.413906 0.244792 0.400312 0.233958 0.389844
12 0.626042 0.414844 0.631875 0.412031 0.624375 0.394062 0.6325 0.375625 0.641458 0.368906 0.663542 0.360938 0.679375 0.358906 0.72625 0.360469 0.7475 0.368125 0.766458 0.379375 0.77375 0.397031 0.768542 0.412188 0.755625 0.422813 0.777083 0.434531 0.783333 0.443281 0.794792 0.493125 0.794792 0.507969 0.788542 0.527656 0.781042 0.540625 0.768125 0.55375 0.734167 0.566406 0.712292 0.568906 0.659375 0.568906 0.644375 0.566719 0.628542 0.560469 0.600417 0.540469 0.589792 0.529844 0.582292 0.516406 0.579583 0.493125 0.590417 0.462656 0.610208 0.425469
12 0.991042 0.393281 0.949792 0.396719 0.896042 0.389531 0.863958 0.381406 0.846458 0.371719 0.833958 0.355469 0.830208 0.330781 0.850208 0.282813 0.904583 0.217969 0.8975 0.199063 0.900833 0.187031 0.913542 0.175156 0.940625 0.179688 0.977708 0.176875 0.998333 0.180625 1 0.202188 1 0.240156 0.996875 0.271406 1 0.291406 0.996875 0.327813 1 0.369844 0.995625 0.390937
12 0.426458 0.315937 0.429167 0.293125 0.438958 0.255938 0.454583 0.219844 0.473958 0.198125 0.464792 0.174375 0.467917 0.162187 0.476875 0.152344 0.483333 0.149063 0.515833 0.151094 0.543333 0.155938 0.558958 0.154531 0.571042 0.15875 0.624583 0.1625 0.63125 0.178281 0.628333 0.189688 0.620625 0.199219 0.620625 0.220781 0.63625 0.255781 0.637708 0.295156 0.635208 0.310937 0.62375 0.340625 0.611042 0.354844 0.588333 0.369062 0.565833 0.373906 0.534167 0.373906 0.515625 0.370625 0.499792 0.372969 0.481458 0.371875 0.451042 0.360156 0.435833 0.347344 0.429375 0.337188 0.426458 0.317344
12 0.405625 0.1675 0.397083 0.18625 0.386458 0.195625 0.399583 0.20875 0.414792 0.240781 0.414792 0.301094 0.406875 0.331719 0.398542 0.346562 0.390417 0.353906 0.361875 0.365313 0.34 0.37 0.31375 0.37 0.2475 0.36125 0.229583 0.352344 0.206875 0.32375 0.194167 0.290156 0.195417 0.259531 0.202292 0.240313 0.224375 0.205938 0.237292 0.1925 0.220417 0.18125 0.221875 0.164531 0.218958 0.150469 0.22625 0.142344 0.234792 0.138125 0.349375 0.155 0.403125 0.158906
12 0.845 0.4575 0.83875 0.474844 0.8225 0.48625 0.831875 0.524844 0.831875 0.549531 0.825208 0.594062 0.809583 0.621875 0.794167 0.635156 0.774375 0.647031 0.76125 0.653594 0.74 0.657969 0.69125 0.655938 0.6725 0.652187 0.652708 0.643125 0.63 0.626094 0.611667 0.605 0.604583 0.582188 0.603333 0.559375 0.60875 0.53625 0.622708 0.512969 0.631458 0.49 0.6425 0.476406 0.659792 0.463906 0.653125 0.455 0.650833 0.444688 0.6575 0.425469 0.675208 0.414219 0.699167 0.408437 0.758125 0.409687 0.824167 0.430312 0.835 0.437188 0.842292 0.446563
12 0.592917 0.449531 0.584167 0.488281 0.598958 0.515156 0.602083 0.560469 0.590208 0.612812 0.578542 0.631563 0.564375 0.641875 0.551458 0.646719 0.511667 0.655938 0.465625 0.654062 0.421875 0.640781 0.397083 0.625625 0.386042 0.612031 0.37375 0.5875 0.369792 0.566406 0.374375 0.528125 0.381875 0.517031 0.384792 0.500781 0.393542 0.490937 0.3975 0.480625 0.411458 0.468125 0.398333 0.455469 0.394792 0.442656 0.398125 0.424531 0.406875 0.414531 0.420208 0.407969 0.45875 0.403594 0.511667 0.403438 0.54875 0.409219 0.566042 0.414687 0.577083 0.420781 0.585 0.429375 0.58875 0.439531
12 0.351458 0.430781 0.3475 0.445156 0.336667 0.455781 0.363958 0.504375 0.369792 0.538594 0.369792 0.560469 0.35625 0.604063 0.348958 0.612812 0.333542 0.624062 0.320625 0.628906 0.271458 0.640156 0.223958 0.640156 0.203958 0.636406 0.155208 0.615469 0.14375 0.607812 0.12875 0.591094 0.122917 0.575313 0.122917 0.561406 0.135 0.498594 0.148333 0.471562 0.167292 0.45 0.156042 0.439375 0.151875 0.425781 0.154167 0.414687 0.160208 0.406094 0.169583 0.399219 0.189792 0.3925 0.229167 0.387656 0.264792 0.387656 0.323542 0.399062 0.347292 0.417344
12 0.7525 0.220469 0.755208 0.231875 0.753958 0.297969 0.742292 0.317031 0.727083 0.332031 0.707083 0.343438 0.684583 0.347187 0.652917 0.344219 0.629167 0.338594 0.611458 0.33 0.598125 0.309531 0.592708 0.295 0.5875 0.275312 0.5875 0.261563 0.596875 0.230313 0.605208 0.218594 0.626875 0.202344 0.621667 0.187188 0.628542 0.170156 0.636042 0.165313 0.656458 0.165 0.754583 0.172812 0.760625 0.187188 0.756667 0.200469 0.74625 0.210781
