12 0.651042 0.507656 0.655417 0.512031 0.656667 0.522656 0.642708 0.535625 0.624792 0.539531 0.608958 0.534531 0.600625 0.528906 0.599375 0.518437 0.6075 0.503906 0.615 0.501719 0.611667 0.495625 0.61875 0.484844 0.632917 0.483281 0.649375 0.487187 0.655417 0.499219 0.653125 0.504063 0.6475 0.506875
12 0.593542 0.51125 0.593542 0.528281 0.58625 0.535781 0.574167 0.541875 0.55125 0.542188 0.536042 0.533906 0.5325 0.525781 0.533958 0.509531 0.536875 0.504063 0.543958 0.501719 0.543125 0.494844 0.551875 0.484063 0.573958 0.482031 0.588542 0.487344 0.595833 0.499844 0.587917 0.508281
12 0.458333 0.508437 0.461042 0.526719 0.458958 0.531406 0.447083 0.5375 0.419375 0.539844 0.408125 0.534687 0.402083 0.528438 0.401667 0.513594 0.407292 0.507812 0.404792 0.500938 0.414792 0.484531 0.432917 0.482188 0.445208 0.483594 0.450833 0.487031 0.455625 0.503281
12 0.471458 0.507812 0.477292 0.500781 0.474167 0.495312 0.476042 0.490313 0.485 0.482656 0.5 0.478437 0.511667 0.480938 0.522917 0.490781 0.522917 0.502344 0.53 0.51875 0.528125 0.528906 0.522917 0.53625 0.503542 0.545156 0.487292 0.544844 0.477708 0.540156 0.468958 0.531094 0.471458 0.507969
12 0.337083 0.509219 0.347708 0.485 0.363125 0.480938 0.380417 0.484375 0.386042 0.489531 0.395625 0.51875 0.395 0.528906 0.390625 0.534219 0.378958 0.539219 0.351875 0.537656 0.339167 0.527344 0.337083 0.509375
12 0.526667 0.437344 0.53 0.449688 0.524583 0.459375 0.51125 0.464844 0.478333 0.461875 0.468958 0.454063 0.470417 0.439844 0.47375 0.434688 0.480417 0.432812 0.476458 0.431094 0.482708 0.413281 0.500208 0.408437 0.515833 0.409531 0.52125 0.414375 0.523542 0.431406 0.519583 0.433906
12 0.596667 0.432188 0.603542 0.439531 0.6025 0.447344 0.594375 0.454844 0.57875 0.461875 0.552708 0.459375 0.540625 0.451719 0.541458 0.437812 0.5525 0.430156 0.546458 0.419688 0.554167 0.411406 0.567708 0.408281 0.590625 0.4125 0.5975 0.421094 0.593125 0.431406
12 0.613542 0.449531 0.610833 0.443125 0.614375 0.435937 0.622292 0.430312 0.619375 0.421094 0.62125 0.416719 0.631458 0.408594 0.6575 0.406094 0.66625 0.409844 0.670417 0.419688 0.666667 0.429219 0.67125 0.445156 0.662917 0.456719 0.649375 0.46125 0.62 0.456875
12 0.615 0.49375 0.618125 0.476094 0.633125 0.449375 0.647292 0.443438 0.663125 0.441719 0.679792 0.450313 0.687708 0.462656 0.681458 0.469375 0.682917 0.484375 0.68 0.492188 0.667083 0.505625 0.657083 0.509062 0.626875 0.507188 0.615 0.493906
12 0.54 0.49375 0.545833 0.470156 0.55625 0.453906 0.564583 0.446563 0.582292 0.442812 0.606042 0.449219 0.610417 0.463906 0.603333 0.505625 0.582708 0.511562 0.560208 0.509687 0.544167 0.501875 0.54 0.493906
12 0.406667 0.492969 0.401458 0.4875 0.4 0.480469 0.405625 0.463906 0.403958 0.455937 0.409792 0.446406 0.419375 0.441094 0.429583 0.439219 0.454792 0.446719 0.467917 0.4725 0.468333 0.488281 0.465208 0.495 0.454167 0.50375 0.438333 0.507344 0.424375 0.505781 0.40875 0.497813
12 0.331875 0.450156 0.354375 0.441719 0.37625 0.446094 0.393958 0.479219 0.394583 0.4875 0.387917 0.503281 0.374375 0.510938 0.35875 0.511875 0.345625 0.509531 0.33125 0.499531 0.32625 0.491563 0.32625 0.467031
12 0.61125 0.53375 0.619375 0.523594 0.639792 0.520312 0.653125 0.525781 0.66125 0.534844 0.658542 0.568438 0.655625 0.573281 0.63875 0.583594 0.619583 0.584688 0.599583 0.575625 0.594583 0.57 0.593958 0.55 0.601875 0.539687 0.611458 0.535313
12 0.533125 0.546406 0.54875 0.527031 0.559792 0.523906 0.582083 0.526563 0.592708 0.542969 0.5925 0.572344 0.569583 0.586094 0.555833 0.586562 0.537292 0.583125 0.528125 0.564531
12 0.471875 0.534219 0.484167 0.527344 0.497083 0.527187 0.518125 0.535625 0.52625 0.550312 0.527917 0.563594 0.5225 0.579688 0.512083 0.586875 0.495 0.590313 0.475 0.585781 0.465208 0.579844 0.4575 0.557656 0.470833 0.53875
12 0.402083 0.532656 0.411875 0.5275 0.425417 0.527187 0.431875 0.528906 0.443125 0.537656 0.4575 0.557656 0.458333 0.569531 0.453125 0.57875 0.428542 0.589219 0.41875 0.588906 0.399375 0.58125 0.389375 0.568906 0.396667 0.536875
12 0.32625 0.54375 0.333333 0.528594 0.342292 0.524531 0.361875 0.524687 0.37 0.527813 0.38625 0.547656 0.39 0.556406 0.390417 0.563281 0.383333 0.579375 0.3775 0.583594 0.361458 0.587656 0.338958 0.587031 0.328542 0.58125 0.320417 0.564844 0.320833 0.550938 0.32625 0.544687
