12 0.00625 0.160312 0.00958333 0.179219 0.00541667 0.192812 0.0370833 0.229531 0.0660417 0.282813 0.0733333 0.305312 0.0733333 0.323437 0.0689583 0.341406 0.0539583 0.3625 0.0422917 0.370312 0.0227083 0.377812 0.00270833 0.381875 0.00520833 0.321875 0 0.30125 0 0.250625 0.00395833 0.200625 0 0.180781 0.0025 0.156094
12 0.001875 0.133906 0.0185417 0.131406 0.0347917 0.133906 0.0479167 0.140625 0.056875 0.150469 0.0602083 0.163437 0.0560417 0.179688 0.0722917 0.196563 0.0920833 0.231094 0.0975 0.254219 0.0975 0.282187 0.0925 0.299687 0.0760417 0.320469 0.053125 0.330469 0.0283333 0.3325 0.0122917 0.33 0.005 0.326406 0 0.293281 0.00395833 0.276406 0 0.232813 0.001875 0.217969 0 0.135469
12 0.107708 0.279844 0.105625 0.227031 0.113333 0.191094 0.10625 0.184375 0.0995833 0.154688 0.106458 0.145937 0.141875 0.1475 0.175833 0.152656 0.191042 0.150313 0.251667 0.154375 0.2525 0.167187 0.246458 0.187344 0.268125 0.205469 0.269792 0.223906 0.281458 0.2625 0.282292 0.299375 0.26625 0.322031 0.247292 0.33375 0.213125 0.337344 0.169583 0.333281 0.158333 0.33 0.13125 0.31375 0.113333 0.295312
12 0.458125 0.170156 0.471458 0.176875 0.480417 0.186719 0.483542 0.198906 0.476875 0.215937 0.496875 0.283125 0.495625 0.311719 0.478333 0.365781 0.4675 0.379062 0.447292 0.391406 0.422083 0.396875 0.402292 0.396875 0.366042 0.390937 0.335625 0.378594 0.308333 0.356406 0.300833 0.346562 0.295833 0.331719 0.297917 0.265156 0.32 0.212969 0.309583 0.200156 0.306875 0.189062 0.31 0.176875 0.318958 0.166875 0.326667 0.163125 0.355417 0.166563 0.37125 0.164375 0.397292 0.165
12 0.698125 0.254844 0.703958 0.274844 0.699583 0.324375 0.689583 0.362031 0.67625 0.381719 0.66375 0.391094 0.646875 0.395781 0.590833 0.399219 0.560833 0.398281 0.544792 0.394687 0.526458 0.3825 0.511458 0.351719 0.507292 0.326719 0.508333 0.29375 0.518333 0.259219 0.546042 0.220469 0.540417 0.200625 0.543333 0.189062 0.551458 0.179375 0.563542 0.172656 0.5925 0.171875 0.697917 0.183906 0.705 0.191406 0.707917 0.202188 0.70375 0.218125 0.691667 0.228906 0.688333 0.23875
12 0.0872917 0.397656 0.0904167 0.385625 0.108958 0.368125 0.123333 0.364375 0.158958 0.359219 0.225417 0.365625 0.238542 0.372344 0.2475 0.382188 0.250833 0.394375 0.243958 0.411719 0.27125 0.444844 0.285 0.485938 0.282292 0.520781 0.271458 0.542969 0.262292 0.551094 0.25 0.556562 0.217917 0.560156 0.160833 0.558437 0.133333 0.551875 0.10375 0.536094 0.0916667 0.522188 0.080625 0.491719 0.09375 0.447344 0.111667 0.425938 0.0941667 0.415
12 0.4975 0.394375 0.500625 0.382188 0.509583 0.372344 0.522917 0.365625 0.539167 0.363125 0.591875 0.363125 0.608125 0.365625 0.62125 0.372344 0.630208 0.382188 0.633542 0.394375 0.62875 0.408906 0.61625 0.419844 0.631458 0.427813 0.637917 0.436094 0.64 0.488438 0.635208 0.501094 0.624792 0.511562 0.597708 0.523125 0.556667 0.527187 0.510625 0.517656 0.4925 0.508437 0.481875 0.495469 0.477708 0.481875 0.47875 0.450469 0.484792 0.431562 0.504792 0.412188
12 0.519375 0.183281 0.522917 0.170781 0.539167 0.172344 0.558542 0.169844 0.650833 0.17375 0.655625 0.184062 0.650417 0.199219 0.635417 0.210938 0.647292 0.227188 0.650417 0.247031 0.647083 0.287656 0.631042 0.323281 0.617708 0.329375 0.555625 0.333437 0.528542 0.330469 0.504167 0.315781 0.494583 0.3025 0.488958 0.287188 0.488542 0.2625 0.502292 0.227813 0.5275 0.201719 0.521458 0.193125
12 0 0.449062 0.016875 0.437812 0.0447917 0.428125 0.1025 0.420937 0.149583 0.423438 0.177083 0.429531 0.195208 0.440312 0.204583 0.450625 0.210208 0.46625 0.208958 0.475781 0.202292 0.486875 0.204583 0.4925 0.225 0.5125 0.2475 0.560156 0.245208 0.570469 0.2475 0.589844 0.242083 0.619375 0.22375 0.644531 0.21125 0.65125 0.15125 0.6725 0.131042 0.676406 0.109167 0.676406 0.0585417 0.666875 0.0285417 0.650312 0.00416667 0.6225 0.000208333 0.614219 0.00229167 0.566875 0 0.535313 0.014375 0.507031 0.00333333 0.493906 0 0.478281 0 0.450781
12 0.261042 0.516563 0.268958 0.498906 0.271875 0.483281 0.265 0.478437 0.259792 0.45875 0.262292 0.449375 0.272083 0.439219 0.28625 0.431719 0.3225 0.423438 0.3775 0.423438 0.424583 0.432344 0.436667 0.439219 0.444792 0.44875 0.447708 0.472813 0.442708 0.489063 0.458958 0.507812 0.466042 0.523906 0.469792 0.546406 0.470208 0.599375 0.467708 0.614062 0.458333 0.625 0.445833 0.635469 0.430208 0.643906 0.37625 0.657969 0.326875 0.657969 0.289792 0.646563 0.2725 0.631875 0.261458 0.610469 0.252083 0.580781 0.252083 0.547031 0.261042 0.516875
12 0.582083 0.419219 0.609167 0.420156 0.650833 0.429219 0.671458 0.437969 0.680625 0.447969 0.684167 0.460469 0.683125 0.470937 0.666875 0.492188 0.683125 0.525625 0.6875 0.548594 0.6775 0.582969 0.645208 0.63125 0.616667 0.642188 0.586458 0.645937 0.552292 0.645937 0.518333 0.637188 0.494792 0.624844 0.478542 0.610781 0.470625 0.60125 0.467708 0.589844 0.46875 0.560156 0.475417 0.527187 0.48125 0.518594 0.485208 0.502812 0.497708 0.49 0.514583 0.479687 0.505208 0.469531 0.501875 0.457031 0.506875 0.441563 0.514167 0.433281 0.542708 0.420156 0.569792 0.420625
