12 0.939792 0.596875 0.938333 0.620625 0.923958 0.645312 0.904375 0.663125 0.878333 0.67625 0.845208 0.680625 0.804375 0.674687 0.776875 0.663125 0.7625 0.646563 0.7575 0.63375 0.756042 0.615781 0.75875 0.586094 0.76375 0.575156 0.768958 0.565781 0.777708 0.558125 0.805 0.544844 0.815 0.519844 0.824167 0.51125 0.836875 0.505469 0.882292 0.503281 0.902083 0.507188 0.934583 0.521875 0.9525 0.533125 0.959583 0.550469 0.958125 0.560156 0.945833 0.5775 0.935625 0.583594
12 0.59375 0.623594 0.59375 0.609844 0.599792 0.589375 0.628125 0.545937 0.635417 0.520156 0.644583 0.51125 0.657292 0.505469 0.692083 0.503281 0.744792 0.515937 0.755208 0.521875 0.764792 0.532031 0.768125 0.544531 0.758958 0.570625 0.766875 0.592969 0.765417 0.619688 0.760417 0.645 0.734792 0.674375 0.701458 0.683594 0.677708 0.683594 0.640625 0.676875 0.6075 0.6575 0.59375 0.624219
12 0.514375 0.500781 0.523958 0.499688 0.542917 0.502188 0.566667 0.510625 0.585833 0.53 0.587292 0.540469 0.579167 0.56625 0.588333 0.579531 0.59125 0.609844 0.587292 0.629531 0.577708 0.652344 0.550208 0.672813 0.516667 0.679688 0.499583 0.679688 0.4625 0.672813 0.445625 0.665781 0.436667 0.658438 0.428333 0.649062 0.424792 0.637656 0.422292 0.609844 0.428125 0.576719 0.444583 0.560781 0.443333 0.538438 0.449792 0.519531 0.45875 0.51 0.471875 0.503594 0.50875 0.501875
12 0.253958 0.569531 0.243333 0.549531 0.2425 0.533125 0.255417 0.515313 0.298333 0.502031 0.354375 0.499375 0.371042 0.502031 0.384375 0.509062 0.39375 0.519062 0.397292 0.538594 0.393542 0.553438 0.403125 0.563594 0.417083 0.600938 0.413125 0.634687 0.407292 0.648438 0.389792 0.666094 0.362292 0.679844 0.334583 0.683594 0.284375 0.674375 0.259375 0.660781 0.246667 0.633594 0.242708 0.61375 0.245417 0.580781 0.253125 0.57125
12 0.060625 0.574219 0.0633333 0.563125 0.070625 0.553906 0.0633333 0.544531 0.060625 0.533594 0.0625 0.521094 0.066875 0.511719 0.076875 0.501563 0.102917 0.488594 0.122083 0.485469 0.151042 0.483594 0.18625 0.487187 0.199583 0.494219 0.208542 0.503281 0.213958 0.522656 0.211458 0.534219 0.228542 0.547344 0.243125 0.58125 0.246667 0.606406 0.241667 0.621563 0.233542 0.634219 0.21875 0.64875 0.196667 0.659687 0.155 0.66875 0.128958 0.6675 0.0902083 0.657031 0.0727083 0.645469 0.0654167 0.633281 0.060625 0.615313 0.060625 0.574688
12 0.825833 0.364531 0.861667 0.336719 0.862917 0.316719 0.870417 0.307344 0.881458 0.300469 0.9 0.295625 0.940208 0.2925 0.966042 0.296563 1 0.3175 1 0.334687 1 0.345469 0.994375 0.360938 0.999167 0.39 0.981458 0.435781 0.953333 0.465156 0.942083 0.471406 0.916458 0.479063 0.894167 0.480625 0.839792 0.470937 0.805 0.44875 0.795625 0.416719 0.804583 0.38625 0.8175 0.375312
12 0.630625 0.41375 0.636667 0.386406 0.647083 0.368281 0.66375 0.348438 0.680417 0.335313 0.675625 0.320781 0.67875 0.308594 0.687708 0.29875 0.701042 0.292031 0.717292 0.289531 0.771458 0.289531 0.786042 0.291563 0.816458 0.308438 0.823542 0.325781 0.820833 0.337031 0.808958 0.352969 0.808958 0.368281 0.814375 0.384063 0.813125 0.398906 0.800417 0.4375 0.792708 0.450469 0.780417 0.461094 0.763542 0.469375 0.742292 0.47375 0.709375 0.475781 0.673542 0.471875 0.650208 0.460156 0.641667 0.452344 0.630625 0.428594 0.630625 0.414375
12 0.478958 0.279375 0.473958 0.260625 0.47625 0.250156 0.482917 0.24125 0.492917 0.234375 0.505417 0.230313 0.524375 0.226875 0.544167 0.226875 0.577917 0.231719 0.59125 0.238437 0.600208 0.248438 0.603333 0.261406 0.59375 0.285625 0.602292 0.31 0.604583 0.329844 0.602292 0.344687 0.591667 0.371406 0.580833 0.384531 0.568125 0.39125 0.540833 0.396563 0.50375 0.395781 0.474583 0.384531 0.459375 0.368281 0.455208 0.354531 0.455208 0.319062 0.464583 0.294531 0.478125 0.282187
12 0.286875 0.360625 0.309167 0.323906 0.301667 0.314531 0.298958 0.303437 0.301667 0.289375 0.309792 0.279375 0.336875 0.270937 0.35125 0.269687 0.419792 0.276719 0.43125 0.283594 0.438958 0.292969 0.441667 0.307656 0.438125 0.320625 0.452917 0.35 0.464792 0.396719 0.462083 0.419375 0.446458 0.438906 0.413542 0.452969 0.369375 0.460938 0.338542 0.457344 0.326458 0.453437 0.308542 0.441406 0.293958 0.427187 0.284583 0.404687 0.286042 0.365781
12 0.09875 0.393125 0.0966667 0.36375 0.1 0.337344 0.106667 0.319844 0.10125 0.313281 0.0983333 0.291406 0.102292 0.281406 0.119792 0.270156 0.142708 0.265625 0.201875 0.268594 0.214167 0.267344 0.224583 0.269844 0.246875 0.284062 0.2525 0.31 0.2475 0.317188 0.270833 0.347656 0.28 0.368906 0.282292 0.400781 0.272917 0.425469 0.264583 0.435156 0.24625 0.446719 0.225417 0.455156 0.196667 0.458437 0.15625 0.456094 0.1225 0.440625 0.110417 0.42625 0.101458 0.403438
12 0.797292 0.19875 0.803333 0.179062 0.815417 0.155938 0.829167 0.140313 0.846667 0.129688 0.854167 0.111563 0.873125 0.100312 0.898542 0.0923438 0.916875 0.0915625 0.933125 0.0940625 0.946458 0.100781 0.955417 0.110625 0.958542 0.122812 0.955 0.135625 0.945208 0.145781 0.941042 0.159688 0.944375 0.172344 0.944375 0.202813 0.939167 0.226562 0.931458 0.236094 0.916458 0.247812 0.895 0.252188 0.863542 0.250156 0.832708 0.245 0.82125 0.240625 0.806042 0.225469 0.80375 0.215625
12 0.823125 0.284687 0.825417 0.265313 0.834375 0.255312 0.847708 0.24875 0.86375 0.24625 0.923125 0.25 0.936458 0.256719 0.945208 0.266719 0.948542 0.278906 0.944583 0.292344 0.936667 0.299844 0.946458 0.308438 0.955625 0.327969 0.954583 0.360938 0.934375 0.404687 0.909583 0.419688 0.859583 0.41625 0.817708 0.407813 0.788958 0.39 0.783333 0.38125 0.786458 0.338281 0.799375 0.305156 0.810417 0.293125
12 0.770833 0.299219 0.78 0.329688 0.779792 0.36125 0.77625 0.372188 0.757917 0.387969 0.739583 0.397187 0.700625 0.402969 0.660417 0.396094 0.631458 0.383125 0.623125 0.373906 0.617708 0.358594 0.61875 0.339688 0.636458 0.3 0.646875 0.287344 0.657708 0.281406 0.65875 0.259844 0.665833 0.250625 0.676458 0.243906 0.701667 0.238594 0.738333 0.238594 0.754583 0.241094 0.767708 0.247812 0.776667 0.257812 0.78 0.269844 0.778958 0.276406 0.76625 0.293125
12 0.2925 0.368594 0.255833 0.378906 0.221458 0.379062 0.204583 0.382188 0.175 0.380625 0.15625 0.365781 0.142708 0.332031 0.149167 0.311094 0.1475 0.295469 0.165208 0.273906 0.155833 0.26 0.158333 0.24125 0.167083 0.23125 0.180417 0.224688 0.196667 0.222187 0.239792 0.222812 0.255833 0.225312 0.269167 0.232031 0.278125 0.241875 0.281458 0.254062 0.275833 0.268594 0.288542 0.279531 0.296667 0.296406 0.298542 0.317812 0.304375 0.336406 0.299583 0.361094
12 0.892708 0.505 0.890833 0.533125 0.881875 0.5575 0.87 0.570781 0.848542 0.580781 0.818958 0.585 0.79125 0.579375 0.76875 0.56875 0.752083 0.550781 0.747917 0.521563 0.753333 0.491406 0.764167 0.477813 0.785 0.469062 0.787917 0.452969 0.796875 0.442969 0.81 0.436406 0.835417 0.433281 0.850625 0.438125 0.876458 0.439375 0.893958 0.447187 0.901875 0.457188 0.902708 0.46375 0.898333 0.477813 0.886458 0.488594
12 0.744167 0.507812 0.746875 0.529687 0.744375 0.557188 0.740208 0.565625 0.725208 0.578594 0.67875 0.585781 0.655625 0.582812 0.612292 0.571719 0.59875 0.559531 0.593958 0.544844 0.593958 0.5325 0.600208 0.507031 0.613958 0.481719 0.623333 0.475312 0.6275 0.450156 0.636458 0.440312 0.649583 0.433594 0.685208 0.427656 0.724375 0.435937 0.737083 0.442812 0.745625 0.4525 0.74875 0.464375 0.745 0.477969 0.735208 0.488281 0.741875 0.497188
12 0.445417 0.502969 0.450625 0.487812 0.464375 0.476719 0.460208 0.45625 0.463125 0.444531 0.471458 0.434844 0.48375 0.427969 0.499167 0.425 0.559167 0.4275 0.571458 0.432812 0.580625 0.440781 0.588333 0.461719 0.583333 0.480312 0.5925 0.502188 0.591042 0.552344 0.585417 0.560937 0.574792 0.571406 0.556667 0.579688 0.542083 0.581562 0.503125 0.579531 0.483125 0.573906 0.464583 0.563125 0.451667 0.550625 0.441875 0.520156 0.445417 0.503281
12 0.43625 0.492188 0.443542 0.541875 0.437917 0.557188 0.428333 0.567656 0.410208 0.576094 0.393542 0.578594 0.336042 0.577344 0.312083 0.568594 0.288958 0.546719 0.28625 0.535313 0.291458 0.519844 0.297083 0.483437 0.302292 0.473438 0.3 0.455625 0.305417 0.440156 0.332917 0.422344 0.364583 0.419844 0.403333 0.427031 0.414792 0.43375 0.4225 0.443281 0.425208 0.454531 0.41875 0.47125 0.430417 0.480156
12 0.269167 0.460938 0.281458 0.478125 0.291667 0.515156 0.284375 0.55625 0.253333 0.577187 0.211042 0.579688 0.176042 0.575313 0.164792 0.571094 0.139792 0.548125 0.134167 0.529531 0.135 0.503437 0.144167 0.475781 0.141042 0.44875 0.143958 0.437344 0.151667 0.427969 0.163333 0.421094 0.195625 0.414219 0.2225 0.412969 0.23875 0.415313 0.251875 0.422031 0.260833 0.432031 0.264167 0.444219 0.262917 0.455625
