12 0.807917 0.170625 0.818333 0.194531 0.818333 0.244062 0.809792 0.265781 0.795417 0.280938 0.774792 0.29125 0.745 0.295 0.711875 0.295 0.648542 0.28625 0.634375 0.278438 0.623958 0.266875 0.61875 0.251875 0.620208 0.222187 0.636042 0.178594 0.652708 0.157031 0.661042 0.151406 0.653125 0.133125 0.656458 0.120938 0.665417 0.111094 0.682292 0.110156 0.718542 0.114688 0.744792 0.109844 0.785833 0.113125 0.796667 0.12 0.80375 0.129219 0.806458 0.14 0.803958 0.150781 0.797083 0.159844
12 0.8825 0.182812 0.897708 0.166563 0.894583 0.145 0.900417 0.129219 0.915208 0.118125 0.923542 0.114688 0.999792 0.118438 0.996875 0.183125 1 0.319688 0.998333 0.328594 0.978542 0.332656 0.924375 0.333594 0.886875 0.324688 0.864583 0.322969 0.848333 0.314688 0.838333 0.272969 0.838542 0.2575 0.85625 0.214219 0.87 0.194531 0.881875 0.183438
12 1 0.44875 0.996875 0.49 1 0.507812 0.998125 0.517188 1 0.542344 0.990417 0.557031 0.976875 0.564219 0.953542 0.569844 0.928542 0.570781 0.909583 0.568594 0.887917 0.562969 0.859375 0.550156 0.83125 0.530781 0.822083 0.510625 0.822083 0.499844 0.833125 0.454844 0.848958 0.42 0.86 0.408906 0.879167 0.396875 0.872708 0.388125 0.870417 0.377812 0.87375 0.365625 0.882708 0.355781 0.895833 0.349062 0.952708 0.343281 0.973125 0.345313 1 0.355938 1 0.448281
12 0.647083 0.261563 0.653333 0.223438 0.674167 0.183281 0.694792 0.154062 0.687917 0.129531 0.691042 0.117344 0.7 0.1075 0.707917 0.103438 0.84875 0.109844 0.857083 0.119063 0.860208 0.132031 0.854792 0.147656 0.835833 0.161406 0.849167 0.187969 0.851458 0.199687 0.847083 0.251406 0.837708 0.284219 0.814583 0.317031 0.794792 0.327656 0.778958 0.329844 0.760417 0.329844 0.728958 0.32375 0.700208 0.324063 0.683125 0.319062 0.668958 0.314063 0.652083 0.298594 0.647083 0.28375 0.647083 0.261875
12 0.268333 0.291406 0.25 0.271094 0.2425 0.2525 0.2425 0.223594 0.247917 0.189219 0.260417 0.153281 0.270417 0.135625 0.257292 0.120469 0.253542 0.107344 0.256667 0.0951562 0.267083 0.0845313 0.370833 0.0903125 0.420417 0.095625 0.426875 0.111406 0.423125 0.124531 0.412708 0.135 0.43 0.17 0.444583 0.236719 0.444583 0.253281 0.43625 0.284531 0.420625 0.299063 0.399583 0.309063 0.362292 0.314219 0.303333 0.308906 0.275208 0.295781
12 0.0177083 0.24625 0.0104167 0.21125 0.0104167 0.176563 0.0152083 0.155156 0.03 0.125937 0.0204167 0.115781 0.0170833 0.103125 0.0202083 0.0909375 0.0283333 0.0820312 0.0810417 0.085625 0.112083 0.0910938 0.190417 0.0990625 0.19375 0.111406 0.191667 0.132344 0.195417 0.147812 0.228542 0.209687 0.233333 0.224375 0.231458 0.263281 0.225625 0.284687 0.21625 0.294687 0.19375 0.306406 0.169792 0.310937 0.101667 0.307656 0.058125 0.301563 0.0402083 0.291094 0.028125 0.275469 0.018125 0.247344
12 0.417083 0.450625 0.412917 0.461094 0.383958 0.478125 0.305 0.480312 0.261875 0.472344 0.24375 0.459531 0.2375 0.451094 0.235 0.431406 0.226875 0.419063 0.227083 0.381875 0.235208 0.357344 0.2525 0.337969 0.255 0.315781 0.262083 0.306719 0.272708 0.299844 0.297292 0.294687 0.357708 0.294531 0.373958 0.297031 0.387292 0.30375 0.39625 0.31375 0.399375 0.325781 0.396667 0.337031 0.389167 0.346406 0.403333 0.35625 0.410208 0.37 0.414583 0.380312 0.419375 0.419844 0.417083 0.450625 0.610833 0.477031 0.618125 0.45625 0.646667 0.411719 0.664583 0.395156 0.658333 0.386406 0.656042 0.376094 0.659167 0.364063 0.668125 0.354063 0.681458 0.347344 0.697708 0.344844 0.765833 0.344844 0.781458 0.347187 0.80875 0.356875 0.820208 0.36375 0.827708 0.373125 0.830625 0.385313 0.829583 0.392344 0.813958 0.4125 0.82625 0.453594 0.828333 0.472656 0.823958 0.513906 0.818958 0.52875 0.813542 0.535313 0.791875 0.554063 0.771875 0.567187 0.751667 0.574375 0.739375 0.575625 0.678125 0.57 0.646667 0.555469 0.631875 0.543281 0.625625 0.536094 0.609792 0.498281 0.610833 0.477031
12 0.406875 0.530312 0.398542 0.507344 0.403125 0.470469 0.418542 0.427344 0.4375 0.397187 0.439167 0.391094 0.431667 0.372031 0.435 0.359844 0.44375 0.35 0.457083 0.343281 0.507292 0.34 0.550208 0.344062 0.582292 0.35 0.595625 0.357031 0.605 0.367031 0.608333 0.379531 0.605625 0.390625 0.593125 0.413594 0.603542 0.432656 0.614375 0.466719 0.616042 0.489219 0.599167 0.539375 0.584583 0.555469 0.570833 0.564063 0.5475 0.572031 0.522708 0.574844 0.486458 0.573281 0.468958 0.570312 0.421875 0.548438 0.4075 0.531406
12 0.178125 0.520469 0.16875 0.498281 0.16875 0.469375 0.175417 0.4275 0.188542 0.400625 0.178125 0.390156 0.173125 0.375312 0.175625 0.361563 0.182292 0.352656 0.192292 0.345781 0.205 0.341719 0.2325 0.336719 0.26875 0.336719 0.325833 0.340781 0.342083 0.343281 0.355417 0.35 0.364375 0.359844 0.3675 0.372031 0.356458 0.3975 0.377708 0.425156 0.392917 0.462812 0.392708 0.515 0.381667 0.537656 0.371458 0.549531 0.353958 0.562188 0.317083 0.571562 0.266458 0.572344 0.235208 0.569531 0.2025 0.552969 0.179792 0.522969
12 0 0.326875 0.0135417 0.325156 0.0785417 0.327656 0.112708 0.331875 0.125833 0.338594 0.134583 0.348438 0.137708 0.360469 0.13625 0.370312 0.128333 0.38625 0.155417 0.411719 0.159167 0.421563 0.17 0.432031 0.173958 0.445469 0.170833 0.4575 0.172917 0.484219 0.17 0.503437 0.163542 0.517188 0.146875 0.536406 0.127917 0.548438 0.10375 0.557188 0.0795833 0.561719 0.0564583 0.561719 0.0185417 0.556406 0.003125 0.548906 0.000416667 0.54 0.00458333 0.435625 0 0.401094 0 0.327031
