12 0.995417 0.368906 0.973125 0.369062 0.931458 0.36375 0.889583 0.352031 0.876458 0.345 0.861458 0.328594 0.866667 0.240781 0.8775 0.2275 0.93 0.189375 0.93375 0.175 0.93 0.162031 0.933125 0.149844 0.942083 0.139844 0.955417 0.133125 0.971667 0.130781 0.991875 0.132969 0.999375 0.136094 1 0.144219 0.99625 0.169063 1 0.196875 0.99625 0.214219 1 0.242031 0.99625 0.32 1 0.338594 1 0.3675
12 0.998958 0.461719 1 0.466719 0.99625 0.490937 1 0.549687 0.997708 0.576562 1 0.614219 0.991458 0.619375 0.974792 0.622031 0.944375 0.620781 0.914375 0.616094 0.8675 0.599062 0.853542 0.591406 0.829375 0.562031 0.827083 0.5325 0.830208 0.515625 0.849167 0.478906 0.865417 0.45875 0.891042 0.441094 0.909167 0.438281 0.90125 0.42875 0.898333 0.417344 0.901458 0.405156 0.910417 0.395313 0.92375 0.388594 0.94 0.386094 0.988958 0.384844 1 0.387344 1 0.424062 0.997708 0.43875 0.999583 0.460938
12 0.200833 0.399531 0.200417 0.404219 0.207708 0.413438 0.211875 0.433906 0.210417 0.477969 0.205208 0.492969 0.19 0.506406 0.154375 0.512656 0.07375 0.513906 0.0310417 0.50125 0.0189583 0.484375 0.016875 0.466875 0.0108333 0.455937 0.00979167 0.429219 0.01625 0.412656 0.0195833 0.390469 0.034375 0.377031 0.0177083 0.352187 0.0172917 0.339531 0.035625 0.324063 0.128542 0.315469 0.161458 0.321406 0.175625 0.329062 0.188125 0.340156 0.191458 0.349688 0.187917 0.361875 0.17875 0.372031 0.194792 0.383281
12 0.385833 0.377969 0.400625 0.395 0.414583 0.435156 0.406667 0.494844 0.404375 0.504844 0.398125 0.513594 0.377292 0.527813 0.34125 0.535313 0.286875 0.534062 0.247708 0.522813 0.217708 0.498906 0.209375 0.475469 0.2125 0.435156 0.217708 0.42 0.243333 0.378125 0.23625 0.367656 0.234792 0.352031 0.237917 0.339844 0.246875 0.329844 0.260208 0.323281 0.276458 0.320781 0.301667 0.320781 0.365417 0.326719 0.37875 0.333437 0.387708 0.343438 0.390833 0.355625 0.388542 0.366094 0.381667 0.375156
12 0.697292 0.315625 0.655208 0.304531 0.63625 0.295469 0.621875 0.279062 0.619583 0.227344 0.631458 0.197188 0.64 0.188281 0.643125 0.180156 0.656875 0.165 0.667708 0.159688 0.662292 0.141719 0.665625 0.129531 0.674583 0.119687 0.687708 0.112969 0.7325 0.118594 0.742292 0.117188 0.772083 0.122031 0.7825 0.120781 0.811042 0.125625 0.82 0.135625 0.823333 0.147656 0.82125 0.159688 0.8125 0.17 0.79625 0.179531 0.806458 0.186094 0.819167 0.243438 0.815625 0.265313 0.802917 0.292187 0.762708 0.314375 0.720417 0.318438
12 0.808958 0.46125 0.806667 0.489375 0.779583 0.516406 0.75375 0.526563 0.703958 0.528125 0.644167 0.517656 0.620417 0.509375 0.608333 0.494375 0.602083 0.477969 0.602083 0.43875 0.606875 0.417031 0.631042 0.38875 0.648125 0.379531 0.641667 0.362656 0.645 0.350469 0.653958 0.340625 0.667083 0.333906 0.683333 0.331406 0.721458 0.331406 0.770833 0.3375 0.784167 0.344219 0.793125 0.354063 0.79625 0.36625 0.791875 0.380312 0.78 0.391094 0.79125 0.40375 0.796667 0.420312 0.803333 0.429375 0.804583 0.448594
12 0.8 0.412656 0.802708 0.401406 0.810208 0.392031 0.821458 0.385313 0.835625 0.381719 0.829375 0.372812 0.827083 0.362656 0.830208 0.350469 0.867083 0.339531 0.906667 0.337344 0.962708 0.349375 0.97625 0.360625 0.978958 0.366719 0.97375 0.380469 0.957083 0.391719 0.970833 0.400156 0.983333 0.412969 0.993125 0.435625 0.98375 0.478437 0.97125 0.494688 0.92875 0.524531 0.906667 0.530781 0.874167 0.528438 0.81375 0.515781 0.804792 0.509687 0.792917 0.4775 0.794792 0.42375 0.800208 0.415
12 0.200417 0.143281 0.216458 0.159062 0.2325 0.226094 0.230208 0.251719 0.208542 0.274844 0.195208 0.282031 0.167708 0.288125 0.116458 0.289844 0.0577083 0.280156 0.030625 0.270937 0.0154167 0.247969 0.005625 0.190469 0.02 0.150156 0.0366667 0.141562 0.0285417 0.131875 0.025625 0.112031 0.0289583 0.0998437 0.0377083 0.0901563 0.183125 0.095 0.202083 0.0989063 0.20875 0.114375 0.205208 0.127031 0.195625 0.137187
12 0.671458 0.334844 0.657917 0.322031 0.652708 0.306875 0.658958 0.269062 0.677917 0.225312 0.71875 0.163594 0.712917 0.147656 0.71625 0.135469 0.725208 0.125625 0.738333 0.118906 0.759375 0.116406 0.804167 0.12125 0.849583 0.12 0.865833 0.1225 0.879167 0.129219 0.888125 0.139063 0.89125 0.15125 0.885 0.167813 0.868542 0.179062 0.877292 0.190938 0.880208 0.202344 0.879167 0.224688 0.888125 0.252188 0.884792 0.264688 0.875417 0.274688 0.865417 0.306094 0.841458 0.340156 0.83125 0.349062 0.817292 0.354687 0.812917 0.360469 0.78 0.366719 0.73125 0.362187 0.684167 0.342031
12 0.433542 0.283281 0.427083 0.277031 0.421042 0.260156 0.419167 0.227031 0.433333 0.1825 0.443125 0.166875 0.46 0.149531 0.453125 0.139844 0.450833 0.129375 0.453958 0.117188 0.467708 0.105 0.484583 0.11125 0.50375 0.113594 0.572708 0.110781 0.585833 0.113594 0.589792 0.117188 0.592917 0.129375 0.590208 0.140469 0.582917 0.149844 0.594792 0.196406 0.596875 0.234844 0.58375 0.284687 0.574792 0.294219 0.561667 0.300781 0.524792 0.3075 0.495833 0.303906 0.479167 0.304688 0.458542 0.300625 0.4475 0.295312 0.435417 0.284844
12 0.215 0.269062 0.217083 0.235469 0.236042 0.178437 0.253125 0.148438 0.236667 0.135937 0.230208 0.119375 0.233542 0.107344 0.2425 0.0973437 0.25375 0.0915625 0.281458 0.0964062 0.320625 0.0954688 0.394583 0.100625 0.407917 0.107344 0.416667 0.117188 0.42 0.129375 0.4175 0.140156 0.410417 0.149375 0.410625 0.161406 0.435208 0.227813 0.437083 0.2625 0.442917 0.283281 0.438958 0.305469 0.425833 0.323281 0.406458 0.333437 0.382292 0.341406 0.368958 0.343125 0.311875 0.343125 0.289583 0.338281 0.25875 0.323281 0.235833 0.306094 0.2175 0.280938 0.215 0.269844
12 0.010625 0.0959375 0.019375 0.0914062 0.146667 0.100625 0.157083 0.105937 0.165833 0.115781 0.169167 0.127969 0.165833 0.140313 0.156667 0.150313 0.1775 0.171719 0.195417 0.205938 0.203333 0.232031 0.203333 0.260313 0.207292 0.283281 0.198333 0.306719 0.187292 0.321094 0.168125 0.329375 0.110417 0.340313 0.0725 0.340313 0.0385417 0.333437 0.00729167 0.317969 0 0.298594 0.00375 0.277656 0.000833333 0.242188 0.00375 0.183594 0.000625 0.168906 0.005625 0.129375 0.00291667 0.104531
12 0.62625 0.551094 0.621667 0.537031 0.621667 0.505625 0.628333 0.488906 0.679583 0.434063 0.673125 0.417344 0.676458 0.405156 0.685208 0.395313 0.698542 0.388594 0.714792 0.386094 0.775625 0.386094 0.795208 0.389688 0.802708 0.394844 0.82375 0.401094 0.837292 0.402813 0.850625 0.409531 0.859583 0.419375 0.862917 0.431562 0.845625 0.470937 0.853333 0.494375 0.848958 0.508125 0.851458 0.534219 0.846875 0.548281 0.847708 0.557031 0.842708 0.571719 0.829792 0.582656 0.825208 0.592344 0.805 0.611875 0.783958 0.621563 0.767917 0.623906 0.735625 0.623906 0.705625 0.618437 0.656458 0.6 0.63625 0.578594 0.633125 0.563594
12 0.399375 0.534844 0.407083 0.490625 0.425625 0.458906 0.441458 0.444219 0.44125 0.410781 0.457708 0.390781 0.474167 0.384219 0.494375 0.380312 0.545625 0.380312 0.569583 0.386094 0.586667 0.385469 0.600208 0.395469 0.61875 0.403125 0.623333 0.415937 0.617292 0.450625 0.611875 0.462188 0.625208 0.5 0.624583 0.540469 0.627083 0.55125 0.624792 0.561562 0.618542 0.570469 0.6175 0.58375 0.612292 0.596562 0.602708 0.606875 0.576458 0.620156 0.545625 0.623906 0.5 0.6225 0.453333 0.612969 0.405833 0.58375 0.396667 0.565781 0.399167 0.557031 0.395 0.540312 0.399375 0.535469
12 0.156667 0.556094 0.154167 0.522813 0.16 0.494844 0.165208 0.476406 0.179375 0.455625 0.169375 0.447969 0.158125 0.422969 0.16 0.407969 0.17125 0.394531 0.194375 0.381562 0.215 0.3775 0.277708 0.3775 0.3375 0.388594 0.350833 0.395313 0.359792 0.405156 0.363125 0.417344 0.363125 0.431562 0.355833 0.449062 0.386458 0.49375 0.393333 0.522813 0.395417 0.557031 0.392917 0.5675 0.38625 0.580937 0.375417 0.591875 0.341458 0.612812 0.315208 0.624062 0.294792 0.628125 0.254792 0.628125 0.225625 0.622969 0.196875 0.610469 0.168542 0.58875 0.160625 0.565312
12 0.030625 0.366094 0.09 0.37625 0.102708 0.383125 0.1125 0.393281 0.116042 0.411562 0.111875 0.425156 0.115625 0.436719 0.146667 0.474688 0.153958 0.492031 0.155833 0.52 0.149583 0.570625 0.139375 0.583594 0.116458 0.600938 0.101458 0.605 0.0758333 0.618437 0.0552083 0.6225 0.0191667 0.6225 0.00145833 0.619219 0.005625 0.595469 0 0.557031 0.00375 0.535625 0.00166667 0.493594 0.005625 0.475781 0.005625 0.454375 0 0.421875 0.005625 0.380312 0.00354167 0.368125
