12 0.522708 0.519375 0.52125 0.543125 0.53125 0.565156 0.533125 0.582656 0.527917 0.61125 0.512917 0.630469 0.492083 0.640469 0.46125 0.646563 0.422292 0.643437 0.399375 0.633906 0.375625 0.610156 0.369375 0.581719 0.37375 0.555 0.390208 0.534219 0.386458 0.515313 0.39375 0.497813 0.412292 0.486406 0.4275 0.48125 0.442708 0.479219 0.473125 0.480156 0.494792 0.484844 0.514375 0.499219 0.52125 0.514219
12 0.352083 0.550469 0.360625 0.559063 0.373958 0.592812 0.374167 0.614844 0.369583 0.622969 0.355833 0.632344 0.345 0.645156 0.329792 0.651875 0.292292 0.661406 0.27375 0.661406 0.255208 0.657656 0.225208 0.640937 0.212708 0.627344 0.2025 0.608125 0.200417 0.586562 0.20375 0.571094 0.212292 0.553906 0.205625 0.544844 0.203125 0.534219 0.206458 0.521719 0.230417 0.49875 0.244583 0.491875 0.264583 0.488125 0.296875 0.490156 0.315833 0.495156 0.328125 0.502031 0.33625 0.511719 0.339167 0.523281 0.3375 0.534219 0.346458 0.541406
12 0.0125 0.565625 0.00770833 0.550938 0.0127083 0.529844 0.0285417 0.514219 0.0764583 0.496563 0.0929167 0.494062 0.135 0.499219 0.150208 0.508125 0.159167 0.518125 0.161667 0.537188 0.180417 0.549063 0.197708 0.575313 0.204583 0.605469 0.201875 0.625156 0.192917 0.637969 0.148542 0.665625 0.120625 0.671406 0.0904167 0.669375 0.05875 0.661094 0.0289583 0.637813 0.014375 0.591562 0.021875 0.573594
12 0.386458 0.484687 0.391667 0.464687 0.405208 0.45375 0.401042 0.442188 0.404167 0.430156 0.412708 0.420312 0.425625 0.413594 0.457292 0.408906 0.48125 0.411406 0.494583 0.417969 0.503542 0.427969 0.506875 0.440156 0.504792 0.449531 0.512292 0.457813 0.517292 0.470625 0.51875 0.487656 0.509583 0.527813 0.502917 0.536875 0.492708 0.54375 0.473333 0.551094 0.457292 0.553594 0.430833 0.5525 0.412292 0.548281 0.39375 0.536875 0.386458 0.519375 0.386458 0.485156
12 0.24125 0.452031 0.244583 0.435937 0.253542 0.425938 0.266875 0.419219 0.291458 0.4175 0.312083 0.412812 0.328333 0.415313 0.341458 0.422031 0.350417 0.431875 0.352708 0.454219 0.358125 0.464687 0.367708 0.47125 0.37875 0.499531 0.3775 0.522188 0.366458 0.542188 0.356667 0.552813 0.343125 0.559844 0.304167 0.5625 0.268542 0.557813 0.254792 0.550312 0.236875 0.527344 0.233333 0.489687 0.237083 0.476875 0.246875 0.466719
12 0.0675 0.464844 0.061875 0.449062 0.06875 0.431875 0.08625 0.420625 0.10625 0.416875 0.157708 0.414844 0.172708 0.416875 0.185208 0.422656 0.194375 0.431406 0.20375 0.455312 0.22125 0.464375 0.229167 0.519219 0.224167 0.544531 0.21875 0.555156 0.191667 0.566563 0.16625 0.569844 0.138333 0.569531 0.114583 0.565937 0.0839583 0.543906 0.0775 0.536094 0.0789583 0.528281 0.0716667 0.496094 0.079375 0.47375
12 0.474375 0.146094 0.477917 0.125 0.484792 0.115937 0.477292 0.0975 0.604792 0.0954688 0.617083 0.0971875 0.615417 0.103906 0.607292 0.113437 0.612708 0.128906 0.609167 0.163906 0.600625 0.186875 0.58 0.20375 0.56 0.2075 0.52625 0.206094 0.509583 0.203594 0.49625 0.196719 0.480208 0.176406 0.474375 0.160469 0.474375 0.146406
12 0.777917 0.104062 0.785 0.123438 0.776875 0.149531 0.764792 0.165938 0.755 0.173437 0.742292 0.178125 0.710417 0.182812 0.678125 0.179219 0.664375 0.171563 0.64875 0.153125 0.643125 0.132969 0.645417 0.112969 0.654583 0.102813 0.640833 0.0917188 0.641667 0.079375 0.7775 0.0782812 0.781042 0.08875 0.772083 0.0978125
12 0.525417 0.2725 0.545208 0.293125 0.548542 0.305469 0.542083 0.341562 0.52875 0.365781 0.510833 0.377812 0.491458 0.381406 0.451667 0.379062 0.424583 0.369062 0.408958 0.358594 0.398125 0.343281 0.395625 0.315156 0.403125 0.288125 0.42 0.270156 0.413958 0.253906 0.417083 0.242188 0.425417 0.2325 0.437917 0.225625 0.4575 0.222031 0.489583 0.220625 0.505833 0.223125 0.518958 0.229844 0.527917 0.239687 0.53125 0.251875 0.523958 0.269531
12 0.362708 0.264531 0.380625 0.286094 0.386458 0.304219 0.385417 0.332031 0.375833 0.347656 0.35875 0.358594 0.332708 0.363594 0.308125 0.363594 0.282708 0.360312 0.260625 0.349844 0.249167 0.337344 0.237917 0.308906 0.241667 0.287344 0.254583 0.268125 0.247083 0.257344 0.244375 0.245781 0.247708 0.233594 0.256667 0.223594 0.269792 0.216875 0.308958 0.211719 0.324167 0.212344 0.3475 0.21875 0.358333 0.225625 0.365417 0.234844 0.368125 0.245781 0.360833 0.263281
12 0.0685417 0.319062 0.0610417 0.295156 0.0670833 0.267656 0.055 0.253594 0.0529167 0.243594 0.0560417 0.231562 0.065 0.221563 0.0783333 0.214844 0.098125 0.212344 0.145833 0.213125 0.162292 0.215625 0.175833 0.222656 0.185 0.232656 0.188333 0.245 0.186875 0.26 0.209167 0.286094 0.216667 0.307188 0.217708 0.341875 0.2125 0.357187 0.196042 0.371406 0.184583 0.375781 0.146667 0.381406 0.124792 0.378594 0.106667 0.374531 0.086875 0.359687 0.0720833 0.330937
12 0.000208333 0.285938 0.00166667 0.213594 0.0110417 0.225312 0.014375 0.2375 0.0127083 0.245938 0.0552083 0.297031 0.065625 0.330313 0.0647917 0.347812 0.0547917 0.366719 0.0395833 0.380625 0.0208333 0.385625 0.000416667 0.385937 0.000208333 0.317344
12 0.222083 0.403438 0.219167 0.391562 0.219792 0.36375 0.231875 0.337031 0.222917 0.320781 0.22125 0.306875 0.223333 0.296719 0.229583 0.288125 0.250417 0.277031 0.264583 0.275156 0.322292 0.276719 0.33875 0.279219 0.352083 0.286094 0.36125 0.296094 0.364583 0.308438 0.361875 0.328906 0.372917 0.338125 0.385208 0.366406 0.39 0.399062 0.385208 0.421563 0.366458 0.442656 0.343125 0.458437 0.326458 0.460938 0.305833 0.461719 0.271875 0.455156 0.250208 0.445 0.236458 0.432969 0.224375 0.409219
12 0.39625 0.391094 0.398333 0.365625 0.418958 0.322969 0.414375 0.301406 0.418333 0.292031 0.427917 0.2825 0.441458 0.27625 0.474583 0.272813 0.526875 0.280781 0.539167 0.287344 0.548333 0.297344 0.551667 0.309531 0.548958 0.324688 0.541667 0.335156 0.554375 0.359219 0.556458 0.39875 0.547708 0.42625 0.538958 0.438125 0.526875 0.447813 0.485417 0.458906 0.452708 0.454531 0.429375 0.448594 0.417917 0.442656 0.403542 0.425469 0.396875 0.396094
