12 0.8475 0.284375 0.850833 0.272187 0.859792 0.262344 0.872917 0.255625 0.889167 0.253125 0.926875 0.254531 0.940208 0.258437 0.950833 0.265156 0.957917 0.274375 0.960625 0.286094 0.957083 0.29875 0.94875 0.307344 0.964792 0.324688 0.968333 0.337188 0.969375 0.368594 0.961667 0.386719 0.941875 0.397969 0.918958 0.403125 0.863958 0.404687 0.839792 0.399375 0.827292 0.392656 0.815 0.380781 0.810208 0.358594 0.815625 0.330625 0.827708 0.305156 0.8475 0.285469
12 0.794375 0.310625 0.806458 0.329844 0.81 0.342187 0.80875 0.360781 0.794375 0.382344 0.769167 0.398594 0.745208 0.403906 0.726458 0.403906 0.700625 0.399375 0.66125 0.383594 0.650833 0.372656 0.647292 0.356094 0.653958 0.335625 0.6675 0.30875 0.68875 0.294531 0.684792 0.281094 0.687083 0.270156 0.693333 0.26125 0.702917 0.254531 0.729792 0.248281 0.756042 0.248281 0.781875 0.253437 0.7925 0.260313 0.799583 0.269531 0.802292 0.280313 0.798542 0.293125 0.788542 0.303437
12 0.484792 0.295781 0.500417 0.31625 0.503125 0.326719 0.504167 0.349531 0.497917 0.367812 0.488125 0.377031 0.468542 0.38625 0.448125 0.389844 0.420417 0.388125 0.397708 0.382031 0.380208 0.370781 0.370208 0.359375 0.365833 0.342187 0.367083 0.319219 0.3725 0.305156 0.382917 0.290781 0.378958 0.272813 0.387292 0.254219 0.396458 0.2475 0.424792 0.24 0.461042 0.242344 0.474375 0.249063 0.483333 0.259063 0.486667 0.27125 0.483958 0.281875 0.477083 0.290937
12 0.231667 0.274531 0.234792 0.2625 0.243333 0.252812 0.25625 0.245938 0.299792 0.24 0.316042 0.242344 0.329167 0.249063 0.338125 0.259063 0.341458 0.27125 0.336875 0.285469 0.352083 0.298906 0.357917 0.317344 0.358958 0.337969 0.355 0.365313 0.346875 0.374844 0.334792 0.381719 0.300833 0.388281 0.289792 0.388281 0.255833 0.3825 0.229792 0.367656 0.222917 0.350469 0.223958 0.326406 0.22625 0.313437 0.236667 0.289375
12 0.515417 0.455937 0.51875 0.44375 0.527708 0.433906 0.540833 0.427187 0.575833 0.424687 0.592083 0.427187 0.605208 0.433906 0.614167 0.44375 0.6175 0.455937 0.610625 0.472187 0.619167 0.484531 0.621875 0.495625 0.616458 0.53 0.610833 0.539687 0.601667 0.547187 0.589792 0.552187 0.560417 0.556562 0.523333 0.552344 0.51 0.545781 0.501042 0.535781 0.497708 0.523594 0.508125 0.476875 0.518333 0.466563
12 0.658333 0.455156 0.661667 0.442969 0.670625 0.433125 0.68375 0.426406 0.717708 0.423906 0.735625 0.426875 0.75375 0.437188 0.762708 0.447031 0.765833 0.459219 0.762708 0.471406 0.752708 0.481875 0.76 0.49125 0.76125 0.517656 0.75375 0.53625 0.743958 0.545625 0.7025 0.557656 0.655208 0.550781 0.642083 0.544063 0.632708 0.532813 0.631458 0.516875 0.646875 0.4725 0.66 0.461562
12 0.894375 0.482344 0.897917 0.494688 0.892083 0.519219 0.880208 0.535625 0.862292 0.5425 0.858333 0.546719 0.842708 0.5475 0.835625 0.551562 0.801875 0.5525 0.775 0.542344 0.766042 0.5325 0.761667 0.507969 0.766042 0.494062 0.783542 0.472656 0.803125 0.461406 0.799167 0.454063 0.81625 0.438438 0.832708 0.430156 0.883125 0.431406 0.89125 0.43375 0.909375 0.451875 0.908958 0.465781 0.901875 0.471406 0.898333 0.480312
12 0.366458 0.461719 0.368958 0.452344 0.377083 0.443906 0.396458 0.433906 0.439375 0.430938 0.451458 0.432656 0.461458 0.437812 0.468125 0.445156 0.475 0.465938 0.472708 0.474219 0.483333 0.489063 0.485 0.496406 0.484167 0.525 0.487083 0.535156 0.480625 0.549531 0.441458 0.566563 0.4175 0.567656 0.399375 0.564375 0.375625 0.553281 0.364167 0.540625 0.359792 0.528594 0.359792 0.505469 0.364167 0.486094 0.371458 0.473906 0.36875 0.470937
12 0.228958 0.451094 0.23125 0.441875 0.2475 0.425312 0.285417 0.418438 0.31625 0.423438 0.331875 0.438594 0.334375 0.447656 0.329167 0.459687 0.342083 0.47 0.347083 0.479219 0.351875 0.502188 0.339167 0.534062 0.324583 0.547187 0.314792 0.552344 0.299792 0.555312 0.266667 0.555312 0.248958 0.550469 0.238125 0.544219 0.222917 0.526719 0.218958 0.515313 0.22125 0.491875 0.235417 0.464531 0.23125 0.460156
12 0.873333 0.338906 0.875833 0.329531 0.892292 0.317031 0.909167 0.311875 0.944375 0.310937 0.983542 0.32125 0.999792 0.329531 1 0.351875 0.999167 0.371563 0.993125 0.375781 0.993125 0.411719 0.978542 0.444688 0.951042 0.473438 0.91125 0.485938 0.885 0.48375 0.869375 0.478437 0.847917 0.463281 0.836042 0.458594 0.829167 0.446406 0.829167 0.421406 0.839167 0.383594 0.855833 0.360156 0.877708 0.350781
12 0.703125 0.338281 0.705625 0.327813 0.7125 0.320312 0.727292 0.312656 0.738958 0.310937 0.78625 0.310937 0.804583 0.315469 0.826667 0.328906 0.834375 0.345781 0.830833 0.36 0.82125 0.368281 0.8275 0.385781 0.829792 0.417969 0.817292 0.445 0.797083 0.462656 0.773958 0.47125 0.7625 0.472969 0.716875 0.472187 0.690417 0.462812 0.667708 0.442812 0.661042 0.427187 0.665417 0.402813 0.679375 0.379531 0.708125 0.351094
12 0.523542 0.275312 0.525625 0.266562 0.535833 0.255312 0.5475 0.24875 0.560208 0.246719 0.600208 0.248281 0.620833 0.25625 0.629375 0.264844 0.631875 0.277031 0.627708 0.28875 0.636458 0.318281 0.637292 0.3475 0.631667 0.366719 0.622292 0.380469 0.610833 0.387031 0.591458 0.391719 0.557917 0.393906 0.545417 0.391875 0.535417 0.386719 0.523333 0.375156 0.512083 0.350312 0.510625 0.32 0.512708 0.309219 0.52875 0.288281
12 0.367083 0.329688 0.372083 0.316875 0.389583 0.306562 0.409792 0.3 0.458542 0.299844 0.471042 0.304063 0.48 0.311719 0.489167 0.332656 0.484375 0.349531 0.497708 0.358125 0.51125 0.4025 0.499167 0.435937 0.489792 0.447656 0.477292 0.455781 0.454792 0.462969 0.418958 0.464844 0.393333 0.457656 0.369167 0.440625 0.360625 0.427969 0.355833 0.4125 0.354792 0.387656 0.361875 0.36625 0.370833 0.355625 0.38125 0.349375 0.370833 0.341094
12 0.192917 0.333125 0.198958 0.318281 0.207292 0.310312 0.230625 0.300156 0.279792 0.299531 0.302292 0.305938 0.314792 0.314375 0.319583 0.326875 0.319583 0.346094 0.329375 0.353281 0.339792 0.36625 0.351667 0.397969 0.349167 0.432656 0.332083 0.45375 0.297292 0.465313 0.27 0.466094 0.251667 0.462188 0.222292 0.447344 0.207708 0.432969 0.194792 0.407344 0.192917 0.379531 0.203542 0.350781 0.195833 0.342969
12 0.816875 0.53375 0.819167 0.525156 0.825 0.517969 0.84 0.5075 0.854792 0.502969 0.876875 0.500312 0.899792 0.501719 0.911875 0.506875 0.937083 0.5225 0.947083 0.532344 0.950625 0.551875 0.947083 0.562812 0.935417 0.572656 0.935417 0.592656 0.929167 0.610625 0.909792 0.637969 0.8875 0.65 0.863333 0.655 0.828333 0.653594 0.810417 0.645469 0.798125 0.636562 0.784375 0.623594 0.776667 0.611563 0.773542 0.58 0.776875 0.567656 0.791667 0.549219 0.817083 0.535469
12 0.656458 0.534687 0.660208 0.521875 0.668542 0.513594 0.693542 0.504063 0.720833 0.503125 0.755417 0.511875 0.766875 0.520312 0.779375 0.536562 0.781458 0.547031 0.77875 0.556719 0.77125 0.564531 0.776875 0.575313 0.77625 0.600469 0.76125 0.6325 0.749375 0.644375 0.735833 0.651875 0.714167 0.657344 0.684583 0.657813 0.668542 0.652969 0.655 0.645312 0.631458 0.625312 0.623958 0.609063 0.622083 0.583906 0.625 0.573906 0.647917 0.551562 0.656667 0.537344
12 0.495417 0.539062 0.498125 0.528281 0.505 0.520781 0.520625 0.509844 0.53625 0.504063 0.555417 0.503125 0.58125 0.506719 0.607708 0.518906 0.615 0.526094 0.621667 0.540469 0.615208 0.558125 0.624792 0.580937 0.620625 0.617656 0.6125 0.633281 0.599167 0.642344 0.585833 0.647344 0.552917 0.653594 0.518542 0.65125 0.495417 0.641719 0.485833 0.634531 0.477083 0.6225 0.47375 0.592969 0.4825 0.567031 0.498542 0.549063
12 0.32875 0.545156 0.334167 0.524219 0.342292 0.51625 0.365 0.505469 0.379792 0.501719 0.403333 0.500781 0.429792 0.509062 0.445417 0.524687 0.447292 0.539844 0.462083 0.562969 0.472292 0.596406 0.471875 0.614062 0.454375 0.638906 0.422917 0.650156 0.388333 0.654375 0.355833 0.644219 0.338958 0.634062 0.322083 0.61375 0.318333 0.600625 0.319583 0.578281 0.331875 0.555469
12 0.202917 0.49625 0.223125 0.49125 0.246667 0.489375 0.260625 0.490781 0.279167 0.495156 0.295417 0.513437 0.299375 0.528906 0.319375 0.560469 0.325 0.588594 0.320417 0.610938 0.311042 0.620781 0.296875 0.62875 0.255625 0.64125 0.230625 0.640469 0.204167 0.632812 0.193333 0.626719 0.181458 0.61375 0.171458 0.592344 0.171042 0.564219 0.178958 0.54625 0.170833 0.528906 0.170833 0.520781 0.173125 0.512031 0.179583 0.504687 0.188958 0.499688 0.200417 0.4975
