12 0.785208 0.408437 0.788333 0.413906 0.788958 0.435625 0.781667 0.450625 0.7725 0.459219 0.733542 0.462344 0.709792 0.453437 0.696458 0.433437 0.69875 0.4225 0.71125 0.404063 0.727708 0.397031 0.723125 0.38875 0.727083 0.382656 0.736458 0.376719 0.755 0.372812 0.767083 0.373437 0.78625 0.378906 0.795208 0.389844 0.784583 0.408125
12 0.690208 0.3875 0.684167 0.398594 0.687917 0.407656 0.685625 0.41875 0.687917 0.431719 0.683958 0.456719 0.675417 0.462344 0.647917 0.470156 0.620833 0.468281 0.606458 0.462188 0.595417 0.45125 0.592708 0.436875 0.598958 0.410938 0.606667 0.401094 0.615208 0.397656 0.611875 0.389219 0.613958 0.3825 0.627083 0.370156 0.651042 0.36625 0.663125 0.367812 0.684375 0.376719
12 0.394167 0.409375 0.400833 0.397969 0.396458 0.384063 0.4 0.375469 0.40875 0.369844 0.42125 0.367344 0.450208 0.367344 0.469792 0.373437 0.477083 0.385781 0.47375 0.396719 0.479375 0.433906 0.475625 0.44625 0.466875 0.457344 0.459583 0.461406 0.437292 0.463281 0.413333 0.458594 0.403125 0.453281 0.392708 0.43625 0.394167 0.409687
12 0.294167 0.412812 0.296667 0.405469 0.302917 0.4 0.295 0.3875 0.298958 0.376563 0.31625 0.367031 0.360833 0.36625 0.381458 0.373125 0.38625 0.382969 0.383333 0.390937 0.375833 0.396563 0.382292 0.402031 0.384792 0.409375 0.38625 0.442812 0.380833 0.45375 0.370208 0.46125 0.3075 0.460781 0.296667 0.454063 0.291042 0.439687 0.294167 0.413125
12 0.693542 0.510781 0.699792 0.499688 0.714375 0.495156 0.734583 0.493906 0.755833 0.498906 0.76125 0.514219 0.757917 0.525781 0.76125 0.534219 0.760417 0.556562 0.752083 0.571719 0.726667 0.580781 0.712083 0.580781 0.701458 0.578437 0.68375 0.568125 0.6775 0.556562 0.679792 0.538594 0.687083 0.522344 0.695625 0.516719
12 0.595833 0.510781 0.601875 0.499688 0.627292 0.494531 0.645833 0.49875 0.658958 0.505938 0.665 0.517031 0.66125 0.524062 0.665833 0.537656 0.663542 0.56125 0.65625 0.576719 0.635417 0.587344 0.608333 0.587656 0.594375 0.583594 0.578958 0.574062 0.575208 0.565156 0.578958 0.537969 0.588958 0.519844 0.596875 0.5125
12 0.393542 0.514687 0.399583 0.50375 0.410208 0.494844 0.421875 0.492188 0.453125 0.496406 0.461042 0.501406 0.467292 0.5125 0.464375 0.51875 0.474792 0.537656 0.473333 0.555469 0.466042 0.567812 0.461042 0.571094 0.425 0.578437 0.401875 0.573906 0.393542 0.556562 0.390417 0.541719 0.396667 0.520625
12 0.294167 0.507812 0.300208 0.496875 0.311875 0.487812 0.334167 0.4825 0.35375 0.489531 0.3625 0.49625 0.36875 0.507344 0.366042 0.512969 0.372917 0.518594 0.377083 0.530781 0.370833 0.555156 0.357292 0.567031 0.338333 0.571562 0.31125 0.567344 0.299375 0.56125 0.294167 0.55375 0.291042 0.538281 0.294167 0.52375 0.3 0.518437
12 0.730417 0.441406 0.735417 0.430781 0.747917 0.425469 0.763333 0.421406 0.778125 0.421406 0.795 0.426719 0.807083 0.43625 0.813958 0.446719 0.814792 0.454219 0.808542 0.465469 0.806458 0.4925 0.800417 0.505625 0.790625 0.516719 0.760833 0.528438 0.745 0.529062 0.7325 0.525938 0.71875 0.516875 0.709583 0.505938 0.70625 0.480469 0.711042 0.465 0.717292 0.455469 0.731458 0.445937
12 0.619792 0.442812 0.62625 0.427187 0.6475 0.420469 0.676042 0.422031 0.686458 0.427031 0.694583 0.434844 0.699583 0.446719 0.700833 0.495781 0.694375 0.508437 0.679167 0.520312 0.658333 0.524375 0.628542 0.524375 0.610208 0.519844 0.597292 0.509687 0.592292 0.499688 0.59375 0.486406 0.607917 0.465469 0.610417 0.45625 0.620208 0.44625
12 0.502708 0.385625 0.505208 0.377188 0.524167 0.366563 0.540625 0.365156 0.564583 0.37375 0.571042 0.384531 0.568125 0.395937 0.576875 0.41125 0.57875 0.427031 0.574583 0.44375 0.567708 0.452656 0.558958 0.457656 0.54375 0.461875 0.525417 0.462344 0.515208 0.460313 0.499583 0.447031 0.495625 0.417031 0.499792 0.399062 0.506042 0.394062
12 0.395833 0.435625 0.398333 0.423906 0.402708 0.419063 0.417917 0.412656 0.447708 0.411406 0.467292 0.418125 0.476667 0.429063 0.478125 0.444531 0.489583 0.464219 0.489583 0.488594 0.481875 0.505156 0.458333 0.515781 0.442083 0.518594 0.422917 0.519062 0.402708 0.512344 0.392083 0.50125 0.3875 0.489063 0.389375 0.472187 0.399792 0.445
12 0.278542 0.439063 0.283958 0.42625 0.300833 0.417344 0.336458 0.414844 0.353958 0.421563 0.362917 0.435156 0.374375 0.471875 0.37375 0.495469 0.365417 0.510469 0.353542 0.517031 0.339583 0.519531 0.314792 0.52 0.296875 0.515937 0.287708 0.50875 0.277083 0.488125 0.275417 0.46625 0.280833 0.44625
12 0.496667 0.509687 0.501458 0.497969 0.5175 0.488906 0.536042 0.487969 0.548542 0.491094 0.559375 0.495312 0.565833 0.501563 0.570208 0.51125 0.566875 0.519531 0.570833 0.552187 0.564167 0.570625 0.552292 0.580781 0.523958 0.584063 0.496667 0.573906 0.486875 0.565 0.482708 0.553125 0.483333 0.538906 0.487083 0.527187 0.497708 0.514844
12 0.701042 0.564844 0.705208 0.553438 0.715625 0.547813 0.73 0.545156 0.743542 0.545156 0.758542 0.549063 0.772292 0.5575 0.777708 0.564688 0.780833 0.577969 0.772708 0.593125 0.772917 0.613281 0.756667 0.638437 0.747083 0.642656 0.7275 0.645625 0.704583 0.645156 0.692708 0.640781 0.685625 0.635 0.675417 0.620781 0.672917 0.613281 0.673958 0.588594 0.685417 0.573594 0.701042 0.565
12 0.600417 0.555312 0.621875 0.547187 0.640208 0.548125 0.660833 0.558437 0.668125 0.572344 0.669375 0.619531 0.66375 0.634219 0.652708 0.642031 0.620625 0.648125 0.605417 0.647344 0.589375 0.641094 0.575833 0.62875 0.5725 0.623437 0.571875 0.606719 0.576875 0.5875 0.580208 0.579063 0.591458 0.572344 0.597083 0.561562
12 0.484583 0.572813 0.493958 0.556875 0.509167 0.549531 0.528333 0.547656 0.53875 0.549687 0.551875 0.556562 0.559375 0.564844 0.569583 0.600938 0.569583 0.615313 0.558958 0.638125 0.538542 0.646563 0.504792 0.648125 0.488542 0.644062 0.475833 0.636094 0.469375 0.623906 0.46875 0.602344 0.471875 0.5925 0.485208 0.576719
12 0.37 0.575156 0.376667 0.5625 0.394792 0.551562 0.4175 0.55 0.441458 0.557656 0.45 0.566719 0.465833 0.601406 0.463958 0.621875 0.456667 0.635625 0.447917 0.641406 0.4175 0.646094 0.394375 0.644531 0.383125 0.639219 0.374583 0.632812 0.365625 0.620469 0.365 0.599062 0.373333 0.583437
12 0.268125 0.565625 0.275 0.550312 0.288125 0.54375 0.306875 0.54 0.342708 0.550781 0.354375 0.574375 0.36 0.579688 0.365208 0.596562 0.365833 0.614375 0.356458 0.630625 0.343333 0.63625 0.323958 0.639531 0.290417 0.63875 0.27875 0.633906 0.267708 0.621406 0.263125 0.595156 0.269375 0.570781
