12 0.583958 0.516563 0.598125 0.487031 0.613125 0.478125 0.64375 0.473438 0.67375 0.475781 0.691667 0.482188 0.713125 0.497188 0.720417 0.506406 0.722917 0.517188 0.711458 0.544687 0.716042 0.559063 0.714583 0.585469 0.703125 0.617812 0.689583 0.632344 0.650417 0.645156 0.620208 0.647031 0.587083 0.640156 0.568542 0.629219 0.555833 0.611406 0.550208 0.590625 0.549583 0.571719 0.559792 0.54125 0.573333 0.530156
12 0.501458 0.481563 0.513542 0.485 0.531042 0.496719 0.539583 0.513125 0.54125 0.525781 0.538333 0.537031 0.550417 0.571719 0.546458 0.610156 0.535833 0.625312 0.521458 0.638906 0.502083 0.648906 0.460417 0.654844 0.437083 0.650469 0.409375 0.637813 0.395208 0.624844 0.391458 0.615156 0.3875 0.572187 0.397292 0.545312 0.404375 0.535469 0.399792 0.520156 0.402917 0.505469 0.407917 0.495469 0.416875 0.4875 0.428958 0.482344 0.476667 0.478594 0.498125 0.480781
12 0.287917 0.477969 0.331042 0.480312 0.342917 0.485313 0.352083 0.492969 0.3575 0.5025 0.365417 0.539687 0.38 0.558125 0.390625 0.59 0.388333 0.613281 0.376875 0.626875 0.352708 0.644844 0.311667 0.650469 0.294792 0.650469 0.26875 0.645781 0.236667 0.632969 0.220833 0.611875 0.216458 0.588906 0.220208 0.553438 0.217083 0.549375 0.218333 0.540156 0.213542 0.522031 0.216042 0.512188 0.2325 0.491094 0.244167 0.485 0.264167 0.479219 0.2875 0.477969
12 0.0247917 0.57 0.028125 0.557813 0.0154167 0.546094 0.0110417 0.532188 0.015 0.515937 0.0354167 0.495156 0.0741667 0.482031 0.0879167 0.480312 0.136458 0.481406 0.149375 0.487656 0.158333 0.497031 0.165833 0.5175 0.204167 0.549687 0.217917 0.577969 0.217292 0.603906 0.201042 0.626875 0.186042 0.638906 0.167708 0.648594 0.148958 0.655312 0.130625 0.658438 0.096875 0.6575 0.0777083 0.652656 0.065625 0.646094 0.045625 0.627344 0.0266667 0.594062 0.0247917 0.570156
12 0.695417 0.4675 0.699167 0.515156 0.695417 0.525625 0.6875 0.534375 0.676042 0.540625 0.646875 0.545625 0.600208 0.542969 0.569792 0.532188 0.561042 0.523125 0.555625 0.502344 0.563125 0.467812 0.573958 0.449844 0.582917 0.442969 0.580833 0.434688 0.584167 0.422656 0.594375 0.415156 0.639792 0.409531 0.659792 0.411406 0.678958 0.416875 0.683542 0.418906 0.693958 0.436562 0.688125 0.451562
12 0.545417 0.524531 0.53875 0.534844 0.521458 0.547187 0.500417 0.552969 0.460625 0.554844 0.430417 0.548594 0.419792 0.542344 0.4125 0.53375 0.4075 0.515 0.4075 0.481719 0.410417 0.470156 0.426875 0.451875 0.426458 0.4325 0.433958 0.415781 0.459167 0.409375 0.479167 0.407813 0.51625 0.412812 0.542292 0.425 0.545 0.435313 0.538542 0.454531 0.552083 0.465625 0.555625 0.486875
12 0.3875 0.451875 0.396458 0.464531 0.407708 0.499062 0.403125 0.52 0.386875 0.540781 0.370625 0.549531 0.346875 0.555 0.286042 0.550469 0.274167 0.545469 0.265 0.537813 0.255833 0.524219 0.252083 0.511406 0.25875 0.471406 0.270417 0.455156 0.262083 0.446563 0.258542 0.43375 0.265208 0.416875 0.2825 0.405469 0.309583 0.399062 0.34875 0.399688 0.372292 0.409219 0.381458 0.419375 0.384792 0.431719 0.383958 0.447969
12 0.0935417 0.483281 0.10375 0.46 0.0960417 0.451562 0.0908333 0.435781 0.0933333 0.425 0.104792 0.410938 0.118125 0.404375 0.134167 0.401875 0.182917 0.399844 0.199167 0.402187 0.212292 0.408906 0.22125 0.418906 0.224583 0.431094 0.222917 0.439844 0.241667 0.45625 0.246458 0.469844 0.251042 0.513594 0.2425 0.538438 0.230208 0.551719 0.214375 0.559688 0.181875 0.565312 0.144167 0.561719 0.129583 0.556719 0.110417 0.54625 0.099375 0.526875 0.0954167 0.513594 0.0935417 0.483594
12 0.254792 0.291563 0.260208 0.33 0.257708 0.339062 0.240208 0.357969 0.22625 0.365469 0.205833 0.369531 0.150833 0.370938 0.133958 0.368281 0.120417 0.360938 0.110208 0.350781 0.0954167 0.311406 0.09625 0.276719 0.0997917 0.264062 0.108958 0.252031 0.099375 0.244062 0.0935417 0.215156 0.100833 0.205781 0.112083 0.198906 0.126042 0.195312 0.182917 0.192188 0.202292 0.195781 0.219583 0.207187 0.225833 0.225312 0.220833 0.238906 0.236667 0.249219 0.250833 0.278125
12 0.448125 0.238594 0.451458 0.225781 0.460417 0.215781 0.47375 0.209063 0.489792 0.206562 0.545417 0.210469 0.55875 0.217188 0.567708 0.227031 0.571042 0.239219 0.565417 0.254844 0.580208 0.292187 0.577083 0.305469 0.581042 0.314844 0.575 0.351094 0.566042 0.361094 0.552917 0.367656 0.51 0.370938 0.465833 0.362344 0.439583 0.345625 0.430833 0.325156 0.433542 0.295312 0.441042 0.266094 0.453958 0.254531
12 0.615833 0.242656 0.619167 0.230469 0.628125 0.220625 0.641458 0.213906 0.6575 0.211406 0.710833 0.216094 0.723958 0.222812 0.732708 0.232656 0.735833 0.244688 0.733542 0.255312 0.726667 0.264375 0.73875 0.290156 0.738958 0.315312 0.731667 0.339531 0.714792 0.358438 0.701667 0.36375 0.645417 0.362812 0.61625 0.353906 0.597292 0.339688 0.591458 0.332969 0.586667 0.309375 0.592292 0.292656 0.61875 0.253906
12 0.78625 0.109375 0.796458 0.140313 0.79375 0.163594 0.782292 0.191406 0.765 0.2075 0.743542 0.215625 0.717083 0.217656 0.678333 0.211875 0.657917 0.20125 0.646875 0.187656 0.644375 0.162969 0.650833 0.136875 0.669167 0.101875 0.662917 0.0932813 0.660833 0.0825 0.664167 0.0703125 0.669167 0.0648438 0.796458 0.066875 0.800417 0.0703125 0.80375 0.0825 0.79875 0.0971875 0.785833 0.108125
12 0.628542 0.31375 0.627917 0.29625 0.631042 0.284219 0.64 0.274219 0.653333 0.2675 0.669583 0.265 0.703333 0.265 0.736458 0.269844 0.755 0.276562 0.768333 0.2875 0.773542 0.304531 0.77 0.316875 0.75875 0.328594 0.757083 0.335 0.764375 0.360312 0.761667 0.399375 0.755833 0.414062 0.734167 0.437031 0.706042 0.448437 0.673125 0.452031 0.629375 0.447187 0.605625 0.43625 0.596458 0.42625 0.59125 0.387656 0.599375 0.359531 0.620833 0.321406
12 0.581667 0.287344 0.584792 0.299687 0.5825 0.309531 0.575 0.32 0.585625 0.344375 0.587292 0.403125 0.567917 0.433125 0.557917 0.439063 0.505417 0.45125 0.489792 0.45125 0.459375 0.443906 0.435208 0.426719 0.42375 0.412031 0.420625 0.382188 0.430208 0.333906 0.44625 0.315156 0.440208 0.306875 0.438958 0.289687 0.444583 0.27875 0.45375 0.270469 0.466042 0.265 0.5275 0.260937 0.54375 0.263437 0.567708 0.272969 0.579792 0.285
12 0.24125 0.341406 0.252083 0.379531 0.248333 0.397031 0.237292 0.415781 0.224583 0.426875 0.16625 0.440937 0.137917 0.439687 0.0964583 0.4275 0.0764583 0.408594 0.060625 0.365781 0.0633333 0.326875 0.0683333 0.312969 0.0727083 0.309219 0.0547917 0.297812 0.0477083 0.280469 0.0510417 0.268281 0.06 0.258437 0.073125 0.251719 0.121458 0.247187 0.158125 0.247187 0.181667 0.251719 0.194792 0.258437 0.20375 0.268281 0.207083 0.280469 0.201458 0.296094 0.221458 0.311406 0.24125 0.341406 0.818958 0.174844 0.814167 0.160156 0.81875 0.135781 0.841042 0.0982813 0.843958 0.0839063 0.851875 0.0689063 0.975833 0.075625 0.973958 0.0976562 0.96125 0.106563 0.965833 0.124531 0.946042 0.167656 0.91 0.189844 0.881458 0.19625 0.843958 0.192969 0.830417 0.186094 0.818958 0.174844
