12 0.245417 0.517656 0.2525 0.500312 0.24875 0.487187 0.250833 0.468438 0.260208 0.452656 0.273125 0.440312 0.290833 0.431875 0.32125 0.427031 0.33875 0.427031 0.382083 0.433437 0.396875 0.44375 0.404167 0.453125 0.41125 0.476406 0.407917 0.488906 0.412083 0.499688 0.421042 0.509531 0.424375 0.521875 0.424375 0.560625 0.415208 0.590313 0.399375 0.605156 0.348958 0.619844 0.331042 0.620781 0.311667 0.618281 0.282292 0.608906 0.253958 0.589063 0.247083 0.574219 0.236667 0.540781 0.245417 0.518125
12 0.452292 0.503906 0.447708 0.487969 0.45125 0.471406 0.46625 0.454688 0.491667 0.444531 0.508125 0.441875 0.549167 0.444219 0.5675 0.449688 0.591458 0.46375 0.601458 0.480938 0.602708 0.497969 0.5975 0.514375 0.609167 0.5425 0.611458 0.570469 0.611458 0.587812 0.606458 0.602656 0.5975 0.612031 0.561875 0.630625 0.53125 0.637969 0.495 0.638125 0.475208 0.634375 0.453333 0.623125 0.428125 0.599531 0.423542 0.58125 0.426875 0.550938 0.444375 0.514687
12 0.611875 0.585156 0.614167 0.560937 0.627083 0.527344 0.638333 0.511562 0.655833 0.499688 0.66 0.47875 0.671667 0.461562 0.681875 0.455781 0.713333 0.448437 0.741458 0.448437 0.778333 0.456406 0.804167 0.4725 0.814375 0.485313 0.816667 0.495312 0.814375 0.509375 0.801875 0.530469 0.808542 0.558437 0.793542 0.599062 0.780833 0.61625 0.765417 0.629219 0.728542 0.63875 0.6725 0.634531 0.634375 0.620625 0.614792 0.596719
12 0.827083 0.513437 0.849167 0.499531 0.860417 0.474688 0.88 0.458594 0.900417 0.454531 0.922708 0.454531 0.964583 0.46 0.98875 0.472187 1 0.481875 1 0.503125 0.998958 0.538438 1 0.570156 0.9825 0.609844 0.955417 0.634687 0.928542 0.645156 0.904375 0.649375 0.875208 0.647188 0.839583 0.637969 0.82375 0.630625 0.794167 0.602344 0.790208 0.591094 0.792083 0.556094 0.800833 0.539219 0.81125 0.528594
12 0.990208 0.417812 0.95875 0.422813 0.933542 0.422813 0.910833 0.419375 0.862708 0.395781 0.852708 0.385469 0.8475 0.370312 0.850417 0.348438 0.8725 0.311719 0.907917 0.271875 0.925 0.260625 0.922292 0.248281 0.927083 0.23375 0.93875 0.218594 0.955625 0.209063 0.97625 0.205 0.998333 0.210312 0.99625 0.22375 0.999792 0.239531 0.99625 0.272969 1 0.321406 0.994583 0.341094 0.999792 0.39125 0.996667 0.414219
12 0.867083 0.343125 0.838958 0.33625 0.812708 0.313437 0.809375 0.294687 0.812917 0.281875 0.824583 0.262031 0.826875 0.248438 0.866875 0.207187 0.868958 0.191719 0.884375 0.172812 0.898125 0.166094 0.924792 0.160312 0.946458 0.159844 0.989375 0.165156 0.993958 0.167344 0.998542 0.199687 0.99625 0.254688 1 0.328437 0.993333 0.335 0.965833 0.346562 0.933542 0.348906 0.875625 0.343594
12 0.479583 0.347031 0.477083 0.333594 0.47875 0.300312 0.496458 0.269219 0.5125 0.249219 0.508333 0.228281 0.511667 0.214688 0.5175 0.205781 0.538125 0.194062 0.551667 0.1925 0.625 0.195312 0.641042 0.197813 0.654375 0.204375 0.663333 0.214375 0.666667 0.226562 0.6525 0.260937 0.669167 0.2975 0.670417 0.318125 0.656042 0.36125 0.63375 0.388437 0.610208 0.39875 0.592917 0.401562 0.578542 0.400938 0.568958 0.404531 0.538542 0.4025 0.51375 0.395469 0.482917 0.369688 0.479792 0.349375
12 0.765625 0.15125 0.796875 0.153125 0.810208 0.159844 0.819167 0.169687 0.822292 0.181875 0.818333 0.195312 0.803958 0.209375 0.813125 0.24375 0.803958 0.281094 0.792708 0.304688 0.776458 0.322344 0.759583 0.332187 0.740208 0.335625 0.702708 0.33625 0.673333 0.335156 0.662083 0.332187 0.647292 0.323437 0.634583 0.300781 0.637917 0.260625 0.65 0.213281 0.67125 0.194531 0.670208 0.185312 0.676875 0.168437 0.694167 0.157031 0.727708 0.150781 0.762708 0.151406
12 0.63125 0.196406 0.623333 0.211094 0.640417 0.226875 0.643958 0.234219 0.650625 0.268906 0.648125 0.303437 0.644792 0.313437 0.6375 0.321875 0.609375 0.337812 0.585208 0.341406 0.540208 0.339531 0.524583 0.336406 0.505625 0.327813 0.48875 0.316562 0.47625 0.276406 0.47625 0.256406 0.481042 0.238437 0.490208 0.220625 0.51125 0.199219 0.503542 0.189688 0.500833 0.178437 0.508125 0.160781 0.526875 0.149375 0.546875 0.144063 0.598958 0.143125 0.615208 0.145625 0.628333 0.152344 0.637292 0.162187 0.640625 0.175 0.63375 0.192344
12 0.326667 0.177344 0.329792 0.165156 0.33875 0.155156 0.352083 0.148438 0.368333 0.146094 0.407292 0.146094 0.443958 0.152969 0.456458 0.159844 0.465 0.169531 0.467917 0.18125 0.465417 0.192031 0.458542 0.201094 0.473333 0.225156 0.475625 0.270625 0.472917 0.28625 0.465833 0.302969 0.454167 0.318438 0.429792 0.334531 0.418542 0.33875 0.3775 0.339688 0.33625 0.331875 0.308333 0.319688 0.2925 0.301406 0.287708 0.281562 0.287708 0.26375 0.29375 0.241562 0.3125 0.210625 0.333542 0.194531
12 0.958125 0.481563 0.95875 0.509062 0.945625 0.530781 0.922292 0.547656 0.900417 0.555 0.883125 0.5575 0.871875 0.558125 0.83625 0.552813 0.81 0.545 0.790625 0.526563 0.781042 0.505156 0.781458 0.475938 0.80375 0.430312 0.8125 0.42125 0.825 0.415 0.828333 0.398125 0.834167 0.388281 0.843333 0.380781 0.855417 0.375781 0.869375 0.373906 0.909583 0.377188 0.931875 0.382812 0.943542 0.389688 0.951458 0.399062 0.954167 0.410469 0.956042 0.425781 0.95 0.442812 0.956042 0.459063 0.956667 0.473906
12 0.658958 0.417812 0.653958 0.401875 0.659792 0.384531 0.670833 0.373281 0.689583 0.364844 0.713333 0.362969 0.744792 0.369688 0.7675 0.37875 0.786042 0.389688 0.789375 0.401875 0.781042 0.435937 0.783333 0.474062 0.77375 0.503437 0.749583 0.525781 0.723125 0.535156 0.679375 0.534844 0.658542 0.528906 0.634792 0.517031 0.623958 0.503594 0.621458 0.487344 0.629167 0.446719 0.645 0.425781
12 0.615 0.448594 0.61125 0.494531 0.605 0.510938 0.588542 0.522188 0.566875 0.529375 0.517292 0.530469 0.498125 0.527031 0.480417 0.52 0.461667 0.506719 0.453333 0.483906 0.460417 0.437969 0.470417 0.418438 0.483542 0.409219 0.481458 0.399062 0.484583 0.386875 0.493542 0.376875 0.51 0.372969 0.574792 0.375312 0.588542 0.382812 0.606667 0.387813 0.6125 0.401875 0.609375 0.413594 0.604167 0.419688 0.610625 0.428594 0.612917 0.442188
12 0.303125 0.431406 0.30625 0.419844 0.314375 0.410156 0.312708 0.399531 0.316042 0.387344 0.325 0.377344 0.358125 0.368125 0.397083 0.366719 0.413333 0.369219 0.426458 0.375937 0.435417 0.385937 0.4375 0.40625 0.447708 0.415937 0.460208 0.454375 0.460625 0.479531 0.451042 0.498437 0.438125 0.51125 0.402708 0.52 0.369167 0.51875 0.326667 0.50625 0.315625 0.499375 0.308333 0.490156 0.30375 0.4625 0.303125 0.431719
12 0.279375 0.342656 0.27375 0.322656 0.273542 0.30875 0.288333 0.267969 0.297917 0.258281 0.303125 0.247344 0.293125 0.237812 0.291667 0.206406 0.296042 0.201094 0.321667 0.191562 0.355417 0.186563 0.412917 0.190781 0.436667 0.197969 0.452083 0.213438 0.45375 0.229531 0.444792 0.2475 0.445417 0.255156 0.460417 0.27875 0.468333 0.30375 0.468333 0.329375 0.463958 0.35375 0.444583 0.379219 0.431875 0.38625 0.395625 0.398906 0.375833 0.402656 0.363125 0.40125 0.315208 0.390156 0.293958 0.371094 0.281667 0.3475
