12 0.806875 0.346094 0.81 0.333906 0.818958 0.323906 0.832292 0.317188 0.848542 0.314844 0.895833 0.316406 0.943958 0.322969 0.957083 0.329688 0.966042 0.339688 0.969375 0.351875 0.965833 0.364219 0.952917 0.376875 0.962917 0.390313 0.965833 0.399375 0.973333 0.405 0.978958 0.417969 0.977292 0.426875 0.979792 0.434375 0.971667 0.4725 0.948125 0.50375 0.910208 0.51375 0.857083 0.514375 0.846042 0.510625 0.805417 0.506875 0.775417 0.495 0.760625 0.48375 0.755208 0.468125 0.760208 0.411875 0.783125 0.380625 0.81125 0.360156
12 0.193125 0.32375 0.196458 0.311563 0.205417 0.301719 0.218542 0.295 0.234792 0.2925 0.294167 0.2925 0.319792 0.295938 0.332708 0.302656 0.341458 0.3125 0.344583 0.324531 0.3375 0.342187 0.354583 0.379375 0.363333 0.426094 0.355417 0.456875 0.329375 0.479219 0.313542 0.486406 0.286458 0.491094 0.228125 0.492031 0.208542 0.488281 0.198958 0.483594 0.179375 0.467187 0.17 0.450469 0.164583 0.410313 0.183333 0.3625 0.2025 0.343594 0.195625 0.334531
12 0.7925 0.561562 0.804583 0.554844 0.829792 0.550781 0.869375 0.550781 0.913333 0.558125 0.935833 0.57125 0.946875 0.582031 0.951667 0.6025 0.941667 0.6275 0.932708 0.635313 0.938542 0.65125 0.9375 0.70125 0.924792 0.722031 0.906458 0.740938 0.869375 0.76 0.835208 0.761719 0.811042 0.759687 0.780208 0.749844 0.753542 0.733125 0.734792 0.704375 0.729792 0.684219 0.729792 0.667812 0.740625 0.628594 0.757917 0.603125 0.778125 0.593125 0.777083 0.586094 0.78125 0.5725 0.792083 0.562031
12 0.350417 0.582812 0.355417 0.559688 0.366458 0.547969 0.384583 0.538906 0.415208 0.531719 0.44375 0.531719 0.481042 0.538438 0.499375 0.549687 0.506875 0.558125 0.512917 0.581094 0.506458 0.597969 0.515625 0.607656 0.528333 0.637969 0.525 0.690781 0.522917 0.700781 0.51125 0.71875 0.502292 0.728125 0.485417 0.738125 0.471875 0.74375 0.453542 0.746875 0.395417 0.744375 0.378333 0.741719 0.355208 0.725938 0.347083 0.714844 0.338958 0.686875 0.335 0.642969 0.341042 0.615 0.355625 0.598125
12 0.15125 0.56875 0.153542 0.558437 0.171875 0.533906 0.186458 0.525469 0.198333 0.522344 0.25125 0.520937 0.266042 0.523125 0.286458 0.530156 0.295625 0.536875 0.301667 0.545625 0.303958 0.555625 0.301875 0.5725 0.314375 0.587344 0.327083 0.618281 0.327083 0.64875 0.321458 0.675781 0.313333 0.694844 0.296667 0.7125 0.273333 0.726875 0.22375 0.730312 0.181458 0.721719 0.141458 0.701562 0.13375 0.683437 0.137917 0.669687 0.134792 0.635625 0.143542 0.605312 0.155208 0.582031
12 0.571042 0.577187 0.574583 0.563594 0.583958 0.553594 0.603333 0.54375 0.619375 0.54 0.660208 0.538906 0.683958 0.542344 0.706667 0.552969 0.720833 0.569063 0.723958 0.631563 0.731042 0.649375 0.731042 0.690937 0.718542 0.726875 0.709583 0.736875 0.69625 0.743437 0.647083 0.748906 0.629375 0.745937 0.588958 0.745937 0.569167 0.742188 0.55625 0.735313 0.532083 0.709844 0.52625 0.693906 0.530417 0.657813 0.541875 0.631563 0.559583 0.610625 0.564792 0.599219 0.575 0.590313
12 0.869375 0.401875 0.872708 0.389844 0.881458 0.379844 0.894792 0.373125 0.946667 0.366719 0.980208 0.369688 1 0.379062 1 0.451719 0.99625 0.460938 1 0.477656 0.998333 0.498906 1 0.537969 0.997083 0.558281 0.998958 0.605312 0.996458 0.609687 0.977708 0.618125 0.9625 0.620313 0.942708 0.619219 0.881042 0.609844 0.855 0.603437 0.814375 0.576406 0.794792 0.553125 0.791458 0.540469 0.79375 0.520625 0.802083 0.492812 0.823125 0.461562 0.853125 0.431875 0.878333 0.421406 0.871667 0.4125
12 0.585 0.337031 0.588125 0.324844 0.597083 0.315 0.610417 0.308281 0.64125 0.305156 0.688958 0.305156 0.7125 0.309219 0.724375 0.316094 0.736042 0.331875 0.73375 0.350625 0.723958 0.359687 0.737083 0.389375 0.739792 0.408594 0.723333 0.4725 0.716458 0.484375 0.704167 0.492969 0.665625 0.502969 0.619167 0.501719 0.5925 0.495625 0.574792 0.484687 0.564167 0.472656 0.555625 0.449062 0.565208 0.405312 0.56375 0.3975 0.566458 0.386719 0.588125 0.349219
12 0.430833 0.343594 0.460625 0.341562 0.489375 0.343125 0.52875 0.351406 0.549375 0.362656 0.555208 0.37125 0.557292 0.385937 0.547292 0.410313 0.560625 0.432969 0.568333 0.46375 0.569167 0.530156 0.563542 0.54625 0.557292 0.555156 0.5475 0.562188 0.527917 0.571562 0.483542 0.584063 0.427708 0.586875 0.4 0.580469 0.357708 0.551406 0.345 0.529844 0.343958 0.498594 0.347917 0.475 0.359792 0.446719 0.362083 0.428437 0.366875 0.418906 0.383125 0.405469 0.370208 0.39375 0.365833 0.379688 0.369167 0.3675 0.378125 0.357656 0.39125 0.350938 0.425 0.345156
12 0.106458 0.376875 0.109167 0.366094 0.11625 0.356719 0.127292 0.35 0.16875 0.341094 0.193125 0.33875 0.253542 0.340156 0.277292 0.345781 0.289792 0.352344 0.300417 0.365 0.305208 0.379688 0.302083 0.394375 0.293542 0.404219 0.302708 0.409531 0.312292 0.420156 0.337292 0.481406 0.33375 0.526094 0.33 0.538906 0.32 0.549219 0.272083 0.575 0.248958 0.579375 0.180833 0.574844 0.15 0.568438 0.128333 0.558125 0.117708 0.54625 0.107292 0.526719 0.0991667 0.490313 0.0983333 0.453281 0.101875 0.438438 0.12625 0.403594 0.111875 0.392344
12 0.813125 0.706406 0.818958 0.683125 0.8325 0.669531 0.857917 0.659375 0.893125 0.654844 0.934583 0.657031 0.960417 0.665156 0.990208 0.685312 1 0.698281 0.997917 0.715313 1 0.76625 0.995 0.777187 1 0.801406 0.9975 0.809844 1 0.844531 1 0.860313 0.985625 0.888437 0.960208 0.909688 0.947917 0.91625 0.918125 0.92125 0.8825 0.922188 0.82375 0.911875 0.775417 0.879531 0.746042 0.849219 0.743125 0.815625 0.753333 0.775938 0.765417 0.75625 0.796458 0.71875 0.813125 0.706406
12 0.557083 0.707188 0.55875 0.689219 0.572708 0.669375 0.5975 0.655781 0.628125 0.649062 0.66375 0.649062 0.694375 0.654687 0.727708 0.670312 0.746458 0.687656 0.752292 0.697656 0.756875 0.716719 0.755833 0.737031 0.748125 0.765313 0.759583 0.790625 0.75875 0.814375 0.739167 0.877812 0.720208 0.895156 0.703542 0.904531 0.647083 0.918437 0.601667 0.917188 0.576667 0.905781 0.550833 0.89 0.535625 0.877812 0.520833 0.859844 0.510208 0.835625 0.511667 0.798281 0.530625 0.742969 0.558125 0.714219
12 0.279375 0.724375 0.279375 0.700313 0.2875 0.675938 0.295417 0.666094 0.317083 0.652344 0.380208 0.642188 0.405417 0.641563 0.426667 0.645937 0.453125 0.661719 0.471875 0.6825 0.480833 0.700625 0.481875 0.712656 0.477292 0.726719 0.502708 0.753125 0.5075 0.767656 0.50375 0.780625 0.502083 0.824687 0.492083 0.850938 0.478125 0.873281 0.4675 0.88125 0.418125 0.904844 0.401667 0.908125 0.370417 0.908906 0.328125 0.899062 0.2875 0.877969 0.268542 0.854531 0.25375 0.812969 0.256875 0.772813 0.280208 0.730938
12 0.018125 0.702969 0.0185417 0.694531 0.0135417 0.679688 0.016875 0.665156 0.02625 0.655156 0.0683333 0.628594 0.101667 0.620156 0.120417 0.619375 0.1275 0.615156 0.155208 0.614687 0.181667 0.620156 0.217083 0.635938 0.226042 0.645156 0.230625 0.657969 0.230417 0.686875 0.248333 0.708594 0.272917 0.773125 0.271875 0.794375 0.26625 0.809062 0.247292 0.833594 0.23 0.849844 0.175625 0.872188 0.150208 0.877188 0.0891667 0.878594 0.0745833 0.876719 0.055625 0.867031 0.0229167 0.831719 0.0108333 0.800625 0.01 0.751875 0.0125 0.740938 0.0264583 0.721719 0.0204167 0.712969
