12 0.1825 0.309219 0.1875 0.290937 0.200833 0.276094 0.220625 0.266094 0.245 0.262344 0.263958 0.262344 0.311667 0.268125 0.370417 0.268125 0.394792 0.271719 0.414583 0.281719 0.428125 0.296719 0.432917 0.315 0.428125 0.333125 0.416458 0.346094 0.427292 0.364687 0.431042 0.381875 0.431042 0.463125 0.4225 0.515937 0.410625 0.542031 0.402917 0.548281 0.366875 0.558281 0.323958 0.558594 0.24125 0.548906 0.194375 0.546406 0.161667 0.535625 0.149375 0.524687 0.136458 0.501563 0.134375 0.467969 0.146458 0.415625 0.157083 0.401875 0.167917 0.374219 0.185 0.358125 0.198542 0.339844 0.1875 0.3275
12 0.492292 0.303594 0.497292 0.285312 0.510625 0.270313 0.52375 0.26375 0.614792 0.266562 0.640417 0.270625 0.698125 0.267969 0.71125 0.2825 0.716042 0.300625 0.712708 0.317344 0.727083 0.336406 0.737083 0.36625 0.740833 0.400469 0.740833 0.4575 0.731042 0.497969 0.732917 0.505781 0.687292 0.546094 0.662083 0.561562 0.598542 0.562812 0.537917 0.558125 0.500208 0.54625 0.48125 0.534062 0.464792 0.516875 0.450208 0.490781 0.444792 0.471719 0.444792 0.446094 0.447083 0.433437 0.453542 0.422187 0.455 0.4 0.462083 0.388281 0.464792 0.369062 0.48 0.343906 0.498958 0.324688
12 0.769792 0.322031 0.774583 0.30375 0.788125 0.288906 0.807917 0.278906 0.832292 0.275156 0.95 0.276562 0.974375 0.280313 0.994375 0.290313 0.99875 0.295312 0.995833 0.309219 1 0.348438 0.994375 0.356563 0.986042 0.360781 0.993542 0.411875 0.993542 0.431875 0.984167 0.463281 0.952708 0.515469 0.936458 0.530938 0.878542 0.554531 0.853125 0.558437 0.830417 0.558437 0.790833 0.549844 0.763333 0.533125 0.742292 0.500156 0.735625 0.475938 0.735625 0.451719 0.74125 0.418906 0.776458 0.342344 0.774583 0.340313
12 0.518958 0.353437 0.52375 0.335156 0.537292 0.320312 0.557083 0.310156 0.581458 0.306562 0.733542 0.306562 0.778542 0.3125 0.799375 0.319375 0.818542 0.329531 0.836458 0.3475 0.841458 0.36625 0.838958 0.380938 0.831875 0.392813 0.820833 0.402656 0.806458 0.409844 0.828333 0.495937 0.828333 0.565781 0.824375 0.585938 0.812917 0.618281 0.792292 0.645156 0.7775 0.660156 0.75 0.676875 0.722083 0.685937 0.685833 0.6925 0.611875 0.688906 0.551667 0.673281 0.511667 0.65375 0.491458 0.637969 0.464583 0.607656 0.458125 0.582969 0.458125 0.552969 0.461875 0.528594 0.469583 0.501563 0.498958 0.439375 0.518125 0.412344 0.542917 0.390313 0.525417 0.374219
12 0.0722917 0.349219 0.0772917 0.330937 0.090625 0.315937 0.110417 0.305938 0.134792 0.302344 0.256458 0.300781 0.296458 0.30375 0.379583 0.318594 0.3975 0.328906 0.409583 0.343281 0.413958 0.360625 0.407083 0.381875 0.388958 0.398125 0.42875 0.474688 0.43875 0.525938 0.432708 0.551562 0.43875 0.574375 0.425417 0.615156 0.417292 0.626094 0.391875 0.651719 0.355417 0.674375 0.30375 0.695 0.28125 0.698125 0.2375 0.698125 0.200625 0.69125 0.127917 0.669687 0.107708 0.65875 0.0914583 0.640781 0.0689583 0.599844 0.0552083 0.544375 0.0552083 0.501719 0.0608333 0.46875 0.0814583 0.424062 0.104167 0.39 0.09125 0.382656 0.0810417 0.373125 0.0745833 0.361875
12 0.797292 0.662031 0.8025 0.639844 0.816458 0.624688 0.831458 0.616094 0.867708 0.609219 0.91875 0.610781 0.970833 0.624531 0.999375 0.639531 1 0.865781 0.97125 0.908438 0.960417 0.915312 0.887917 0.932969 0.829375 0.93625 0.807292 0.932344 0.7875 0.925469 0.768958 0.915469 0.758125 0.905156 0.751458 0.892656 0.735208 0.876875 0.729167 0.856719 0.727708 0.816406 0.732292 0.770312 0.738542 0.750938 0.750833 0.729375 0.773125 0.700313 0.801667 0.679063
12 0.452917 0.680781 0.458125 0.660313 0.485 0.6325 0.511667 0.620313 0.540625 0.614375 0.572708 0.610938 0.607708 0.612656 0.669375 0.630312 0.69 0.643125 0.710208 0.667188 0.713333 0.681719 0.708542 0.716875 0.701875 0.728437 0.709167 0.739844 0.720833 0.794687 0.719792 0.834219 0.712708 0.855937 0.677917 0.885938 0.665417 0.893437 0.618333 0.910156 0.5825 0.9125 0.52125 0.907813 0.484792 0.900781 0.457292 0.889844 0.427917 0.872812 0.411667 0.852812 0.407917 0.836719 0.407917 0.815312 0.418958 0.766875 0.427708 0.744688 0.43875 0.725938 0.460833 0.703594 0.455 0.692812
12 0.120417 0.673594 0.125417 0.655 0.149375 0.627344 0.161875 0.61625 0.196667 0.599531 0.217292 0.597031 0.260833 0.597031 0.307917 0.603906 0.335625 0.612812 0.361667 0.627656 0.380833 0.65 0.383958 0.667656 0.377708 0.688125 0.38875 0.697969 0.395833 0.709688 0.405 0.746719 0.412292 0.755625 0.419583 0.7775 0.419583 0.790312 0.407708 0.830469 0.3775 0.877188 0.358958 0.892813 0.346458 0.900469 0.321458 0.907969 0.284583 0.914531 0.264792 0.914375 0.203333 0.903594 0.172917 0.894688 0.148542 0.884375 0.132292 0.871875 0.103333 0.836094 0.0966667 0.822813 0.0914583 0.798281 0.106458 0.742812 0.130625 0.699375 0.123125 0.687188
12 0.0341667 0.789062 0.0797917 0.777813 0.170208 0.76625 0.204792 0.772656 0.246875 0.790469 0.266875 0.801719 0.284375 0.821406 0.294792 0.839375 0.306667 0.911719 0.319167 0.932813 0.339583 0.98375 0.341458 1 0.293958 0.999844 0.267917 0.996875 0.174167 0.998906 0.0764583 0.996875 0.0479167 1 0.00125 1 0 0.974062 0.00583333 0.952656 0 0.931719 0.001875 0.916094 0 0.9075 0.003125 0.861719 0 0.84625 0 0.806719
12 0.37375 0.98625 0.389583 0.961094 0.405 0.944844 0.403333 0.92 0.4125 0.893906 0.435625 0.855625 0.449375 0.841406 0.484792 0.817656 0.503958 0.808906 0.542083 0.801094 0.584583 0.8 0.652708 0.812031 0.677292 0.820156 0.710417 0.838594 0.731042 0.852812 0.757917 0.882344 0.779583 0.920469 0.791042 0.952969 0.792292 0.984375 0.788542 0.998906 0.638542 1 0.579375 1 0.496667 1 0.431458 0.995937 0.371042 0.995
12 0.779583 0.976406 0.785 0.957188 0.837292 0.905 0.88 0.8875 0.904792 0.880469 0.904792 0.869531 0.912083 0.847656 0.920625 0.8375 0.953125 0.816094 1 0.799687 1 0.861719 0.999792 0.880469 1 0.947344 0.998542 0.963594 1 0.978906 1 0.991875 0.993542 0.999687 0.986042 1 0.899375 1 0.880208 0.998906 0.863125 1 0.837708 0.994375 0.783958 0.992969
