12 0.451667 0.442188 0.455625 0.424375 0.463125 0.412031 0.484167 0.394687 0.481667 0.366094 0.496042 0.329062 0.509792 0.316406 0.528333 0.308125 0.550625 0.305 0.569583 0.307188 0.620208 0.305 0.649792 0.310469 0.668125 0.319844 0.688958 0.325313 0.705625 0.335625 0.716667 0.349531 0.720833 0.366094 0.716458 0.388281 0.70875 0.400469 0.703542 0.422656 0.705833 0.435156 0.712292 0.44625 0.716042 0.494531 0.705625 0.530156 0.686875 0.556094 0.67375 0.570469 0.654375 0.580313 0.583542 0.594688 0.552083 0.595938 0.515833 0.590469 0.481875 0.574531 0.454375 0.547344 0.44375 0.519219 0.442083 0.496719 0.451667 0.443125
12 0.507292 0.2575 0.512292 0.239219 0.525625 0.224375 0.545625 0.214219 0.569792 0.210625 0.648333 0.212344 0.672708 0.218438 0.689167 0.22875 0.700208 0.242656 0.704167 0.259219 0.699167 0.2775 0.685625 0.2925 0.695625 0.304063 0.702708 0.325625 0.70625 0.366563 0.696875 0.399688 0.66125 0.43375 0.6425 0.436562 0.58125 0.438906 0.557292 0.435625 0.512292 0.420156 0.493542 0.407031 0.486042 0.398125 0.476042 0.375312 0.47375 0.357187 0.479583 0.335156 0.501458 0.292656 0.513125 0.277188
12 0.243958 0.242188 0.247083 0.227188 0.25625 0.214062 0.270208 0.203906 0.287708 0.197344 0.30875 0.194687 0.376667 0.194687 0.3975 0.197344 0.415208 0.203906 0.428958 0.214062 0.438125 0.227188 0.441458 0.242188 0.439375 0.254844 0.433333 0.265781 0.441667 0.278438 0.456667 0.317344 0.458958 0.365937 0.444792 0.4075 0.427292 0.424062 0.389375 0.435625 0.311667 0.440312 0.280417 0.437969 0.27375 0.435625 0.250625 0.414531 0.231667 0.390625 0.227917 0.360156 0.233125 0.321719 0.240833 0.299063 0.262083 0.274375 0.249375 0.261563
12 0.00895833 0.190781 0.0308333 0.185781 0.107083 0.179844 0.13125 0.183438 0.15125 0.193594 0.164583 0.208437 0.169583 0.226719 0.168333 0.236094 0.199167 0.275 0.22375 0.3225 0.226875 0.349844 0.225625 0.379375 0.220833 0.392188 0.205833 0.409687 0.191042 0.417969 0.122292 0.430469 0.0970833 0.430469 0.075 0.4275 0.0525 0.419531 0.0372917 0.410781 0.0160417 0.390156 0 0.354063 0.003125 0.310312 0 0.195938
12 0.17375 0.399375 0.160417 0.386406 0.154167 0.3725 0.155625 0.342187 0.17375 0.316562 0.193333 0.305781 0.234583 0.295312 0.278125 0.293594 0.349375 0.301719 0.373542 0.313594 0.386667 0.327031 0.392708 0.340625 0.394583 0.366563 0.392083 0.379688 0.407917 0.3925 0.416667 0.405781 0.430625 0.434531 0.434792 0.451406 0.436667 0.50125 0.433958 0.516875 0.42375 0.543594 0.404792 0.563281 0.384792 0.574531 0.3675 0.579375 0.322083 0.583906 0.278125 0.583906 0.24 0.575625 0.217083 0.567031 0.194375 0.554375 0.173958 0.5325 0.15875 0.479844 0.15875 0.435469 0.163333 0.416406 0.175833 0.400781
12 0.621042 0.586094 0.629167 0.607656 0.629583 0.636562 0.619583 0.663281 0.602917 0.67875 0.569792 0.694531 0.542292 0.69875 0.507708 0.697969 0.482292 0.691406 0.46875 0.684688 0.440833 0.660625 0.43 0.642656 0.428542 0.60875 0.439167 0.574531 0.454375 0.559531 0.449583 0.537031 0.454375 0.51875 0.475 0.494219 0.488333 0.484844 0.505 0.478594 0.523958 0.476406 0.601042 0.481406 0.619583 0.489687 0.634792 0.506563 0.640833 0.557969 0.63125 0.578437 0.621875 0.585313
12 0.0189583 0.483281 0.0497917 0.475938 0.085 0.470937 0.119375 0.479687 0.13625 0.488125 0.1475 0.497813 0.155 0.509844 0.157292 0.527656 0.179167 0.537969 0.191042 0.548594 0.197917 0.559688 0.201458 0.580625 0.211042 0.602656 0.213542 0.623594 0.207083 0.64625 0.19375 0.669219 0.16 0.69375 0.119375 0.708594 0.0685417 0.7125 0.0360417 0.706094 0.0125 0.6925 0.000625 0.681719 0.00270833 0.66625 0 0.588594 0.000833333 0.530781 0 0.492031
12 0.209375 0.552187 0.210833 0.538281 0.219167 0.5175 0.231875 0.504219 0.260833 0.491563 0.294792 0.48875 0.335833 0.494219 0.35875 0.503906 0.37 0.513125 0.377708 0.522344 0.384792 0.543906 0.384583 0.557344 0.399375 0.566563 0.414792 0.582031 0.420625 0.601719 0.420625 0.64625 0.413333 0.668281 0.375625 0.699531 0.348125 0.711406 0.2975 0.713125 0.264167 0.706094 0.231458 0.686875 0.218125 0.675 0.207292 0.657031 0.202917 0.637344 0.20125 0.605156 0.204583 0.589844 0.213958 0.576562 0.209375 0.5525
12 0.0927083 0.741563 0.089375 0.716406 0.0927083 0.701094 0.103333 0.678281 0.117292 0.665781 0.15625 0.645469 0.185625 0.636406 0.220625 0.631719 0.256458 0.635156 0.275 0.641563 0.296042 0.653125 0.30625 0.662656 0.316458 0.684531 0.33625 0.699219 0.366875 0.735313 0.372917 0.748906 0.378333 0.780312 0.377292 0.797969 0.370208 0.818906 0.364167 0.830156 0.35 0.844375 0.332083 0.854375 0.316458 0.866875 0.289792 0.877656 0.244583 0.886875 0.211458 0.888437 0.191042 0.885938 0.164375 0.877188 0.140625 0.861563 0.124583 0.846562 0.104792 0.807813 0.103125 0.779062 0.107083 0.762656 0.098125 0.752969
12 0.010625 0.64125 0.0233333 0.653438 0.0425 0.658906 0.0708333 0.676719 0.0820833 0.689531 0.0902083 0.704844 0.1 0.742656 0.111458 0.756875 0.115625 0.77375 0.112708 0.818281 0.104167 0.830937 0.0922917 0.841562 0.0520833 0.86125 0.001875 0.871875 0.001875 0.808437 0.00479167 0.794375 0 0.761562 0.001875 0.636719
