12 0.01 0.444062 0.0327083 0.466875 0.0464583 0.488281 0.06625 0.534844 0.071875 0.559219 0.071875 0.60625 0.0572917 0.652344 0.0470833 0.669687 0.0364583 0.679375 0.0185417 0.689063 0.00104167 0.693594 0 0.681562 0.00354167 0.505625 0 0.460313 0 0.437656
12 0.0208333 0.305312 0.0577083 0.30375 0.0820833 0.307344 0.101875 0.317344 0.115208 0.332344 0.120208 0.350625 0.113333 0.372031 0.136667 0.425938 0.141042 0.489063 0.134167 0.510469 0.125 0.52375 0.106875 0.54 0.0745833 0.556562 0.02875 0.568281 0.00333333 0.570937 0.000625 0.5525 0.00354167 0.537031 0 0.519062 0.0025 0.4875 0 0.470156 0.00145833 0.405 0 0.38875 0.00145833 0.350625 0 0.338906 0.004375 0.304063
12 0.734167 0.355469 0.74125 0.327344 0.754792 0.3125 0.778125 0.307188 0.902083 0.31375 0.921875 0.319688 0.9375 0.33 0.947917 0.343594 0.951042 0.356875 0.940417 0.370625 0.936667 0.386875 0.944792 0.41 0.948333 0.433281 0.946458 0.461875 0.929167 0.512188 0.9175 0.531719 0.902708 0.542969 0.88375 0.551406 0.815833 0.564844 0.744792 0.561875 0.71125 0.546563 0.691667 0.532656 0.681667 0.515313 0.679167 0.502344 0.677083 0.463594 0.679583 0.450469 0.702917 0.393906 0.715625 0.380469 0.736667 0.368281
12 0.441667 0.356406 0.446667 0.338125 0.46 0.323125 0.479792 0.313125 0.504167 0.309531 0.592083 0.311875 0.616458 0.315625 0.636458 0.325625 0.649792 0.340625 0.654583 0.35875 0.65125 0.374219 0.641667 0.3875 0.647917 0.39875 0.66 0.439844 0.662292 0.477656 0.657917 0.508594 0.641042 0.537188 0.6375 0.5375 0.628333 0.547969 0.615625 0.55625 0.600417 0.561719 0.576458 0.565156 0.517708 0.565781 0.484167 0.556406 0.458958 0.54375 0.445208 0.530312 0.432083 0.507188 0.420833 0.462812 0.424167 0.447344 0.419792 0.433125 0.424375 0.415 0.4525 0.382656 0.444583 0.370312
12 0.0864583 0.401719 0.0904167 0.385 0.101667 0.371094 0.118542 0.360781 0.139375 0.355313 0.185625 0.352344 0.229167 0.345781 0.293125 0.345781 0.327083 0.346562 0.351458 0.350312 0.37125 0.360312 0.384792 0.375156 0.389583 0.393437 0.384792 0.411719 0.371458 0.426563 0.384167 0.437969 0.397292 0.462812 0.418542 0.516563 0.4325 0.573281 0.431458 0.599375 0.421042 0.637188 0.416667 0.645312 0.400417 0.66125 0.38875 0.668438 0.3 0.704688 0.263333 0.711719 0.222292 0.710625 0.178125 0.7025 0.148958 0.691406 0.127292 0.676875 0.104583 0.653594 0.094375 0.635781 0.0810417 0.574062 0.07875 0.53375 0.0916667 0.497813 0.0985417 0.467656 0.115833 0.441406 0.0945833 0.424844 0.0885417 0.41375
12 0.842083 0.406719 0.846875 0.388437 0.860417 0.373437 0.880208 0.363437 0.904583 0.359844 0.977083 0.362187 0.997083 0.365313 0.999375 0.38 0.997083 0.393437 1 0.64125 0.99375 0.721562 0.89 0.710625 0.838125 0.693906 0.794167 0.667188 0.773333 0.6475 0.754583 0.614062 0.750625 0.597969 0.755625 0.564688 0.77125 0.536562 0.780625 0.505 0.789792 0.486406 0.820625 0.452031 0.850833 0.430781 0.844375 0.419375
12 0.6725 0.561406 0.678542 0.536562 0.692083 0.521719 0.711875 0.511562 0.73625 0.507969 0.795625 0.516094 0.812917 0.526406 0.82375 0.546719 0.822292 0.565 0.815625 0.586094 0.818333 0.594219 0.832083 0.605938 0.836042 0.629844 0.832708 0.650469 0.81875 0.688125 0.800208 0.709844 0.775833 0.721406 0.74875 0.726562 0.7175 0.727031 0.691667 0.722813 0.66875 0.714219 0.6525 0.704219 0.634167 0.68625 0.624167 0.65875 0.627083 0.626719 0.648958 0.595313 0.676042 0.574219
12 0.439375 0.565469 0.444375 0.547344 0.457708 0.532344 0.493958 0.515156 0.51625 0.512031 0.548333 0.51375 0.573542 0.519844 0.593333 0.529844 0.608333 0.547031 0.612917 0.564688 0.608333 0.582188 0.595833 0.596719 0.624583 0.637188 0.628333 0.652969 0.627083 0.676875 0.624583 0.689844 0.606667 0.723594 0.598125 0.733437 0.573333 0.748281 0.531667 0.755938 0.478125 0.754531 0.435833 0.742031 0.415208 0.725625 0.404792 0.711875 0.401042 0.695781 0.402708 0.67375 0.42125 0.614687 0.433125 0.598125 0.446667 0.586406 0.444375 0.58375
12 0.0147917 0.622656 0.0345833 0.632656 0.048125 0.647656 0.0529167 0.665781 0.0464583 0.689063 0.06125 0.694375 0.0735417 0.702344 0.0827083 0.7125 0.102083 0.753906 0.106875 0.790469 0.104583 0.822969 0.0910417 0.846875 0.089375 0.864219 0.074375 0.908125 0.0654167 0.922031 0.05125 0.935937 0.0208333 0.950313 0 0.955156 0.00395833 0.929531 0.000833333 0.91875 0.00541667 0.900938 0.001875 0.879531 0.00708333 0.859375 0 0.837031 0.000625 0.787031 0 0.752344 0.000625 0.737031 0 0.718906 0.00270833 0.706719 0.00541667 0.693125 0 0.670312 0.000625 0.659844 0 0.64625 0.000625 0.637344 0 0.619844
12 0.105417 0.710938 0.11125 0.687656 0.126875 0.672031 0.17 0.645312 0.197708 0.636719 0.234375 0.630781 0.272917 0.6325 0.314583 0.645937 0.339583 0.659375 0.352917 0.673438 0.358542 0.685 0.358958 0.705156 0.384583 0.746563 0.393542 0.791719 0.395 0.828594 0.390833 0.845313 0.390208 0.873594 0.373333 0.898594 0.333542 0.925938 0.31125 0.936406 0.271458 0.948906 0.247083 0.952656 0.192708 0.951094 0.156458 0.942031 0.13875 0.932344 0.124375 0.922813 0.111042 0.908906 0.0947917 0.88 0.0927083 0.867812 0.0927083 0.841562 0.101042 0.795 0.122083 0.741563 0.11125 0.730938
12 0.442708 0.677656 0.445625 0.659687 0.453958 0.647188 0.469792 0.632188 0.4925 0.623125 0.514792 0.617812 0.585833 0.616563 0.610833 0.620469 0.634792 0.633906 0.651042 0.652187 0.660833 0.673594 0.665833 0.703906 0.660208 0.7325 0.670208 0.744688 0.68375 0.773281 0.686458 0.811875 0.671875 0.848281 0.649792 0.882656 0.631667 0.902031 0.610208 0.913906 0.590625 0.921094 0.554167 0.926562 0.490833 0.926562 0.45125 0.918906 0.423333 0.901875 0.41375 0.889844 0.405833 0.874375 0.403125 0.860625 0.404583 0.783438 0.411875 0.760938 0.434375 0.730625 0.442292 0.714687 0.453333 0.70375 0.445417 0.691563
12 0.73875 0.674219 0.74375 0.655938 0.757083 0.640937 0.777083 0.630938 0.801667 0.627344 0.819167 0.620313 0.853542 0.616563 0.874167 0.616563 0.898958 0.620469 0.923958 0.634844 0.952292 0.644688 0.965 0.652344 0.986042 0.673438 0.992917 0.685 0.99375 0.712031 0.987083 0.724688 0.97625 0.735156 0.957292 0.745781 0.966667 0.75875 0.97 0.773906 0.97 0.80125 0.956042 0.854219 0.945208 0.876875 0.928542 0.895625 0.897292 0.911406 0.856042 0.922031 0.815625 0.926562 0.776042 0.926562 0.75125 0.923281 0.736042 0.919375 0.705625 0.901563 0.684375 0.88125 0.672083 0.864375 0.662708 0.836875 0.666042 0.791875 0.682917 0.755312 0.705 0.727187 0.712917 0.710156 0.74 0.686875 0.73875 0.674687
12 0.045 0.835938 0.0895833 0.824531 0.134583 0.818437 0.163125 0.818437 0.198958 0.825156 0.221042 0.836875 0.245208 0.854844 0.256458 0.87375 0.262083 0.896406 0.331667 0.991406 0.333125 1 0.27375 1 0.0602083 0.999062 0 1 0 0.906875 0.003125 0.85
12 0.386042 0.95 0.407708 0.9275 0.404583 0.89625 0.415625 0.866406 0.444375 0.834062 0.470208 0.817031 0.49625 0.805 0.537708 0.796094 0.574792 0.794687 0.604375 0.797969 0.634375 0.805 0.669792 0.817812 0.689583 0.828125 0.706042 0.842344 0.741667 0.885 0.746667 0.903438 0.746667 0.956875 0.7425 0.973437 0.725 1 0.700625 1 0.657292 1 0.599375 1 0.552708 0.999062 0.370833 1 0.366667 0.986563 0.371667 0.968125 0.385208 0.953281
12 0.879375 0.997344 0.835833 0.997344 0.801458 1 0.739792 0.998281 0.737708 0.987813 0.745417 0.955625 0.766875 0.908594 0.777292 0.895 0.797917 0.879531 0.81625 0.870937 0.819375 0.844844 0.836667 0.819844 0.86 0.802344 0.877917 0.794531 0.915625 0.784062 0.935833 0.781719 0.973125 0.786875 0.980625 0.790625 1 0.793906 1 0.998594 0.925625 1 0.88125 0.997344
