12 1 0.619219 0.997917 0.679375 1 0.738438 0.997917 0.762031 1 0.778906 0.997917 0.816094 1 0.833594 0.997917 0.860313 1 0.885625 0.946042 0.887969 0.913333 0.886094 0.892083 0.878438 0.845417 0.871875 0.786667 0.849375 0.746875 0.838438 0.74 0.826719 0.710417 0.811875 0.681667 0.78875 0.672292 0.775625 0.669167 0.757188 0.652292 0.740938 0.64625 0.720625 0.657708 0.672969 0.657708 0.656094 0.675208 0.605312 0.688958 0.586562 0.704583 0.5525 0.732917 0.529219 0.743125 0.509844 0.752083 0.502969 0.738542 0.488125 0.73625 0.479531 0.738542 0.458125 0.750417 0.430156 0.763958 0.4175 0.81875 0.40625 0.937083 0.409375 0.997917 0.419063 0.998333 0.547813
12 0.645 0.390156 0.649792 0.371875 0.662708 0.357656 0.68625 0.352344 0.722083 0.349844 0.769375 0.356875 0.791667 0.353594 0.838125 0.358906 0.85 0.357031 0.882917 0.364687 0.89375 0.378437 0.897917 0.395156 0.892917 0.41375 0.87625 0.430781 0.883542 0.445 0.893958 0.454844 0.916458 0.529844 0.905 0.564688 0.902708 0.590313 0.895208 0.607656 0.861458 0.642344 0.844375 0.64875 0.824375 0.650312 0.807917 0.656406 0.70875 0.657813 0.667083 0.652813 0.64 0.645469 0.626458 0.638906 0.599792 0.618437 0.588125 0.594531 0.585625 0.58125 0.58625 0.5375 0.614583 0.46625 0.659583 0.420312 0.64875 0.406562
12 0.291667 0.39 0.296667 0.371719 0.310417 0.35875 0.341042 0.358594 0.358125 0.355781 0.379375 0.357656 0.42625 0.351562 0.472292 0.349688 0.53 0.355313 0.538958 0.3625 0.535833 0.377031 0.545 0.415156 0.527917 0.430156 0.53875 0.440469 0.55 0.470156 0.556667 0.512656 0.556667 0.559219 0.5525 0.593125 0.538958 0.626406 0.527083 0.638437 0.501458 0.650312 0.455625 0.66 0.36875 0.661562 0.339583 0.656094 0.32 0.649219 0.300208 0.638437 0.287083 0.624688 0.279792 0.612187 0.275833 0.595781 0.278125 0.5825 0.271875 0.562188 0.279792 0.494375 0.295 0.454219 0.315625 0.426875 0.298333 0.410781
12 0.0177083 0.352813 0.162917 0.347031 0.187292 0.350781 0.207083 0.360781 0.220417 0.375625 0.225417 0.393906 0.221875 0.409375 0.2125 0.4225 0.240208 0.463281 0.255625 0.4925 0.259375 0.503906 0.26 0.534219 0.266042 0.56875 0.258958 0.597187 0.23125 0.623281 0.202083 0.638594 0.133125 0.649531 0.0616667 0.649531 0.0385417 0.646094 0.0264583 0.647031 0.000208333 0.642188 0.003125 0.596094 0 0.553438 0.00208333 0.535781 0.004375 0.453281 0 0.432344 0.003125 0.395625 0 0.355469
12 0.0410417 0.393281 0.069375 0.39625 0.104583 0.404687 0.125417 0.415469 0.141875 0.4325 0.147083 0.450938 0.144583 0.473281 0.138542 0.487656 0.15875 0.523281 0.199167 0.576562 0.2275 0.65 0.2275 0.739062 0.220417 0.760938 0.209167 0.778281 0.174167 0.81125 0.11 0.847344 0.0741667 0.861719 0.051875 0.865938 0.0297917 0.876094 0.00791667 0.878906 0.00229167 0.878125 0 0.86375 0.000625 0.836094 0 0.810469 0.00104167 0.753281 0 0.693594 0.00208333 0.678906 0 0.664062 0.001875 0.547031 0 0.517969 0.00291667 0.457656 0 0.445312 0.00375 0.427344 0 0.393281
12 0.588542 0.649219 0.593542 0.630938 0.615208 0.605469 0.628542 0.59625 0.645 0.590156 0.686875 0.588906 0.709583 0.585625 0.725833 0.587344 0.764167 0.595313 0.783958 0.605312 0.797292 0.620313 0.802292 0.638437 0.802292 0.652813 0.793958 0.675781 0.784167 0.686406 0.79125 0.691406 0.798333 0.718906 0.805 0.730312 0.8125 0.804219 0.790208 0.834844 0.752917 0.858125 0.73625 0.860156 0.712917 0.870625 0.64625 0.869531 0.624167 0.866406 0.592292 0.853906 0.55875 0.825937 0.5425 0.80125 0.539375 0.772656 0.545833 0.73125 0.562708 0.699844 0.575417 0.685625 0.595833 0.67 0.593542 0.6675
12 0.297083 0.674219 0.300625 0.658594 0.317292 0.633281 0.328125 0.623281 0.342083 0.615781 0.35875 0.611563 0.424583 0.609375 0.456667 0.612187 0.47625 0.618594 0.496458 0.629687 0.510417 0.644844 0.515625 0.663438 0.511875 0.682969 0.501458 0.696719 0.513333 0.706719 0.538958 0.740469 0.545625 0.769219 0.545625 0.787031 0.541042 0.808125 0.533542 0.821875 0.513333 0.848281 0.494583 0.862187 0.469375 0.869063 0.421458 0.874219 0.37875 0.873125 0.341875 0.869375 0.325625 0.864062 0.293333 0.844688 0.263958 0.80625 0.267083 0.755 0.285625 0.709063 0.300833 0.69125 0.297083 0.674687
12 0.659792 0.785781 0.664792 0.7675 0.669792 0.762813 0.688125 0.757812 0.703125 0.74875 0.716042 0.748125 0.733958 0.740781 0.784167 0.734219 0.840833 0.736406 0.868958 0.743594 0.875625 0.747812 0.903333 0.753594 0.943542 0.789687 0.964167 0.83875 0.962292 0.851094 0.965417 0.865781 0.96 0.875 0.957917 0.892969 0.948125 0.904219 0.954375 0.935469 0.95375 0.946719 0.962292 0.979375 0.96 0.999219 0.879583 1 0.861667 1 0.815833 1 0.785625 1 0.761875 1 0.725417 1 0.68 1 0.602083 0.999844 0.593333 0.987813 0.585417 0.952031 0.587083 0.924844 0.618958 0.864687 0.645625 0.835156 0.656667 0.828438 0.659792 0.785937
12 0.253542 0.869688 0.246458 0.842187 0.253125 0.814063 0.263125 0.7975 0.279375 0.780469 0.312083 0.757656 0.343958 0.745781 0.405417 0.736875 0.454792 0.738906 0.481667 0.747188 0.527083 0.773438 0.549167 0.800625 0.555 0.812813 0.55625 0.83125 0.547917 0.8575 0.581458 0.935469 0.586667 0.969844 0.5825 1 0.503125 0.999219 0.486875 1 0.464792 0.998281 0.441042 1 0.411875 0.997188 0.374167 1 0.344583 0.998281 0.329792 1 0.289167 0.999219 0.266042 1 0.218958 0.998281 0.222708 0.965469 0.24375 0.912031 0.259792 0.885938
12 0.0202083 0.754063 0.0741667 0.762344 0.106458 0.775312 0.127708 0.789844 0.141667 0.804063 0.14875 0.825781 0.147917 0.8425 0.160625 0.852656 0.193125 0.893437 0.214792 0.935625 0.223958 0.974844 0.220417 0.999687 0 1 0 0.946875 0.00125 0.914687 0 0.870625 0.00125 0.775156 0 0.75375
