12 0.732292 0.203594 0.730208 0.183281 0.733333 0.171094 0.742292 0.161094 0.755625 0.154375 0.824583 0.147031 0.943333 0.145469 0.966458 0.15 0.98375 0.16125 0.990625 0.178281 0.989375 0.183281 0.984167 0.198594 0.969792 0.209687 0.964792 0.221719 0.973333 0.2375 0.975208 0.259531 0.981875 0.267656 0.987292 0.29375 0.975208 0.367188 0.96 0.40875 0.950833 0.422969 0.931875 0.437656 0.872917 0.454844 0.809167 0.458594 0.792708 0.456094 0.74 0.440156 0.712708 0.428906 0.69875 0.417812 0.680417 0.394844 0.672917 0.356406 0.683333 0.317344 0.708125 0.261719 0.722292 0.236406 0.739792 0.215469
12 0.726667 0.376094 0.692083 0.371406 0.66875 0.362812 0.658542 0.355625 0.651042 0.344844 0.641042 0.318438 0.636667 0.28875 0.657083 0.22 0.667708 0.205313 0.685417 0.188906 0.677917 0.179531 0.675208 0.168437 0.678542 0.15625 0.687292 0.14625 0.700625 0.139531 0.716875 0.137187 0.841042 0.137187 0.857292 0.139531 0.870625 0.14625 0.879583 0.15625 0.882708 0.168437 0.877083 0.184219 0.862083 0.195469 0.870208 0.204687 0.886875 0.24 0.898125 0.279687 0.894792 0.320781 0.888333 0.3325 0.872292 0.348438 0.8475 0.36 0.82375 0.367031 0.789792 0.373594 0.758542 0.376094 0.726667 0.376094 0.728125 0.312969 0.723958 0.3075 0.724167 0.308281 0.728125 0.312969
12 0.854792 0.0495312 0.855417 0.0321875 0.868542 0.029375 0.935833 0.0251563 1 0.0246875 0.999583 0.201875 0.929167 0.201719 0.891042 0.195156 0.856458 0.181719 0.844583 0.171406 0.831875 0.146875 0.831875 0.132969 0.844583 0.0895312 0.854167 0.0776563 0.867292 0.068125 0.8575 0.0598437
12 0.424792 0.194687 0.417708 0.187188 0.415208 0.177812 0.417083 0.16625 0.422708 0.159219 0.44375 0.148438 0.498333 0.141719 0.545 0.14125 0.568958 0.143906 0.580625 0.148594 0.588542 0.156406 0.592292 0.174375 0.59 0.183125 0.581667 0.1925 0.602917 0.231719 0.608958 0.249531 0.613542 0.297031 0.610833 0.34625 0.602083 0.359375 0.593333 0.365937 0.578958 0.372812 0.551458 0.379688 0.52125 0.383437 0.493125 0.383437 0.46375 0.376719 0.43 0.360156 0.42125 0.352656 0.411458 0.337656 0.4075 0.323281 0.404583 0.265469 0.412083 0.237031 0.429792 0.197969
12 0.121667 0.24125 0.112083 0.228281 0.105 0.208281 0.108333 0.19625 0.117292 0.18625 0.130417 0.179531 0.235625 0.172344 0.313542 0.172344 0.329792 0.174687 0.342917 0.181406 0.351875 0.191406 0.355208 0.203594 0.352292 0.215 0.344375 0.224531 0.35125 0.243906 0.358125 0.255312 0.371042 0.266094 0.39375 0.307969 0.412083 0.387031 0.4075 0.408281 0.394375 0.429219 0.380208 0.443125 0.338542 0.462031 0.312708 0.46875 0.291458 0.47125 0.219167 0.469219 0.195 0.463438 0.175208 0.450938 0.138125 0.418594 0.127917 0.402031 0.117917 0.37125 0.121667 0.353594 0.1225 0.291563 0.136042 0.250937
12 0.099375 0.174531 0.121458 0.175781 0.13 0.18625 0.13125 0.203437 0.138125 0.215625 0.123125 0.23 0.139167 0.247969 0.148125 0.266406 0.153542 0.295625 0.153542 0.325156 0.15 0.341562 0.137708 0.363281 0.114375 0.383906 0.099375 0.390625 0.0752083 0.395 0.0458333 0.39625 0.0202083 0.394219 0 0.389375 0 0.180469
12 0.0125 0.195625 0.0258333 0.2025 0.035 0.212344 0.0397917 0.236563 0.03625 0.25 0.0535417 0.263437 0.115 0.3325 0.124375 0.355625 0.13 0.39 0.13 0.415625 0.124792 0.439687 0.1175 0.452344 0.096875 0.467031 0.0739583 0.476875 0.02875 0.487969 0 0.489687 0 0.193437
12 0.965 0.384844 1 0.387813 0.999792 0.635 0.948542 0.630312 0.9125 0.617031 0.894167 0.605938 0.884167 0.595 0.872083 0.566563 0.871042 0.528125 0.882917 0.486406 0.895417 0.468281 0.919583 0.446875 0.914167 0.430625 0.9175 0.408594 0.929583 0.396406 0.947292 0.387813
12 0.659583 0.349844 0.673125 0.343438 0.694375 0.341875 0.715208 0.336875 0.748542 0.33875 0.753125 0.341406 0.777917 0.344062 0.799583 0.357344 0.807708 0.393281 0.801042 0.399062 0.81125 0.411719 0.820833 0.431094 0.822083 0.459687 0.812917 0.500781 0.79375 0.522188 0.774375 0.532656 0.738125 0.5425 0.661875 0.54125 0.636042 0.531094 0.619375 0.512813 0.609167 0.488438 0.610417 0.449844 0.617083 0.428437 0.627708 0.412656 0.642917 0.397969 0.639583 0.3725 0.641667 0.364844 0.655208 0.352031
12 0.687083 0.459687 0.687083 0.436875 0.692292 0.423906 0.705625 0.415469 0.727917 0.40875 0.748542 0.405469 0.7975 0.405469 0.849167 0.415156 0.866458 0.426719 0.874792 0.436406 0.880208 0.450781 0.876875 0.47 0.868333 0.477969 0.876042 0.492656 0.880208 0.510313 0.891042 0.525938 0.902708 0.561562 0.900833 0.598906 0.893333 0.621563 0.882292 0.634062 0.856875 0.645625 0.817292 0.653281 0.75 0.654375 0.723958 0.651094 0.708333 0.646406 0.672917 0.625156 0.661875 0.612656 0.652292 0.594219 0.65 0.537813 0.655417 0.517188 0.6725 0.484531 0.68875 0.4675
12 0.427083 0.452813 0.429375 0.443906 0.444792 0.427813 0.45625 0.421406 0.483333 0.414531 0.525625 0.414531 0.559583 0.4175 0.592292 0.424375 0.613542 0.437344 0.621458 0.454688 0.621458 0.4725 0.61375 0.48875 0.631042 0.514062 0.643958 0.550781 0.643958 0.610156 0.64125 0.619531 0.62875 0.631094 0.61125 0.639531 0.587083 0.6425 0.567708 0.649219 0.533542 0.651406 0.508333 0.649375 0.471458 0.640313 0.453542 0.633906 0.438125 0.624062 0.424167 0.605156 0.417708 0.589375 0.420417 0.528125 0.427083 0.513594 0.44125 0.494375 0.4275 0.475312 0.428125 0.45875
12 0.175625 0.511875 0.166042 0.500938 0.162917 0.490625 0.164792 0.466406 0.179792 0.4525 0.1975 0.443906 0.249167 0.432031 0.298542 0.429375 0.333125 0.438125 0.346667 0.446875 0.357917 0.460781 0.361875 0.473594 0.3575 0.490313 0.371458 0.499688 0.384792 0.515937 0.405833 0.565312 0.410417 0.591719 0.410417 0.623281 0.403125 0.640625 0.387083 0.65875 0.372083 0.667188 0.33 0.678125 0.305833 0.6825 0.283333 0.683125 0.261875 0.687969 0.230208 0.684219 0.206042 0.673438 0.193958 0.659531 0.179583 0.633125 0.166458 0.571719 0.168542 0.545469 0.175625 0.535937 0.182708 0.516563
12 0.0547917 0.443125 0.0897917 0.45125 0.10625 0.465156 0.111667 0.478281 0.109792 0.488906 0.136042 0.499062 0.148125 0.5125 0.156667 0.534531 0.160208 0.577969 0.155417 0.604219 0.129375 0.66 0.12125 0.667656 0.0954167 0.683594 0.0695833 0.694375 0.0404167 0.70125 0 0.705 0 0.555469 0.00291667 0.535313 0 0.518906 0 0.445156
12 0.72 0.572187 0.715625 0.554063 0.719375 0.537031 0.739583 0.516563 0.761667 0.505938 0.799583 0.498437 0.850208 0.497656 0.899167 0.505938 0.924583 0.514531 0.945833 0.525938 0.981042 0.552656 0.987083 0.562812 0.989167 0.587969 0.976042 0.611406 0.993542 0.66625 0.994792 0.715 0.987083 0.748281 0.978958 0.765781 0.973333 0.773594 0.964375 0.779219 0.960625 0.796406 0.94625 0.810156 0.927708 0.819219 0.879792 0.827969 0.857917 0.830781 0.809583 0.829063 0.794375 0.82625 0.742083 0.802969 0.697917 0.769219 0.681875 0.746563 0.67375 0.729375 0.670417 0.706719 0.671458 0.670469 0.685625 0.625156 0.708958 0.594062 0.722292 0.581406
12 0.667292 0.777187 0.635417 0.813438 0.6275 0.827031 0.575208 0.847656 0.563958 0.849219 0.53 0.848594 0.487292 0.84375 0.460833 0.836406 0.422708 0.813438 0.399792 0.795625 0.389583 0.782344 0.375 0.722031 0.375 0.686875 0.379792 0.655156 0.386458 0.63 0.397083 0.61 0.397083 0.609687 0.3925 0.579688 0.3975 0.559688 0.424167 0.5375 0.466042 0.521094 0.514375 0.513594 0.568542 0.515156 0.608125 0.5275 0.62125 0.534687 0.645208 0.554063 0.65375 0.570781 0.645625 0.618125 0.658125 0.636562 0.6675 0.658594 0.675833 0.695937 0.676667 0.731563 0.667292 0.777187 0.609167 0.758594 0.613333 0.732187 0.600417 0.761406 0.598333 0.767813 0.60125 0.768594 0.603125 0.766875 0.609167 0.758594
12 0.045 0.667812 0.0289583 0.634375 0.0295833 0.607812 0.04125 0.5875 0.0739583 0.562812 0.100208 0.551875 0.180417 0.535156 0.206458 0.532031 0.225625 0.535469 0.238542 0.534062 0.2625 0.540625 0.2775 0.547813 0.287083 0.557188 0.297292 0.584688 0.300833 0.612344 0.312083 0.614844 0.327708 0.626406 0.349583 0.65625 0.371875 0.695469 0.376042 0.766094 0.368125 0.790312 0.35375 0.808281 0.327083 0.8325 0.30375 0.844063 0.296042 0.850625 0.271458 0.861406 0.244792 0.867188 0.2325 0.86625 0.198958 0.871406 0.169167 0.869219 0.148542 0.864375 0.0958333 0.836562 0.07875 0.820937 0.06625 0.803438 0.0564583 0.77875 0.0477083 0.734531 0.046875 0.702187 0.053125 0.678906
12 0.009375 0.620781 0.02875 0.637813 0.0497917 0.665469 0.06875 0.709688 0.0716667 0.751719 0.059375 0.790937 0.0420833 0.813125 0.009375 0.833125 0 0.834688 0 0.614375
