12 0.533333 0.339062 0.535833 0.325 0.542917 0.317344 0.557083 0.31 0.578958 0.304375 0.630625 0.301875 0.665625 0.310937 0.675 0.315937 0.681458 0.323281 0.68375 0.340469 0.68 0.351562 0.67 0.359844 0.681667 0.373281 0.685417 0.383594 0.6875 0.436719 0.678333 0.459375 0.664583 0.473906 0.655 0.479219 0.621458 0.486875 0.586458 0.484844 0.555625 0.479844 0.526042 0.46625 0.516875 0.4575 0.51125 0.442188 0.512292 0.4125 0.525833 0.372812 0.542917 0.355938 0.535833 0.348438
12 0.73 0.3475 0.7275 0.329531 0.735417 0.314063 0.76875 0.300781 0.797292 0.296406 0.825 0.297344 0.863542 0.304844 0.879375 0.3125 0.88625 0.319688 0.89 0.335 0.88625 0.346094 0.875833 0.359219 0.893125 0.393125 0.895833 0.4075 0.89125 0.449688 0.874583 0.470156 0.847083 0.484063 0.781458 0.490469 0.737708 0.477187 0.726458 0.476562 0.704167 0.465313 0.690417 0.447813 0.687292 0.437344 0.688125 0.42 0.700625 0.384375 0.715417 0.365 0.731875 0.3525
12 0.999375 0.374844 1 0.510938 0.963125 0.511719 0.94 0.508125 0.912083 0.496875 0.903125 0.490156 0.895 0.478125 0.891667 0.455312 0.8925 0.429844 0.897292 0.407031 0.921458 0.368281 0.934167 0.360625 0.945208 0.358281 0.9375 0.3425 0.941042 0.326875 0.969375 0.303125 0.989167 0.29625 1 0.295312 0.997708 0.330156 1 0.351875 0.999375 0.374531
12 0.74125 0.423594 0.748333 0.400938 0.75875 0.387813 0.777083 0.379375 0.81375 0.370625 0.879375 0.370469 0.910625 0.380625 0.941458 0.405781 0.94875 0.423594 0.94875 0.433906 0.944792 0.445156 0.930833 0.45625 0.939167 0.466719 0.942292 0.482031 0.939583 0.491719 0.942292 0.50125 0.935 0.541406 0.917708 0.56875 0.905208 0.580781 0.8775 0.598437 0.847708 0.607187 0.812917 0.60375 0.802917 0.598437 0.779583 0.598594 0.720833 0.576094 0.700417 0.55625 0.695625 0.543281 0.698333 0.523125 0.696458 0.515 0.700208 0.504063 0.720833 0.459219 0.733542 0.443281 0.745 0.434688
12 0.494792 0.424375 0.501042 0.397813 0.508125 0.390156 0.553333 0.37125 0.591042 0.367812 0.621042 0.373437 0.643542 0.379375 0.663958 0.393125 0.670833 0.402187 0.675625 0.416094 0.67125 0.432656 0.664167 0.441094 0.674167 0.447656 0.676458 0.459375 0.682917 0.468281 0.688542 0.486875 0.689375 0.504063 0.67125 0.555781 0.658333 0.575156 0.640833 0.588594 0.596667 0.598281 0.560833 0.598281 0.52125 0.590625 0.491458 0.570312 0.48375 0.560469 0.47375 0.524687 0.47375 0.498594 0.490417 0.456406 0.504792 0.441406 0.4975 0.43375
12 1 0.625312 0.9975 0.653594 1 0.667031 0.999375 0.742656 0.99 0.746875 0.954583 0.747656 0.908958 0.738125 0.887083 0.726406 0.865625 0.708437 0.858958 0.699062 0.855833 0.688594 0.856667 0.670625 0.872917 0.627969 0.8875 0.613906 0.918958 0.598437 0.923333 0.566094 0.93 0.558594 0.94 0.553594 0.97125 0.549063 1 0.550781 1 0.594375
12 0.835 0.566875 0.848958 0.574844 0.856042 0.582344 0.85875 0.591719 0.852917 0.618281 0.860417 0.657031 0.84875 0.696875 0.823333 0.715781 0.786667 0.729688 0.771458 0.732656 0.742292 0.728594 0.701875 0.718594 0.686667 0.709688 0.67125 0.695781 0.665208 0.674844 0.666042 0.654844 0.677083 0.61625 0.7 0.591719 0.701042 0.573125 0.706458 0.56625 0.72625 0.557813 0.763333 0.549063 0.801667 0.550781 0.82625 0.560312 0.832292 0.565937
12 0.504792 0.579375 0.509792 0.566563 0.522917 0.557969 0.545833 0.548438 0.563542 0.544844 0.599167 0.54625 0.621458 0.550469 0.646458 0.5675 0.650625 0.579375 0.649583 0.587969 0.664375 0.618437 0.659792 0.661094 0.655417 0.676719 0.64625 0.691563 0.633125 0.704531 0.615208 0.714219 0.587292 0.718281 0.540417 0.7175 0.509375 0.709688 0.490833 0.696719 0.480833 0.67625 0.48 0.651406 0.4925 0.600469 0.504792 0.579688
12 0.998333 0.7075 1 0.871719 1 0.923125 0.946458 0.909219 0.905625 0.887656 0.87375 0.862813 0.863125 0.84125 0.860417 0.805469 0.865208 0.786094 0.878333 0.76125 0.89375 0.743281 0.916042 0.728125 0.932292 0.725 0.947083 0.70625 0.962708 0.695 0.983958 0.685469 0.998542 0.68375 0.998958 0.705469
12 0.68125 0.690625 0.691875 0.679375 0.706042 0.672969 0.734583 0.665625 0.777708 0.667188 0.820208 0.679844 0.848333 0.701406 0.86375 0.717031 0.868125 0.729219 0.865417 0.738906 0.866875 0.757344 0.860833 0.770781 0.87125 0.791094 0.87125 0.803906 0.862083 0.832188 0.847292 0.857969 0.837083 0.869219 0.818958 0.88 0.768333 0.891875 0.733958 0.890625 0.684792 0.873281 0.66625 0.860156 0.650208 0.842812 0.634167 0.812031 0.63 0.791406 0.644375 0.743906 0.667917 0.721094 0.670833 0.702969 0.681042 0.69125
12 0.444792 0.692969 0.45125 0.66625 0.472708 0.648594 0.498958 0.636562 0.524375 0.633281 0.5525 0.634219 0.577708 0.641406 0.599167 0.652187 0.606875 0.66 0.615 0.677656 0.633333 0.743594 0.634583 0.757344 0.63125 0.772031 0.632708 0.779375 0.6225 0.808437 0.615208 0.819375 0.595833 0.837187 0.579167 0.844688 0.561875 0.849062 0.521875 0.852344 0.469792 0.8375 0.448958 0.823438 0.428542 0.795469 0.425625 0.745469 0.429583 0.723437 0.447083 0.701094
