12 1 0.684219 0.984792 0.685781 0.926667 0.672969 0.901042 0.660781 0.880417 0.640625 0.875417 0.625312 0.875417 0.602969 0.886875 0.567812 0.902708 0.545937 0.931667 0.521094 0.942708 0.487969 0.96 0.481094 0.999792 0.475 1 0.600313
12 0.86875 0.452187 0.872292 0.437344 0.880417 0.428906 0.908125 0.421094 0.931667 0.420156 0.957917 0.422656 0.9875 0.428125 1 0.433906 1 0.469375 0.995208 0.477813 1 0.485938 1 0.572187 0.991458 0.583281 0.98125 0.588906 0.943125 0.597813 0.917708 0.597187 0.900625 0.593906 0.866042 0.581406 0.839583 0.561094 0.829792 0.540937 0.833333 0.512656 0.84625 0.485625 0.870833 0.460781
12 0.791458 0.402656 0.793958 0.393437 0.800625 0.386094 0.810625 0.381094 0.844167 0.375781 0.882292 0.379688 0.900208 0.387656 0.9075 0.403125 0.902917 0.415313 0.89125 0.42375 0.900625 0.43125 0.906875 0.443594 0.90875 0.477187 0.894583 0.503906 0.869792 0.519531 0.846042 0.521719 0.800625 0.51375 0.783333 0.503281 0.768542 0.489687 0.764792 0.451875 0.772708 0.433906 0.796042 0.414844
12 0.694583 0.4525 0.696875 0.44375 0.702917 0.436406 0.719583 0.426094 0.737917 0.421563 0.776875 0.424531 0.803958 0.43125 0.813958 0.436719 0.822708 0.448437 0.824167 0.455312 0.8175 0.472813 0.823542 0.498281 0.825625 0.533594 0.816458 0.554531 0.7975 0.570469 0.761042 0.581094 0.716042 0.581562 0.692917 0.574375 0.671458 0.5575 0.6625 0.538906 0.66625 0.504219 0.670833 0.491563 0.684583 0.471875 0.697708 0.462656
12 0.730417 0.524062 0.734167 0.506094 0.742292 0.4975 0.7625 0.48875 0.792292 0.483437 0.815208 0.484063 0.845417 0.489219 0.870625 0.5 0.886667 0.512344 0.892292 0.521719 0.892917 0.534375 0.882292 0.558906 0.88875 0.567969 0.892917 0.593906 0.884792 0.639687 0.874375 0.66 0.864375 0.669844 0.851458 0.677031 0.838333 0.681562 0.802083 0.687812 0.769375 0.687031 0.732708 0.672969 0.700625 0.646094 0.691458 0.617812 0.69125 0.607187 0.707708 0.557813 0.734583 0.535781
12 0.54 0.425469 0.553125 0.423281 0.598958 0.42375 0.629583 0.435469 0.637083 0.450781 0.634375 0.466563 0.63 0.471875 0.638958 0.480156 0.644792 0.49375 0.64625 0.544687 0.641042 0.56625 0.626667 0.579688 0.595208 0.590625 0.550833 0.591562 0.524583 0.583125 0.5125 0.571719 0.497292 0.548125 0.496042 0.505781 0.501875 0.488281 0.516667 0.466719 0.51125 0.45125 0.517708 0.436875 0.534375 0.42875
12 0.348333 0.471562 0.343958 0.459375 0.347708 0.44375 0.354792 0.436406 0.365208 0.431562 0.390417 0.426719 0.431667 0.426719 0.443125 0.428281 0.459583 0.435 0.469167 0.449531 0.467083 0.467344 0.485833 0.500625 0.488125 0.522969 0.485833 0.543594 0.476875 0.560312 0.461875 0.575313 0.450208 0.582344 0.42875 0.585938 0.388542 0.583906 0.367917 0.576875 0.351667 0.563281 0.335833 0.539531 0.333333 0.517188 0.339792 0.489375 0.351875 0.475781
12 0.180625 0.459844 0.182917 0.450781 0.189792 0.443281 0.199583 0.438281 0.236667 0.431562 0.262292 0.430156 0.28375 0.434688 0.296875 0.44125 0.305625 0.452969 0.306458 0.470313 0.32 0.483906 0.329375 0.52125 0.3325 0.556094 0.329792 0.565625 0.3225 0.573281 0.301042 0.583437 0.25375 0.589844 0.22125 0.588594 0.202292 0.580937 0.190417 0.568281 0.179792 0.539531 0.182083 0.501094 0.190417 0.485 0.184375 0.477813 0.182708 0.464687
12 0.330208 0.532031 0.327083 0.519531 0.332917 0.506094 0.360625 0.489063 0.372083 0.485156 0.403542 0.481094 0.425208 0.481719 0.4525 0.487969 0.470208 0.496875 0.480625 0.511406 0.47875 0.534219 0.491875 0.555469 0.503542 0.589844 0.507292 0.611719 0.506042 0.641094 0.496667 0.654687 0.463958 0.673594 0.427083 0.680937 0.40125 0.680937 0.381875 0.677969 0.350208 0.663125 0.333125 0.648438 0.31875 0.609375 0.321458 0.578281 0.332292 0.558281 0.340625 0.549531 0.333125 0.541719
12 0.126042 0.559844 0.11875 0.5475 0.119375 0.524687 0.123958 0.516094 0.142708 0.504687 0.194167 0.492031 0.230208 0.493125 0.261458 0.498437 0.27125 0.503437 0.277917 0.510938 0.280417 0.52 0.275208 0.539062 0.302708 0.570312 0.311042 0.597344 0.310625 0.636875 0.295 0.660937 0.263125 0.68125 0.229375 0.689531 0.1775 0.690156 0.152083 0.683281 0.137083 0.672344 0.125417 0.658281 0.116458 0.631719 0.114167 0.591562 0.1275 0.561406
12 0.726667 0.548281 0.751875 0.5525 0.767083 0.558281 0.782292 0.577656 0.781042 0.590313 0.770625 0.602344 0.780417 0.620469 0.7825 0.636406 0.772708 0.666875 0.762708 0.679844 0.747708 0.687031 0.731875 0.690312 0.684167 0.691875 0.662292 0.687031 0.649167 0.67875 0.634583 0.654375 0.634583 0.63125 0.647083 0.605156 0.661042 0.590156 0.658958 0.581875 0.663958 0.569375 0.673958 0.556562 0.7025 0.549219 0.72125 0.548125
12 0.519583 0.562812 0.5425 0.553594 0.57875 0.552813 0.596042 0.556719 0.617083 0.579844 0.620625 0.591719 0.615417 0.604688 0.6325 0.632969 0.638958 0.663906 0.63375 0.679531 0.626042 0.68875 0.611042 0.703125 0.594792 0.709844 0.561875 0.713125 0.527708 0.707344 0.504375 0.69625 0.49 0.679531 0.486458 0.666719 0.487917 0.64375 0.495 0.624844 0.511042 0.603281 0.50625 0.584844 0.509792 0.572031 0.517708 0.564219
12 0.16875 0.669844 0.171042 0.658125 0.179792 0.647031 0.207083 0.632344 0.220625 0.630156 0.261667 0.630156 0.277708 0.633437 0.293542 0.641719 0.299792 0.655781 0.300417 0.669063 0.322292 0.697187 0.325 0.7475 0.316458 0.776875 0.296458 0.801562 0.290208 0.805312 0.2575 0.813906 0.225833 0.814531 0.194375 0.807656 0.175625 0.795 0.165417 0.779531 0.155 0.7475 0.155 0.725156 0.16875 0.696719 0.165 0.678906
12 0.333542 0.673594 0.33875 0.657344 0.3475 0.648438 0.364583 0.636875 0.380625 0.631563 0.426667 0.63125 0.441458 0.635156 0.458542 0.6475 0.466667 0.660781 0.46875 0.677656 0.482083 0.692344 0.487917 0.705156 0.492292 0.7275 0.492292 0.763594 0.490417 0.771875 0.47625 0.792031 0.455417 0.804688 0.434583 0.814063 0.396875 0.818437 0.365833 0.811875 0.352292 0.805625 0.338333 0.795 0.32875 0.781562 0.326042 0.770937 0.3275 0.731406 0.33125 0.714844 0.340208 0.697344 0.333542 0.673906
12 0.512292 0.662656 0.51625 0.648906 0.523542 0.637813 0.540833 0.627031 0.558125 0.622656 0.6 0.623281 0.618542 0.627188 0.635625 0.635625 0.643958 0.645781 0.65125 0.664375 0.647083 0.687656 0.659583 0.707188 0.663333 0.727969 0.663333 0.749844 0.659583 0.764687 0.653542 0.775156 0.640417 0.7875 0.611042 0.799687 0.59625 0.8025 0.564167 0.8025 0.524375 0.792812 0.504583 0.779062 0.492917 0.760313 0.48875 0.742344 0.48875 0.724062 0.49625 0.699531 0.512083 0.678125 0.512292 0.663281
12 0.686458 0.654062 0.690833 0.641406 0.698333 0.633281 0.7075 0.628281 0.736875 0.622656 0.77875 0.62375 0.807292 0.633437 0.824792 0.647656 0.828333 0.673594 0.82375 0.690156 0.831458 0.707969 0.832917 0.737187 0.826458 0.753437 0.8125 0.774531 0.792917 0.790625 0.774375 0.799375 0.7575 0.8025 0.739167 0.8025 0.701042 0.795937 0.682917 0.789375 0.665833 0.771406 0.6575 0.74 0.658333 0.719531 0.673333 0.682656 0.688333 0.665469 0.686458 0.654375
12 0.980625 0.629063 0.993542 0.640156 0.999583 0.650938 1 0.667812 0.998542 0.676406 0.992708 0.683594 1 0.690937 0.998125 0.713281 1 0.725938 0.999583 0.744219 0.980208 0.777031 0.95375 0.789844 0.93 0.795312 0.882708 0.792812 0.864375 0.789062 0.848542 0.78 0.828542 0.762656 0.823125 0.7525 0.823125 0.718906 0.829375 0.693906 0.842917 0.677813 0.867708 0.659687 0.868333 0.6375 0.874583 0.627031 0.88625 0.620156 0.914583 0.615625 0.940833 0.615625 0.955833 0.617969 0.971458 0.624219
12 0.7075 0.76875 0.710417 0.750781 0.720625 0.735469 0.732083 0.727344 0.754375 0.722031 0.796667 0.723125 0.831458 0.732969 0.856667 0.748437 0.875 0.768125 0.880833 0.781875 0.87625 0.807969 0.888125 0.835469 0.887292 0.867031 0.880625 0.893437 0.864583 0.919531 0.837917 0.935625 0.811667 0.940938 0.76 0.941719 0.740625 0.936875 0.716458 0.92375 0.690208 0.898906 0.682292 0.887031 0.673542 0.863594 0.675417 0.836094 0.688542 0.7975 0.69875 0.783594 0.708958 0.776094
12 0.502708 0.790937 0.499375 0.769531 0.506042 0.754219 0.522708 0.740313 0.555208 0.72625 0.5775 0.724688 0.615208 0.731094 0.637917 0.741875 0.658333 0.761719 0.665417 0.778438 0.664375 0.804844 0.677292 0.835156 0.683125 0.865156 0.67125 0.90625 0.651667 0.931875 0.623542 0.945156 0.58875 0.952344 0.550833 0.948906 0.521875 0.938906 0.4975 0.916406 0.476875 0.872344 0.476875 0.855625 0.483542 0.822188 0.502917 0.791563
12 0.277708 0.812656 0.277083 0.792656 0.28125 0.778281 0.300625 0.755781 0.31 0.749688 0.334375 0.740938 0.362292 0.737187 0.390625 0.7375 0.405417 0.741719 0.422708 0.752656 0.433542 0.764062 0.441875 0.787969 0.463542 0.8175 0.471042 0.835 0.476458 0.887656 0.47375 0.901875 0.464792 0.918437 0.427083 0.943437 0.394167 0.955625 0.355417 0.956094 0.3275 0.950469 0.316458 0.945469 0.288958 0.923281 0.274583 0.894688 0.269375 0.876563 0.27 0.862344 0.275208 0.838906 0.282708 0.825313
12 0.0683333 0.797813 0.0695833 0.780156 0.0772917 0.7675 0.102917 0.746406 0.128333 0.73375 0.158542 0.726719 0.193125 0.726719 0.208958 0.730312 0.231458 0.741875 0.241458 0.7525 0.244792 0.771094 0.257708 0.783594 0.267708 0.802031 0.2825 0.850781 0.280417 0.889219 0.272708 0.903438 0.23125 0.933906 0.190625 0.94625 0.116875 0.938906 0.106667 0.934062 0.0875 0.916719 0.0720833 0.880937 0.0677083 0.846094 0.075 0.824375 0.0702083 0.815938 0.0683333 0.798594
