12 0.686875 0.418125 0.677292 0.434063 0.689583 0.445156 0.703333 0.476719 0.703333 0.485781 0.688542 0.52 0.67625 0.531562 0.650625 0.539375 0.60875 0.538438 0.580833 0.529375 0.556458 0.511562 0.545208 0.491563 0.543958 0.469219 0.561458 0.438125 0.57 0.430156 0.564792 0.426406 0.561667 0.418125 0.563333 0.404531 0.571042 0.397969 0.585833 0.393437 0.614375 0.391875 0.65125 0.393437 0.662292 0.398438 0.675417 0.400625
12 0.610625 0.486094 0.607708 0.470937 0.611667 0.459063 0.622083 0.447969 0.636875 0.441719 0.66375 0.437188 0.697917 0.437188 0.72125 0.444844 0.738958 0.456562 0.74625 0.465156 0.747292 0.476719 0.737917 0.49625 0.755 0.545156 0.75375 0.56625 0.7425 0.580781 0.729167 0.588438 0.705 0.597031 0.678125 0.602031 0.652917 0.602812 0.624792 0.5975 0.595208 0.582656 0.581667 0.56625 0.575833 0.549375 0.575833 0.537813 0.591875 0.501875 0.611042 0.487031
12 0.418958 0.484219 0.413125 0.461875 0.41875 0.451094 0.436042 0.44125 0.45375 0.437188 0.475833 0.433906 0.536667 0.443438 0.555625 0.452969 0.560417 0.467656 0.553958 0.488594 0.559792 0.494531 0.577917 0.538594 0.579167 0.565 0.572917 0.593594 0.5475 0.604844 0.491458 0.61625 0.429792 0.607187 0.404583 0.596094 0.39 0.573906 0.389167 0.545312 0.396667 0.527344 0.404583 0.519219 0.411458 0.497031 0.422292 0.488281
12 0.22625 0.485625 0.2175 0.469844 0.215208 0.457813 0.221875 0.44625 0.241042 0.435937 0.265 0.429844 0.2975 0.426406 0.328333 0.426406 0.354583 0.434688 0.365208 0.446563 0.37125 0.461875 0.368542 0.469531 0.361042 0.475938 0.378333 0.494531 0.393125 0.533594 0.391458 0.567812 0.374375 0.59125 0.349792 0.600781 0.32625 0.605312 0.277708 0.606094 0.24125 0.598437 0.2225 0.5875 0.210833 0.570781 0.208542 0.545156 0.216458 0.515 0.230417 0.488281
12 0.000833333 0.460313 0.016875 0.44875 0.06 0.439687 0.102708 0.436094 0.134167 0.438125 0.154375 0.445625 0.162292 0.458906 0.157083 0.476875 0.171667 0.491406 0.182083 0.507188 0.190833 0.544375 0.189167 0.590156 0.183125 0.604844 0.165417 0.623437 0.145208 0.63375 0.108333 0.6425 0.065625 0.6425 0.0158333 0.635 0.00208333 0.630156 0 0.526719 0.00354167 0.501875 0.000416667 0.496719
12 0.0510417 0.51625 0.06125 0.525625 0.0708333 0.542188 0.070625 0.568281 0.086875 0.578594 0.111042 0.604375 0.124583 0.627344 0.126458 0.653906 0.114792 0.683281 0.07625 0.72625 0.044375 0.733437 0.0352083 0.738594 0 0.74375 0.00166667 0.690312 0 0.641563 0.0025 0.606563 0.00166667 0.572813 0 0.560156 0 0.533125 0.00166667 0.518594 0 0.50875
12 0.36625 0.593906 0.374167 0.610938 0.377917 0.660937 0.360833 0.687188 0.347708 0.692344 0.342917 0.697813 0.316042 0.713125 0.30125 0.716562 0.244375 0.715781 0.222292 0.711719 0.195833 0.70375 0.188958 0.694375 0.17125 0.681719 0.161458 0.668906 0.156667 0.652187 0.154792 0.601875 0.160208 0.582188 0.17 0.569688 0.163958 0.558594 0.16125 0.536562 0.166667 0.522031 0.174167 0.512188 0.199375 0.496875 0.221042 0.489375 0.258125 0.487344 0.301667 0.491563 0.32375 0.498437 0.339583 0.510469 0.343958 0.519375 0.339792 0.545 0.349792 0.5575 0.362917 0.588594
12 0.41 0.566875 0.403125 0.553125 0.403125 0.529219 0.40875 0.519219 0.43125 0.505469 0.45875 0.499062 0.512917 0.499062 0.538333 0.502969 0.567083 0.513281 0.574167 0.519375 0.583125 0.537344 0.584167 0.558594 0.578333 0.573281 0.59875 0.624688 0.594167 0.676875 0.579375 0.702656 0.541042 0.714531 0.494583 0.717969 0.4725 0.717187 0.450208 0.713125 0.421875 0.69875 0.396667 0.675312 0.388542 0.65625 0.386667 0.6425 0.391042 0.597344 0.397708 0.582188 0.410625 0.567969
12 0.643125 0.527813 0.649792 0.517969 0.675208 0.508437 0.6975 0.504063 0.718125 0.504219 0.758125 0.509219 0.799167 0.522656 0.807708 0.527656 0.814375 0.537344 0.819167 0.547187 0.819167 0.568438 0.813958 0.579688 0.805417 0.588906 0.8125 0.594531 0.815208 0.602187 0.816042 0.664687 0.809167 0.679219 0.793958 0.694063 0.764167 0.714687 0.74875 0.720938 0.723333 0.725625 0.684375 0.725625 0.659583 0.719531 0.628333 0.699531 0.611458 0.682656 0.597083 0.642344 0.601875 0.611094 0.61125 0.591094 0.636667 0.565 0.632292 0.546719 0.642292 0.530312
12 0.692083 0.686719 0.69625 0.658438 0.706875 0.642969 0.720208 0.63125 0.750208 0.618281 0.785417 0.613438 0.806458 0.613438 0.82125 0.615469 0.854167 0.625625 0.907083 0.648281 0.936667 0.672031 0.950208 0.69125 0.953542 0.713125 0.945833 0.742812 0.935 0.754063 0.93375 0.777656 0.941458 0.798906 0.940833 0.837813 0.914583 0.890312 0.900625 0.911562 0.881458 0.929531 0.864583 0.938594 0.828542 0.948438 0.801042 0.949062 0.727708 0.937813 0.683542 0.911719 0.659375 0.889844 0.637083 0.845156 0.631667 0.817812 0.63375 0.778906 0.638958 0.760938 0.666875 0.73 0.675 0.704531 0.681667 0.694531 0.692083 0.687031
12 0.383125 0.717031 0.383125 0.695 0.3925 0.664844 0.398958 0.655 0.419375 0.641406 0.453958 0.631406 0.498542 0.625781 0.516042 0.625781 0.547292 0.631094 0.567708 0.636562 0.600417 0.650625 0.615417 0.665312 0.625833 0.69 0.617292 0.738125 0.625833 0.747656 0.64125 0.783281 0.6425 0.80875 0.637917 0.82625 0.636875 0.862187 0.624167 0.896094 0.612292 0.915625 0.597917 0.928438 0.56875 0.946094 0.531875 0.960156 0.500833 0.964844 0.476042 0.964375 0.460625 0.962344 0.406458 0.946719 0.382708 0.932031 0.350208 0.882969 0.343542 0.841719 0.343542 0.809688 0.365 0.742812 0.384583 0.724688
12 0.00583333 0.699062 0.0158333 0.672813 0.0325 0.656406 0.061875 0.637656 0.103333 0.623437 0.16625 0.613438 0.231875 0.621406 0.2525 0.63125 0.268958 0.649687 0.273125 0.658438 0.273958 0.696719 0.290625 0.707812 0.306667 0.725781 0.33125 0.791406 0.33 0.814844 0.310833 0.866094 0.289792 0.898594 0.271042 0.917031 0.215625 0.944375 0.1675 0.952187 0.0964583 0.948594 0.0725 0.9425 0.0514583 0.93 0.0383333 0.915312 0.0320833 0.902656 0.0227083 0.89375 0.0191667 0.882031 0.011875 0.871406 0.0110417 0.858281 0.005625 0.842656 0.00583333 0.796094 0.02 0.752656 0.0175 0.742188 0.0108333 0.733125
