12 0.674167 0.4675 0.673542 0.447813 0.680625 0.434063 0.695417 0.429375 0.705833 0.427187 0.744583 0.426719 0.774375 0.431719 0.793542 0.439531 0.802708 0.450313 0.807917 0.463594 0.805833 0.470469 0.792708 0.483594 0.803333 0.505781 0.806042 0.540625 0.799792 0.555625 0.781458 0.572187 0.749375 0.58375 0.690833 0.582969 0.677917 0.579688 0.659792 0.565937 0.650625 0.556562 0.641667 0.539062 0.63875 0.516563 0.651458 0.4875 0.65875 0.478594 0.674583 0.468438
12 0.73875 0.534844 0.736875 0.514531 0.743333 0.503125 0.760625 0.495156 0.791667 0.489844 0.817292 0.489844 0.843542 0.495937 0.880625 0.510469 0.89875 0.524062 0.904167 0.542031 0.888333 0.573594 0.902917 0.612344 0.898333 0.626563 0.901042 0.642969 0.896667 0.657813 0.866875 0.684219 0.820417 0.69625 0.773958 0.697813 0.726458 0.690781 0.71125 0.683906 0.701875 0.674531 0.691667 0.657969 0.684583 0.629219 0.686458 0.605156 0.692708 0.58875 0.710625 0.561406 0.73875 0.535156
12 0.530625 0.532969 0.532292 0.512656 0.5425 0.499219 0.558958 0.487656 0.5725 0.484375 0.611875 0.481719 0.641042 0.485625 0.662917 0.494844 0.679375 0.507188 0.686667 0.516875 0.689583 0.5275 0.689583 0.535781 0.678958 0.550156 0.687708 0.567656 0.696042 0.618906 0.693958 0.648125 0.679792 0.666406 0.6725 0.670781 0.632708 0.680625 0.584375 0.68125 0.540833 0.675781 0.5275 0.672031 0.51375 0.664375 0.496875 0.64125 0.492083 0.61 0.497708 0.585938 0.505833 0.567656 0.518542 0.54875 0.531875 0.538438
12 0.321458 0.530781 0.31625 0.503437 0.322708 0.492031 0.33375 0.483125 0.350417 0.474844 0.365417 0.472031 0.42125 0.472031 0.44125 0.475312 0.46125 0.483906 0.474167 0.500312 0.475208 0.523438 0.4725 0.531719 0.486875 0.550469 0.498958 0.587969 0.495625 0.629687 0.488125 0.645156 0.47 0.666719 0.452292 0.673594 0.425417 0.677187 0.412083 0.682031 0.369167 0.684063 0.336042 0.676562 0.308125 0.655156 0.295417 0.637188 0.290417 0.621719 0.290417 0.606563 0.293333 0.586875 0.300417 0.568125 0.313333 0.541563 0.322292 0.532656
12 0.0695833 0.524844 0.0725 0.516875 0.0960417 0.499531 0.115625 0.491406 0.168333 0.485156 0.204167 0.485781 0.227917 0.491875 0.247917 0.508125 0.255208 0.529531 0.25125 0.538594 0.271458 0.569063 0.2875 0.611563 0.289167 0.634062 0.28 0.654062 0.240833 0.689063 0.218542 0.700156 0.183125 0.705313 0.160208 0.705313 0.131042 0.702813 0.104167 0.695156 0.079375 0.680781 0.065 0.661719 0.0577083 0.642344 0.0577083 0.625156 0.065 0.592812 0.081875 0.565469 0.0722917 0.559688 0.06875 0.550938 0.0714583 0.543125
12 0.04125 0.58625 0.08125 0.581406 0.111458 0.582031 0.138125 0.588125 0.156875 0.597813 0.172708 0.61125 0.179167 0.629219 0.179792 0.653281 0.188125 0.657813 0.194792 0.672656 0.21125 0.690156 0.2225 0.714063 0.226875 0.731719 0.227708 0.779062 0.209583 0.809688 0.190833 0.828281 0.170208 0.83875 0.104167 0.860781 0 0.865938 0.000416667 0.597187
12 0.2775 0.64 0.272917 0.626875 0.272917 0.612031 0.277917 0.599219 0.301042 0.575469 0.328542 0.56375 0.354375 0.558437 0.402708 0.558437 0.428542 0.565937 0.468542 0.587344 0.478542 0.60375 0.4775 0.61875 0.46875 0.63625 0.477917 0.641563 0.492708 0.664375 0.498333 0.67875 0.498333 0.694531 0.492917 0.735781 0.485 0.757656 0.467292 0.782656 0.4525 0.794687 0.438333 0.800469 0.418125 0.804063 0.334583 0.804063 0.307708 0.797031 0.276458 0.778438 0.261458 0.754219 0.256458 0.725 0.262083 0.710781 0.265208 0.672187 0.2775 0.641875
12 0.545833 0.635938 0.543542 0.620313 0.551042 0.594375 0.570625 0.5775 0.594583 0.570937 0.6325 0.568281 0.678542 0.573594 0.693125 0.583437 0.716042 0.587031 0.736458 0.61 0.743542 0.623437 0.744583 0.645 0.732917 0.674531 0.745833 0.718438 0.745833 0.746563 0.731458 0.774531 0.721042 0.788125 0.690833 0.814844 0.670417 0.825156 0.646875 0.830469 0.569792 0.819219 0.563958 0.813594 0.545625 0.807344 0.538125 0.796094 0.515 0.774062 0.501667 0.735781 0.502917 0.718281 0.516042 0.682813 0.53625 0.643437 0.545833 0.637813
12 0.818125 0.592344 0.836042 0.583281 0.859167 0.578906 0.893542 0.579844 0.925833 0.585156 0.940625 0.58875 0.975417 0.604531 1 0.625469 1 0.738594 0.995833 0.773281 0.991875 0.787344 0.974375 0.81375 0.943958 0.831563 0.919792 0.836719 0.875 0.836719 0.811875 0.827812 0.79125 0.819063 0.774583 0.805312 0.753333 0.792656 0.736875 0.768594 0.735417 0.745 0.742083 0.710469 0.760625 0.676562 0.775208 0.663125 0.78375 0.64875 0.804167 0.636094 0.802708 0.618281 0.805833 0.606875 0.812917 0.597187
12 1 0.747969 1 1 0.810417 1 0.796458 0.970938 0.796458 0.947969 0.801458 0.923594 0.82625 0.881563 0.848542 0.851406 0.866458 0.835469 0.899167 0.8175 0.910208 0.813594 0.932083 0.81125 0.937292 0.787813 0.956667 0.765313 0.974583 0.754375 0.998333 0.749219
12 0.586667 0.84 0.590208 0.816406 0.598125 0.80375 0.630417 0.778125 0.6425 0.771406 0.65875 0.766719 0.708542 0.760625 0.735833 0.760781 0.766458 0.769062 0.794375 0.781094 0.82375 0.79875 0.863333 0.834219 0.877292 0.85 0.888125 0.874531 0.889167 0.906563 0.866875 0.949062 0.873125 0.978906 0.865208 0.999375 0.51625 0.999375 0.512917 0.965625 0.5225 0.93375 0.553542 0.872344 0.572917 0.85 0.586667 0.840156
12 0.186042 0.798281 0.204167 0.776875 0.218333 0.767344 0.264375 0.751719 0.290833 0.745625 0.33625 0.744219 0.374375 0.748125 0.395 0.754375 0.432708 0.775 0.457083 0.804063 0.458542 0.857187 0.482292 0.90125 0.49 0.934375 0.489167 0.962813 0.481042 0.999531 0.149167 0.999531 0.145417 0.993281 0.144375 0.968281 0.157917 0.915 0.166875 0.897188 0.160417 0.878594 0.159583 0.847969 0.173542 0.812969 0.184792 0.799844
12 0.0110417 0.7575 0.0275 0.767344 0.0460417 0.785313 0.0579167 0.819688 0.10125 0.85375 0.128125 0.882656 0.138542 0.909375 0.145 0.973437 0.140833 1 0 0.999531 0.000416667 0.755
