12 0.413333 0.627969 0.37875 0.62625 0.346667 0.615 0.333125 0.605781 0.32375 0.593906 0.319375 0.580156 0.307292 0.560156 0.305833 0.550469 0.308542 0.520312 0.325 0.478125 0.333125 0.466719 0.327083 0.438594 0.334167 0.416719 0.355208 0.398125 0.37 0.3925 0.403958 0.387813 0.438958 0.389688 0.476875 0.39625 0.496458 0.407031 0.509375 0.420625 0.516667 0.442656 0.508958 0.470313 0.51 0.478125 0.527292 0.507188 0.527292 0.555469 0.5175 0.584219 0.501667 0.602969 0.485625 0.613125 0.439167 0.623906
12 0.373333 0.348281 0.378333 0.33 0.391667 0.315156 0.411667 0.305 0.435833 0.301406 0.471458 0.302344 0.495833 0.306094 0.515833 0.316094 0.529167 0.330937 0.533958 0.349219 0.529375 0.367188 0.516458 0.381875 0.528333 0.394844 0.539583 0.441875 0.537083 0.467812 0.518125 0.493125 0.483333 0.508437 0.439792 0.515469 0.42375 0.515156 0.399583 0.51 0.377292 0.500938 0.364792 0.492656 0.354167 0.48 0.347083 0.458125 0.347083 0.431406 0.35625 0.398281 0.376667 0.363125
12 0.365 0.274062 0.3675 0.262188 0.37625 0.250937 0.391667 0.242188 0.406875 0.23875 0.449167 0.23875 0.468333 0.243594 0.48375 0.250937 0.490833 0.258594 0.494792 0.27 0.487708 0.290937 0.49375 0.29625 0.500625 0.318594 0.506042 0.369375 0.501875 0.381719 0.485417 0.397344 0.459167 0.404375 0.4175 0.404375 0.377083 0.396406 0.358542 0.383437 0.350625 0.367031 0.350625 0.345313 0.361875 0.298281 0.373958 0.289844 0.368125 0.284062
12 0.166458 0.353437 0.157917 0.343125 0.155208 0.332344 0.158125 0.311719 0.165833 0.303906 0.195 0.288125 0.2275 0.284219 0.256458 0.284219 0.288958 0.293125 0.300208 0.299531 0.314167 0.313125 0.316667 0.333437 0.312083 0.345625 0.32625 0.360156 0.336875 0.378906 0.343125 0.400625 0.344375 0.424375 0.339167 0.437812 0.307917 0.461875 0.284583 0.470781 0.25125 0.476562 0.2325 0.475469 0.187083 0.462656 0.161875 0.445937 0.151667 0.432031 0.146042 0.410625 0.147708 0.385156 0.166875 0.35375
12 0.003125 0.270313 0.0439583 0.272031 0.061875 0.277344 0.0760417 0.285625 0.084375 0.295938 0.0883333 0.312031 0.121458 0.353281 0.135833 0.385937 0.14125 0.43625 0.137083 0.448125 0.125833 0.456406 0.0845833 0.472969 0.0427083 0.480469 0.01625 0.47875 0.00125 0.47125 0 0.458594 0.00229167 0.270469
12 0.208333 0.374375 0.227917 0.379375 0.253125 0.399219 0.26625 0.425625 0.266042 0.447031 0.274375 0.461094 0.287708 0.471406 0.300417 0.5 0.304792 0.539219 0.300833 0.569844 0.289792 0.589844 0.269583 0.601562 0.235208 0.6125 0.199792 0.618125 0.154792 0.618125 0.136875 0.614219 0.108958 0.599375 0.093125 0.587812 0.0914583 0.58125 0.0760417 0.564375 0.0629167 0.516563 0.0629167 0.499688 0.0735417 0.46875 0.06125 0.453437 0.0575 0.442188 0.0589583 0.41375 0.0675 0.403438 0.0841667 0.396563 0.0902083 0.387344 0.110833 0.380469 0.128125 0.378594 0.140208 0.373437
12 0.329375 0.581719 0.328542 0.565156 0.335 0.550938 0.351458 0.534531 0.37625 0.527344 0.402917 0.527344 0.443542 0.534844 0.461875 0.535781 0.478125 0.546719 0.485625 0.559219 0.488125 0.582969 0.483958 0.594688 0.474792 0.601875 0.480625 0.609063 0.487292 0.644844 0.485208 0.676094 0.476875 0.689219 0.444375 0.713594 0.418333 0.719219 0.375625 0.718438 0.34625 0.71 0.33125 0.702656 0.318958 0.691094 0.304583 0.667969 0.301875 0.651719 0.315625 0.603125 0.329375 0.582031
12 0.115 0.596094 0.115 0.579531 0.12 0.560937 0.128542 0.546875 0.143958 0.534375 0.20125 0.53 0.229375 0.535 0.24875 0.541563 0.265 0.562344 0.270208 0.59125 0.286875 0.599531 0.291875 0.604844 0.304583 0.6275 0.30625 0.65875 0.291875 0.682813 0.266875 0.703437 0.2375 0.71625 0.202292 0.721094 0.160833 0.720156 0.143958 0.710469 0.11875 0.678125 0.111875 0.663594 0.108542 0.642188 0.112292 0.619375 0.117917 0.609531 0.115 0.596406
12 0.0391667 0.522969 0.0491667 0.527969 0.0558333 0.535469 0.0602083 0.560156 0.0864583 0.581406 0.119583 0.618594 0.12625 0.642188 0.12625 0.666875 0.122917 0.677344 0.0995833 0.706875 0.0772917 0.718281 0.0141667 0.732969 0.000416667 0.731875 0.000208333 0.517969 0.03125 0.52125
12 0.0314583 0.677813 0.0783333 0.659219 0.103333 0.654219 0.131042 0.655938 0.156667 0.662656 0.173333 0.670937 0.188125 0.691875 0.222917 0.715781 0.2425 0.740313 0.252292 0.765 0.252292 0.7875 0.246042 0.807031 0.219792 0.841719 0.211458 0.845156 0.190208 0.861406 0.12375 0.873281 0.09625 0.873281 0.0677083 0.86875 0.0435417 0.854375 0.0154167 0.823125 0.00625 0.783906 0.00770833 0.779062 0 0.752969 0.000416667 0.717812 0 0.707344
