12 0.54375 0.363594 0.551875 0.349219 0.568542 0.344062 0.609167 0.346562 0.625417 0.352187 0.630625 0.362656 0.624375 0.37375 0.6325 0.38125 0.642708 0.415 0.639167 0.431094 0.627292 0.444688 0.617083 0.45 0.567292 0.450156 0.551667 0.443594 0.541042 0.433125 0.53375 0.418906 0.537708 0.388906 0.548125 0.372969
12 0.582083 0.395 0.588542 0.38375 0.598125 0.379375 0.623958 0.374688 0.662917 0.379688 0.674167 0.385 0.681042 0.399375 0.67375 0.41125 0.683958 0.429219 0.689792 0.452813 0.683958 0.471719 0.667083 0.487187 0.646042 0.492812 0.618125 0.492188 0.589583 0.484844 0.579583 0.477344 0.572917 0.466563 0.56875 0.448437 0.576875 0.419063 0.589375 0.406875 0.583958 0.401719
12 0.454167 0.40625 0.451458 0.395 0.457292 0.383437 0.479167 0.375625 0.516875 0.374688 0.541458 0.379844 0.550833 0.386094 0.555 0.397031 0.548333 0.408281 0.560208 0.425312 0.567708 0.44375 0.568958 0.466094 0.56125 0.479844 0.532708 0.491563 0.518958 0.494219 0.481875 0.493281 0.45 0.480625 0.437083 0.464219 0.435625 0.448437 0.441458 0.423281 0.456042 0.408906
12 0.314792 0.392656 0.31875 0.383437 0.328958 0.377812 0.345625 0.374219 0.385833 0.373281 0.397917 0.374375 0.409375 0.379219 0.41625 0.390781 0.410625 0.402813 0.421875 0.417969 0.429583 0.446094 0.430833 0.464219 0.424375 0.477344 0.405625 0.486719 0.362292 0.491406 0.333125 0.4875 0.307708 0.472969 0.302083 0.460469 0.305208 0.444219 0.3125 0.422344 0.324792 0.406094 0.3175 0.400469
12 0.178542 0.391406 0.19875 0.383906 0.243958 0.381406 0.258333 0.384687 0.271875 0.39125 0.27625 0.401719 0.270417 0.4125 0.28125 0.420937 0.299375 0.459687 0.295417 0.484531 0.284375 0.496719 0.272917 0.50375 0.257292 0.506563 0.212708 0.506094 0.195625 0.503594 0.181042 0.497031 0.169375 0.48625 0.162083 0.470469 0.165833 0.435625 0.168958 0.428594 0.177917 0.421406 0.169583 0.415781 0.165833 0.406094 0.169167 0.397344 0.178125 0.391719
12 0.126667 0.472656 0.121875 0.463281 0.12125 0.449531 0.12375 0.442031 0.136667 0.432969 0.177708 0.424844 0.213333 0.425312 0.228125 0.4275 0.240417 0.432969 0.2475 0.439687 0.251458 0.450469 0.243333 0.4675 0.264792 0.48875 0.2775 0.522969 0.275625 0.539219 0.265 0.554844 0.247708 0.569063 0.235208 0.57375 0.216667 0.575937 0.160625 0.576562 0.147292 0.573125 0.119375 0.56 0.113125 0.553281 0.109792 0.535313 0.112083 0.519219 0.128542 0.474531
12 0.418542 0.426563 0.421042 0.442656 0.415833 0.452969 0.430417 0.471094 0.436875 0.484687 0.437083 0.498437 0.43125 0.523125 0.422708 0.538281 0.409375 0.542812 0.398958 0.550312 0.361042 0.554063 0.317292 0.549531 0.296458 0.541406 0.286458 0.529062 0.285 0.521563 0.292917 0.480312 0.303333 0.465625 0.314375 0.456094 0.308542 0.449062 0.303125 0.434063 0.305625 0.422031 0.312708 0.416563 0.334167 0.410781 0.377917 0.409844 0.399167 0.412344 0.410833 0.4175 0.418125 0.42625
12 0.459375 0.442188 0.459792 0.431719 0.468542 0.422813 0.48125 0.413594 0.495833 0.410625 0.534583 0.41 0.555833 0.415781 0.569375 0.422344 0.578333 0.445469 0.57125 0.457656 0.58375 0.479844 0.585417 0.490781 0.578958 0.524531 0.566042 0.538438 0.553333 0.543906 0.5225 0.550781 0.493333 0.549375 0.470208 0.542031 0.457292 0.528438 0.449375 0.497031 0.457917 0.45875 0.463333 0.453437 0.459792 0.443281
12 0.615625 0.447813 0.611042 0.431719 0.6175 0.420312 0.633333 0.413906 0.668125 0.411719 0.698958 0.416875 0.714167 0.423438 0.723333 0.437344 0.722708 0.447344 0.717083 0.458281 0.72875 0.479844 0.73125 0.490781 0.73 0.507344 0.722292 0.528438 0.705417 0.537344 0.671458 0.546563 0.634375 0.544219 0.618333 0.54125 0.607292 0.535469 0.598333 0.520937 0.597083 0.481719 0.605417 0.462031 0.616875 0.450156
12 0.656042 0.50375 0.658542 0.488281 0.665625 0.479219 0.67625 0.472344 0.700417 0.466719 0.733542 0.467656 0.75625 0.471094 0.776667 0.478281 0.787292 0.485156 0.794375 0.494219 0.796875 0.505781 0.794583 0.515781 0.787917 0.525781 0.798542 0.563594 0.7925 0.603281 0.778125 0.627656 0.76 0.642188 0.7375 0.648281 0.675 0.644844 0.643542 0.630938 0.632083 0.621719 0.623125 0.605469 0.621458 0.561875 0.642292 0.522969 0.657292 0.511406
12 0.486875 0.5275 0.485208 0.510938 0.491875 0.494062 0.509167 0.482656 0.527708 0.479063 0.582292 0.478906 0.600208 0.483594 0.624792 0.497188 0.628125 0.512969 0.625 0.525 0.616042 0.535781 0.627292 0.560469 0.620833 0.610938 0.609792 0.642813 0.593125 0.653438 0.547917 0.661875 0.503125 0.659219 0.484167 0.651406 0.455833 0.627188 0.453125 0.620313 0.456875 0.584531 0.470833 0.547187 0.487708 0.529844
12 0.2825 0.531562 0.279375 0.512969 0.282917 0.500625 0.292083 0.490625 0.305 0.48375 0.327292 0.47875 0.364375 0.476406 0.396458 0.482812 0.413542 0.494062 0.42 0.510938 0.415 0.5275 0.425625 0.537344 0.435833 0.554219 0.445417 0.587344 0.444167 0.609687 0.432917 0.635938 0.423125 0.645312 0.381458 0.662188 0.365625 0.664375 0.327708 0.6625 0.304792 0.656875 0.287917 0.64625 0.274583 0.632344 0.266042 0.600781 0.2675 0.577031 0.277708 0.541563 0.283333 0.533125
12 0.0675 0.544687 0.0591667 0.5225 0.0652083 0.506406 0.080625 0.495 0.11125 0.485938 0.147292 0.481719 0.188542 0.484219 0.202083 0.491094 0.21625 0.506094 0.220833 0.520469 0.219792 0.527344 0.241458 0.55 0.260833 0.597656 0.259375 0.621719 0.245625 0.64875 0.208958 0.669375 0.168125 0.678438 0.105208 0.673906 0.075 0.651406 0.0670833 0.631563 0.06125 0.604531 0.0625 0.571562 0.0654167 0.56 0.07375 0.550312
