12 0.753125 0.350625 0.758125 0.332344 0.771458 0.3175 0.796458 0.306562 0.826667 0.306094 0.844167 0.309219 0.884375 0.307969 0.913542 0.313281 0.92875 0.312188 0.95875 0.320781 0.972292 0.335625 0.977083 0.354687 0.970625 0.375625 0.952917 0.391719 0.968958 0.41625 0.984792 0.458594 0.982708 0.495469 0.974583 0.515625 0.964375 0.530938 0.95 0.545312 0.9275 0.558594 0.89 0.570156 0.875 0.571562 0.835833 0.570469 0.7825 0.562969 0.755833 0.552969 0.721667 0.525 0.711875 0.459375 0.713333 0.448906 0.72625 0.412812 0.761667 0.374063 0.755417 0.362969
12 0.495833 0.336562 0.5 0.319531 0.511875 0.305312 0.538125 0.297187 0.591667 0.295625 0.644167 0.303437 0.650833 0.3025 0.683333 0.311094 0.690833 0.316094 0.696667 0.335 0.691667 0.353125 0.684792 0.360781 0.710208 0.403594 0.723958 0.451406 0.726458 0.480938 0.719583 0.507031 0.707708 0.523906 0.6825 0.542188 0.645208 0.556719 0.622083 0.56 0.567292 0.557344 0.517708 0.542188 0.488333 0.526094 0.475417 0.514687 0.463333 0.497344 0.461667 0.465469 0.481875 0.400469 0.502292 0.356719 0.500625 0.354844
12 0.0147917 0.298281 0.0533333 0.298281 0.0852083 0.294219 0.109583 0.297812 0.129375 0.307969 0.142708 0.322813 0.147708 0.341094 0.143958 0.357656 0.157917 0.364844 0.168542 0.374375 0.175625 0.385781 0.188333 0.430938 0.188333 0.463906 0.181875 0.501719 0.1675 0.525781 0.156667 0.535 0.109167 0.552969 0.054375 0.560312 0.001875 0.560937 0 0.432969 0.0025 0.399531 0 0.368438 0 0.300625
12 0.00604167 0.337812 0.0302083 0.341562 0.0502083 0.351562 0.0635417 0.366563 0.0685417 0.384687 0.0635417 0.402969 0.056875 0.410313 0.0997917 0.4475 0.122292 0.476875 0.152083 0.544219 0.15125 0.587344 0.138125 0.616875 0.123958 0.637031 0.109375 0.648125 0.0495833 0.675625 0.00166667 0.682344 0 0.672656 0.00354167 0.656875 0 0.59375 0.00354167 0.534062 0 0.452969 0.0025 0.435937 0 0.422031 0.00354167 0.400469 0 0.377031 0 0.339062
12 0.202917 0.330937 0.203542 0.314063 0.220625 0.305312 0.261042 0.299063 0.315833 0.297969 0.370625 0.30375 0.395 0.309375 0.398958 0.31375 0.403958 0.332031 0.398958 0.351094 0.393542 0.357187 0.41 0.372031 0.422292 0.404687 0.431458 0.471406 0.42375 0.504844 0.415417 0.521094 0.390625 0.544531 0.370417 0.554844 0.337083 0.558594 0.275833 0.55125 0.252708 0.544219 0.234583 0.534219 0.22 0.521563 0.206458 0.503437 0.1975 0.467187 0.199583 0.402031 0.21875 0.364375 0.206667 0.353281
12 0.981875 0.352969 1 0.356875 1 0.376563 1 0.405 0.999792 0.423906 1 0.474375 1 0.6275 1 0.644062 1 0.690469 0.965417 0.695 0.930625 0.691563 0.877708 0.680469 0.849583 0.669844 0.827292 0.657031 0.810625 0.636875 0.788958 0.588438 0.782083 0.562344 0.782083 0.548438 0.791042 0.493281 0.804583 0.470313 0.852917 0.4175 0.846875 0.3975 0.851875 0.379219 0.865208 0.364219 0.885 0.354219 0.909375 0.350625 0.981458 0.352969
12 0.5125 0.3975 0.5175 0.379219 0.530833 0.364219 0.550625 0.354219 0.575 0.350625 0.650833 0.350625 0.75 0.363281 0.77 0.373437 0.783333 0.388281 0.788125 0.406562 0.783333 0.425625 0.77 0.440469 0.755625 0.447656 0.775625 0.472344 0.786042 0.505469 0.775208 0.625625 0.769167 0.636562 0.737292 0.669375 0.698125 0.687344 0.673958 0.690937 0.657708 0.689375 0.622292 0.691719 0.546042 0.679844 0.534375 0.674844 0.488542 0.644375 0.478542 0.627969 0.464167 0.573906 0.473333 0.535 0.473958 0.516406 0.484167 0.488125 0.515 0.435781 0.526458 0.426563 0.515833 0.412344
12 0.75 0.650938 0.755417 0.631719 0.779583 0.604063 0.792917 0.594531 0.809792 0.588125 0.828958 0.585938 0.875 0.587812 0.927083 0.598281 0.945208 0.609219 0.959583 0.625156 0.970417 0.643125 0.972917 0.6625 0.966458 0.683281 0.949167 0.699219 0.959167 0.719062 0.965208 0.751563 0.961875 0.773906 0.963958 0.78625 0.95125 0.815781 0.926458 0.841094 0.902917 0.851875 0.853125 0.858281 0.8075 0.855 0.760833 0.835938 0.731875 0.815938 0.721458 0.799844 0.712083 0.776094 0.711458 0.733437 0.725833 0.688125 0.731667 0.677031 0.751042 0.659531
12 0.473958 0.660937 0.478542 0.643281 0.490833 0.62875 0.509583 0.618594 0.546875 0.609687 0.589167 0.608281 0.611042 0.610938 0.646875 0.620937 0.661458 0.628281 0.672917 0.638437 0.685208 0.652344 0.692292 0.674063 0.69125 0.684531 0.679583 0.704688 0.693333 0.721719 0.704375 0.757969 0.706667 0.812656 0.69625 0.845781 0.687083 0.857187 0.668333 0.870625 0.648125 0.878594 0.60125 0.885938 0.577083 0.8875 0.528125 0.884062 0.504167 0.878906 0.470833 0.865781 0.458125 0.858125 0.445 0.844531 0.43875 0.827187 0.436458 0.801094 0.445 0.752656 0.455208 0.717812 0.478125 0.682656 0.473958 0.66125
12 0.169167 0.682344 0.175833 0.648281 0.190417 0.633125 0.216875 0.620937 0.252917 0.612812 0.302083 0.605781 0.329583 0.604844 0.35875 0.610313 0.380625 0.624688 0.392292 0.638906 0.396458 0.655938 0.393333 0.6825 0.408542 0.702656 0.415417 0.717187 0.427292 0.745937 0.432917 0.774687 0.433958 0.82 0.431042 0.833906 0.418333 0.861563 0.404167 0.8775 0.360625 0.9025 0.315417 0.910625 0.264792 0.912344 0.228125 0.905312 0.182917 0.882656 0.1575 0.848125 0.151667 0.828281 0.157917 0.77 0.170417 0.737656 0.172708 0.719062 0.179167 0.707656 0.171875 0.695781
12 0.0316667 0.605781 0.0541667 0.608594 0.0722917 0.616406 0.0860417 0.628125 0.09375 0.642813 0.0975 0.659219 0.0945833 0.679688 0.109375 0.688438 0.12 0.700156 0.1375 0.725781 0.144375 0.742188 0.147917 0.760625 0.14625 0.798438 0.131458 0.837813 0.105625 0.868594 0.09 0.880156 0.0320833 0.905312 0 0.912969 0 0.824219 0.0025 0.807813 0 0.791094 0.00166667 0.772969 0 0.738906 0.00166667 0.715313 0 0.692344 0.005 0.658438 0 0.614062 0.00791667 0.609219
12 0.00833333 0.931406 0.00708333 0.919375 0.0108333 0.903594 0.02875 0.869375 0.04625 0.845469 0.0639583 0.827656 0.099375 0.807813 0.117292 0.7925 0.142292 0.784219 0.150833 0.77875 0.179583 0.773438 0.260417 0.776719 0.293333 0.783906 0.313542 0.794219 0.326667 0.808125 0.328542 0.814688 0.340208 0.828906 0.343958 0.848906 0.36625 0.900938 0.384792 0.941875 0.393333 0.951406 0.405417 1 0.279583 1 0.0204167 1 0.019375 0.987344 0.02875 0.969844 0.0145833 0.954531 0.009375 0.934219
12 0.444792 0.861563 0.447917 0.84125 0.454167 0.8275 0.466667 0.81125 0.492292 0.785937 0.519167 0.771406 0.575625 0.759531 0.605208 0.759531 0.626667 0.762344 0.671042 0.774062 0.703125 0.790781 0.726458 0.810156 0.743542 0.833125 0.752083 0.8525 0.756875 0.873125 0.756875 0.89875 0.749583 0.924531 0.763542 0.956719 0.765833 1 0.584375 0.99875 0.575208 1 0.553542 0.99875 0.536458 1 0.435833 1 0.408542 0.99875 0.413333 0.958906 0.429583 0.908281 0.450417 0.881094
12 0.999167 0.869844 1 0.919219 0.998125 0.935 1 0.960156 0.998125 0.97625 0.999167 0.997812 0.947292 0.997812 0.92625 1 0.873542 0.997812 0.815833 1 0.763958 1 0.747292 0.996094 0.74125 0.988125 0.7375 0.972188 0.7375 0.951562 0.753125 0.902187 0.766667 0.879219 0.815208 0.823594 0.835417 0.812031 0.840833 0.7825 0.847292 0.770937 0.8575 0.76125 0.880833 0.748281 0.915625 0.739844 0.945 0.737969 0.999167 0.749219 1 0.771875 0.998125 0.787344 1 0.838906
12 0.228125 0.552969 0.233125 0.534844 0.263542 0.506719 0.309375 0.49625 0.328125 0.495469 0.358333 0.50125 0.383125 0.518281 0.396667 0.533125 0.401458 0.551406 0.396667 0.569688 0.390833 0.576094 0.410625 0.592656 0.418125 0.614844 0.41625 0.621406 0.423333 0.633125 0.424167 0.652656 0.428958 0.670937 0.420833 0.709844 0.4075 0.724688 0.3875 0.734844 0.337917 0.740938 0.310417 0.741719 0.293333 0.74 0.281875 0.741719 0.256458 0.738125 0.236458 0.728125 0.218958 0.71125 0.208333 0.669375 0.208333 0.647813 0.227083 0.5925 0.239167 0.578125 0.233125 0.57125
12 0.189583 0.590313 0.205833 0.615938 0.206042 0.653281 0.191042 0.695312 0.183125 0.7025 0.159375 0.716094 0.130625 0.723437 0.107083 0.725938 0.0672917 0.721719 0.0464583 0.709531 0.0320833 0.696719 0.0183333 0.658125 0.019375 0.614531 0.0339583 0.593125 0.0441667 0.58625 0.0347917 0.576875 0.0389583 0.545 0.0558333 0.515625 0.08 0.505156 0.11 0.502188 0.145417 0.505156 0.165208 0.515156 0.17875 0.53 0.183542 0.548281 0.180208 0.563438 0.171042 0.576562
