12 0.561042 0.314531 0.562917 0.289062 0.597083 0.275938 0.64875 0.270937 0.676458 0.275312 0.68375 0.274062 0.750417 0.289219 0.762083 0.297344 0.754792 0.326719 0.741458 0.341562 0.73375 0.345469 0.759375 0.367969 0.771875 0.415625 0.769792 0.438281 0.760417 0.465313 0.746875 0.480156 0.731875 0.486875 0.709583 0.490625 0.59875 0.48875 0.583333 0.48375 0.55625 0.46375 0.542917 0.44875 0.537917 0.430469 0.539167 0.409844 0.548125 0.37625 0.561042 0.356719 0.581667 0.340156 0.56125 0.33 0.560833 0.315469
12 0.839375 0.342187 0.852708 0.357031 0.855625 0.367812 0.849167 0.388437 0.849792 0.397969 0.829167 0.414531 0.838958 0.429688 0.843125 0.443125 0.855417 0.513906 0.85 0.572187 0.840625 0.594219 0.812292 0.6225 0.776458 0.644062 0.752917 0.653906 0.719167 0.657969 0.645 0.65125 0.6 0.642344 0.575208 0.631719 0.551875 0.613125 0.540417 0.594531 0.533542 0.569063 0.534583 0.510469 0.543542 0.46875 0.558333 0.440469 0.581875 0.414687 0.581875 0.382031 0.57875 0.367031 0.583542 0.34875 0.596875 0.333906 0.616875 0.32375 0.64125 0.320156 0.774167 0.325 0.833125 0.339062
12 0.219583 0.35625 0.230208 0.344375 0.256458 0.334063 0.318958 0.325156 0.431042 0.325156 0.455417 0.32875 0.475208 0.33875 0.48875 0.35375 0.492083 0.36625 0.487708 0.391719 0.472083 0.407344 0.4975 0.428125 0.506875 0.442969 0.525417 0.490313 0.531042 0.509687 0.527708 0.565781 0.519583 0.595938 0.499167 0.626094 0.473542 0.646406 0.454583 0.656875 0.438333 0.661875 0.409167 0.665469 0.361875 0.665469 0.323542 0.661719 0.287292 0.652969 0.263125 0.641406 0.244375 0.622969 0.218125 0.580313 0.210208 0.553438 0.210208 0.52625 0.217917 0.477031 0.229375 0.436719 0.24375 0.414062 0.222708 0.397344 0.21625 0.36875
12 0.158542 0.2825 0.198958 0.289687 0.203958 0.295156 0.20875 0.313437 0.206458 0.32625 0.199792 0.337656 0.21625 0.3475 0.242292 0.374063 0.258333 0.419844 0.256042 0.450938 0.248542 0.481563 0.238958 0.499531 0.22625 0.512813 0.212292 0.522031 0.190833 0.530625 0.142917 0.536719 0.125417 0.536719 0.0808333 0.528594 0.0641667 0.519375 0.0514583 0.50625 0.0252083 0.465 0.01 0.411562 0.01125 0.389531 0.0183333 0.371563 0.03125 0.352187 0.00395833 0.335313 0.00520833 0.325781 0 0.305938 0.00854167 0.297812 0.0302083 0.291719 0.125208 0.281719
12 0.064375 0.549063 0.066875 0.535937 0.07375 0.524219 0.0845833 0.514531 0.116875 0.499062 0.156042 0.49625 0.180208 0.499844 0.200208 0.509844 0.213542 0.524844 0.218542 0.543125 0.212083 0.567969 0.227917 0.581094 0.240625 0.596875 0.249375 0.613594 0.255 0.641094 0.243958 0.679063 0.206458 0.703594 0.159167 0.712656 0.130833 0.712656 0.0952083 0.708906 0.0710417 0.700781 0.0535417 0.678281 0.0508333 0.635625 0.0547917 0.612656 0.0625 0.599375 0.0810417 0.582031 0.0685417 0.565937
12 0.121667 0.579375 0.146042 0.582969 0.165833 0.593125 0.179167 0.607969 0.184167 0.62625 0.17625 0.648906 0.198125 0.659844 0.21 0.669687 0.233125 0.700937 0.239167 0.722344 0.240833 0.747031 0.224167 0.802812 0.2125 0.82625 0.197292 0.847031 0.178958 0.863281 0.16 0.873594 0.122292 0.882969 0.0833333 0.886875 0.0120833 0.886875 0 0.885 0 0.816875 0.00333333 0.775625 0 0.731875 0.000625 0.681562 0 0.610938 0.008125 0.601406 0.0264583 0.591719 0.0458333 0.58625 0.121042 0.579375
12 0.011875 0.749844 0.0254167 0.764062 0.0410417 0.811406 0.0697917 0.821719 0.0860417 0.832031 0.1125 0.865156 0.13125 0.905156 0.136667 0.929063 0.136667 0.964687 0.126042 0.993594 0.119375 1 0.0827083 1 0.00145833 1 0 0.967031 0.003125 0.948438 0.003125 0.933281 0 0.866094 0.000416667 0.834375 0 0.819219 0.00229167 0.799375 0 0.782031 0 0.743906
12 0.121875 0.96875 0.121875 0.956875 0.139167 0.898594 0.121875 0.854688 0.121875 0.821406 0.127292 0.802344 0.172708 0.760313 0.191667 0.749219 0.219167 0.738281 0.245625 0.732187 0.287292 0.727031 0.3175 0.727031 0.344583 0.731719 0.37375 0.740313 0.39125 0.74875 0.404167 0.761094 0.416042 0.779375 0.422708 0.796563 0.424167 0.812187 0.459167 0.867656 0.468333 0.896562 0.477083 0.907344 0.484375 0.929531 0.482292 0.999062 0.140417 1 0.126875 0.986875
12 0.253333 0.646875 0.258542 0.627812 0.283542 0.599062 0.299375 0.58875 0.327708 0.580156 0.349167 0.577344 0.398333 0.579688 0.443958 0.599375 0.456458 0.612812 0.46375 0.635 0.460208 0.656719 0.471667 0.664219 0.487708 0.683437 0.493958 0.703281 0.503958 0.720938 0.506667 0.734687 0.506667 0.769219 0.497083 0.82 0.490417 0.832656 0.476458 0.845625 0.462917 0.853594 0.41875 0.863594 0.361667 0.865938 0.304792 0.855781 0.281667 0.846406 0.263542 0.832812 0.241042 0.806719 0.234375 0.793906 0.227917 0.760781 0.230625 0.722187 0.237292 0.708594 0.264792 0.675 0.25625 0.662344 0.253333 0.647344
12 0.533542 0.619531 0.537292 0.603437 0.547708 0.589844 0.563333 0.579531 0.608542 0.565312 0.635625 0.560781 0.662708 0.560781 0.710417 0.572031 0.7275 0.582812 0.741875 0.598125 0.747292 0.617031 0.745833 0.637188 0.733125 0.657188 0.745625 0.671563 0.75875 0.705469 0.761667 0.762031 0.752708 0.788906 0.72625 0.812656 0.703125 0.819844 0.678542 0.823125 0.59125 0.820625 0.559792 0.81375 0.535833 0.803281 0.51 0.7825 0.503125 0.768594 0.500417 0.740625 0.508333 0.711094 0.541667 0.645 0.535833 0.634062 0.533542 0.620156
12 0.533542 0.809531 0.536042 0.796406 0.533542 0.781094 0.538125 0.763437 0.550625 0.748906 0.573333 0.728281 0.592083 0.718281 0.622083 0.71 0.683333 0.707969 0.705417 0.711094 0.726875 0.717187 0.761458 0.731406 0.802708 0.757969 0.819792 0.776719 0.83125 0.809531 0.83125 0.846406 0.823958 0.868437 0.817917 0.876094 0.826667 0.88875 0.829583 0.903438 0.832917 0.979375 0.825208 1 0.783125 1 0.759167 0.999062 0.72875 1 0.70375 0.999062 0.67875 1 0.661042 0.999062 0.6375 1 0.501875 1 0.489375 0.962813 0.482917 0.92125 0.490833 0.888125 0.501875 0.867812 0.506042 0.85125 0.523542 0.825625 0.533958 0.815938 0.533542 0.810156
