12 0.985 0.272656 0.996875 0.281094 1 0.293281 1 0.3075 0.987292 0.356406 0.97875 0.36625 0.938125 0.3825 0.897292 0.384375 0.864583 0.380156 0.846042 0.373281 0.827708 0.362031 0.817917 0.35 0.81375 0.338438 0.81375 0.3075 0.822292 0.289219 0.841875 0.274219 0.82625 0.263906 0.821667 0.251719 0.824167 0.241406 0.830833 0.233906 0.840833 0.228906 0.852917 0.227031 0.897292 0.224688 0.975 0.224688 0.987083 0.226562 0.997083 0.231562 1 0.239063 1 0.248125 1 0.257656 0.984167 0.272031
12 0.793333 0.37875 0.795625 0.369844 0.801875 0.362656 0.811458 0.3575 0.848333 0.349375 0.889375 0.350625 0.92375 0.358906 0.932917 0.364063 0.938958 0.37125 0.94125 0.383594 0.933958 0.402344 0.921042 0.413281 0.936458 0.433125 0.942917 0.478594 0.935625 0.504375 0.925 0.519375 0.895417 0.531094 0.8325 0.534062 0.80125 0.528594 0.786875 0.522656 0.773125 0.514687 0.754583 0.498594 0.747292 0.480938 0.747292 0.461875 0.752083 0.442656 0.773958 0.413281 0.800625 0.395313 0.793333 0.379375
12 0.999583 0.412344 1 0.63375 0.923125 0.628906 0.881875 0.612969 0.861875 0.599062 0.848333 0.585625 0.843958 0.568906 0.843958 0.542656 0.849583 0.520312 0.85875 0.505469 0.899583 0.461562 0.91 0.456562 0.910417 0.434375 0.913542 0.425625 0.930625 0.413125 0.988333 0.410781
12 1 0.758594 0.954792 0.731719 0.937292 0.713438 0.922708 0.682188 0.922708 0.662344 0.926667 0.644688 0.946667 0.607031 0.959167 0.588594 0.992708 0.556875 0.999792 0.555312 1 0.665156
12 0.670625 0.447031 0.679792 0.426406 0.688958 0.415937 0.69875 0.410781 0.7325 0.405469 0.76 0.405469 0.788542 0.409062 0.8125 0.417812 0.837708 0.4325 0.844375 0.439531 0.849583 0.460156 0.845833 0.471562 0.832083 0.482812 0.848333 0.509687 0.853125 0.524844 0.860208 0.576406 0.854792 0.595313 0.84125 0.608594 0.799167 0.626406 0.777708 0.629687 0.708333 0.626406 0.669167 0.616406 0.651667 0.606719 0.634792 0.585469 0.630833 0.571562 0.630833 0.548438 0.637708 0.51625 0.645208 0.499375 0.673333 0.46125 0.670625 0.4475
12 0.721042 0.566563 0.721042 0.543594 0.72375 0.534062 0.730833 0.526563 0.757708 0.510469 0.784167 0.502812 0.854583 0.501875 0.866875 0.50375 0.925208 0.524844 0.945417 0.536406 0.957292 0.547969 0.961875 0.557969 0.962917 0.572344 0.953542 0.59625 0.943125 0.61 0.955208 0.649062 0.955208 0.675469 0.949583 0.709063 0.931042 0.745937 0.906458 0.767969 0.858958 0.785156 0.826042 0.788906 0.798542 0.788281 0.776875 0.784531 0.7625 0.775469 0.717083 0.759375 0.677708 0.725469 0.670417 0.715313 0.669375 0.705781 0.662292 0.693281 0.664167 0.67625 0.66125 0.664687 0.698125 0.592969 0.721042 0.566875
12 0.424167 0.461094 0.424167 0.452813 0.430417 0.43875 0.44375 0.425938 0.458125 0.419375 0.49 0.41375 0.538958 0.413125 0.57 0.423438 0.589167 0.437812 0.594375 0.445781 0.595625 0.455312 0.587917 0.470625 0.604375 0.508906 0.604375 0.580625 0.599375 0.595156 0.589167 0.608281 0.57375 0.618125 0.535833 0.630312 0.488333 0.632188 0.461458 0.625781 0.427708 0.607031 0.415417 0.589219 0.406667 0.5625 0.404375 0.51375 0.411875 0.493906 0.43125 0.475781
12 0.202292 0.485 0.19 0.467187 0.18875 0.459375 0.197292 0.43875 0.212292 0.4275 0.278333 0.412812 0.326458 0.415313 0.352708 0.424219 0.36125 0.435 0.364583 0.445781 0.366875 0.458594 0.364583 0.469688 0.37 0.477969 0.38125 0.486406 0.395417 0.527813 0.3975 0.577344 0.390208 0.595469 0.355625 0.619062 0.310208 0.628437 0.259583 0.630469 0.240208 0.626719 0.222292 0.619531 0.211667 0.61125 0.199375 0.595156 0.19 0.568281 0.191042 0.527813 0.198125 0.500781 0.207292 0.489531
12 0.0104167 0.428125 0.041875 0.421875 0.0858333 0.421875 0.126875 0.425938 0.143333 0.436875 0.149167 0.447031 0.14875 0.474219 0.154792 0.477813 0.17375 0.503437 0.17875 0.519531 0.174375 0.591406 0.167083 0.610781 0.159167 0.619844 0.133333 0.632031 0.0520833 0.643437 0.000416667 0.637813 0 0.433437
12 0.005625 0.507812 0.0291667 0.510156 0.050625 0.520469 0.0654167 0.539062 0.06875 0.56375 0.0814583 0.570781 0.103333 0.590781 0.119792 0.618906 0.135417 0.656719 0.135833 0.695937 0.1275 0.7275 0.106667 0.754063 0.04875 0.785313 0.0285417 0.791406 0.000208333 0.794375 0 0.508281
12 0.139167 0.5925 0.135833 0.560781 0.141875 0.537813 0.147083 0.531875 0.169167 0.518906 0.216667 0.503594 0.248542 0.499375 0.307708 0.502188 0.33625 0.510469 0.350417 0.520156 0.356667 0.529844 0.364375 0.550781 0.364375 0.567812 0.396667 0.617969 0.410625 0.653125 0.410625 0.684375 0.407083 0.698594 0.394792 0.738594 0.386667 0.746719 0.3625 0.763125 0.338333 0.775 0.307917 0.780469 0.287083 0.779687 0.269375 0.78375 0.251875 0.78375 0.225833 0.779219 0.199375 0.769844 0.179167 0.75875 0.153333 0.736563 0.138125 0.7075 0.13375 0.642344 0.13625 0.619375 0.143333 0.599375
12 0.4275 0.622188 0.430208 0.609844 0.4375 0.602187 0.468542 0.587031 0.522292 0.589219 0.541458 0.594375 0.559167 0.605312 0.56625 0.612812 0.56875 0.631094 0.577292 0.642344 0.585208 0.670625 0.58625 0.691563 0.578333 0.730938 0.575208 0.736406 0.556875 0.750781 0.534167 0.759531 0.498125 0.761094 0.466875 0.755156 0.450417 0.749375 0.42 0.731563 0.408333 0.699219 0.407292 0.682656 0.415208 0.657344 0.430208 0.637969 0.4275 0.6225
12 0.624792 0.613906 0.623542 0.5975 0.629792 0.583437 0.644792 0.572969 0.672708 0.566563 0.710833 0.565781 0.730625 0.569063 0.747708 0.574062 0.770208 0.588906 0.776667 0.597969 0.77875 0.61125 0.776875 0.619688 0.765208 0.634375 0.778125 0.6475 0.781458 0.657969 0.781458 0.6875 0.7625 0.730312 0.743125 0.746563 0.698958 0.757031 0.658542 0.755625 0.620833 0.746563 0.612083 0.742188 0.594375 0.726094 0.584167 0.703281 0.587917 0.675 0.613333 0.628281 0.624583 0.614687
12 1 0.893281 0.965625 0.894219 0.933958 0.889219 0.920208 0.884375 0.881875 0.864062 0.850833 0.838281 0.840417 0.808281 0.842917 0.782031 0.86375 0.758906 0.901458 0.734375 0.90125 0.718125 0.908542 0.699375 0.916042 0.691719 0.940625 0.677031 0.962292 0.6725 0.999167 0.671719 0.999792 0.830313
12 0.741667 0.906719 0.714375 0.908281 0.696042 0.90625 0.676667 0.900781 0.656042 0.888125 0.642708 0.875938 0.632083 0.856875 0.621042 0.824375 0.619792 0.796719 0.636667 0.758437 0.649167 0.75 0.662083 0.734531 0.662083 0.720625 0.668958 0.710938 0.686458 0.700937 0.719583 0.690312 0.764375 0.685469 0.828125 0.699219 0.848125 0.709688 0.856458 0.749062 0.853125 0.752344 0.850417 0.771406 0.841458 0.782031 0.845833 0.796719 0.847292 0.845313 0.838542 0.870469 0.823542 0.886562 0.802292 0.900313 0.767083 0.908281 0.745833 0.907188
12 0.423125 0.754219 0.424375 0.726562 0.431042 0.712031 0.46125 0.687344 0.482083 0.683281 0.522917 0.683281 0.550625 0.686719 0.575417 0.697344 0.588125 0.70875 0.603542 0.735781 0.600625 0.75625 0.613958 0.780938 0.618958 0.799687 0.620208 0.835313 0.605625 0.890625 0.594583 0.900938 0.566042 0.918125 0.535 0.926094 0.515 0.926094 0.473125 0.918125 0.443333 0.9075 0.418542 0.889062 0.408542 0.876563 0.403333 0.862969 0.400625 0.811562 0.404583 0.784062 0.415208 0.764531 0.423333 0.757188
12 0.168542 0.772656 0.169792 0.755938 0.185208 0.730469 0.201458 0.714531 0.230208 0.701406 0.256458 0.697656 0.294792 0.699688 0.315625 0.704688 0.339375 0.7175 0.356458 0.735469 0.360417 0.746875 0.360208 0.761719 0.379792 0.769219 0.384167 0.781562 0.394375 0.791406 0.403958 0.828125 0.403958 0.849844 0.397708 0.873281 0.367708 0.909531 0.343125 0.922031 0.328333 0.926562 0.285 0.932344 0.235208 0.925781 0.218333 0.919219 0.204792 0.918125 0.188125 0.905625 0.176667 0.892344 0.164583 0.847813 0.164583 0.823125 0.176042 0.799063 0.168542 0.781562 0.168542 0.773594
12 0.051875 0.68875 0.0777083 0.695312 0.115625 0.715 0.122708 0.722656 0.125417 0.742969 0.149167 0.76125 0.167917 0.789531 0.174375 0.808281 0.17125 0.880312 0.158333 0.906875 0.142083 0.923281 0.109375 0.941563 0.0691667 0.950469 0 0.951562 0.000416667 0.691563
12 0.876458 0.870156 0.896042 0.884219 0.918125 0.9075 0.929583 0.929844 0.931458 0.953281 0.928333 0.979688 0.911875 1 0.635 1 0.645 0.965781 0.663333 0.925469 0.689792 0.8925 0.693333 0.8825 0.711458 0.862656 0.730833 0.849219 0.767292 0.838281 0.787708 0.837813 0.823958 0.845625 0.851042 0.857187
12 0.36875 0.985 0.375417 0.967187 0.387083 0.952344 0.389583 0.925781 0.40875 0.894531 0.426667 0.879531 0.456458 0.86125 0.488333 0.854531 0.519375 0.854531 0.55625 0.864375 0.570833 0.872812 0.59875 0.897031 0.61 0.911719 0.623125 0.946719 0.634167 1 0.366042 1
12 0.0445833 0.994063 0.0441667 0.981875 0.0502083 0.959531 0.074375 0.9275 0.107917 0.898438 0.132708 0.883437 0.152083 0.876719 0.206667 0.869688 0.226042 0.871562 0.249167 0.877812 0.273542 0.895937 0.292708 0.9175 0.307708 0.925938 0.330208 0.945 0.345625 0.965938 0.355625 0.991563 0.352708 1 0.0460417 0.999844
12 0.762292 0.506094 0.79375 0.498906 0.832292 0.498906 0.862708 0.504375 0.934792 0.526094 0.960417 0.554063 0.961458 0.579219 0.9575 0.590625 0.949792 0.604375 0.939375 0.611875 0.948125 0.643594 0.949375 0.674219 0.925625 0.746406 0.917292 0.758125 0.906042 0.7675 0.887917 0.7775 0.869583 0.78375 0.846667 0.7875 0.8025 0.788281 0.754583 0.776406 0.694792 0.738594 0.667292 0.71 0.661875 0.700469 0.655833 0.6775 0.658333 0.661875 0.664792 0.654531 0.697292 0.593438 0.713542 0.573438 0.722083 0.568281 0.718542 0.547969 0.72375 0.530469 0.731042 0.523125 0.751042 0.511406
