12 0.579792 0.392969 0.587708 0.379531 0.602292 0.375 0.629167 0.376719 0.6425 0.383437 0.648958 0.394687 0.642917 0.407969 0.652083 0.423594 0.652917 0.434219 0.650625 0.447344 0.641875 0.460469 0.630208 0.465156 0.60375 0.465938 0.584583 0.462188 0.575417 0.45625 0.566042 0.439375 0.566042 0.422187 0.56875 0.414687 0.5825 0.400625
12 0.62875 0.413594 0.642708 0.410625 0.656458 0.411719 0.681042 0.420156 0.689583 0.438281 0.682083 0.450313 0.687917 0.464531 0.687292 0.484219 0.677708 0.497031 0.66 0.508437 0.635833 0.51 0.617083 0.506875 0.604792 0.501719 0.593542 0.490469 0.589792 0.476094 0.590625 0.464375 0.594792 0.455156 0.611875 0.440156 0.608958 0.430156 0.613958 0.42 0.626667 0.414687
12 0.4975 0.434219 0.504375 0.417969 0.523333 0.41 0.556042 0.411719 0.575625 0.420312 0.580208 0.430156 0.576875 0.442969 0.5825 0.457656 0.5825 0.480625 0.572708 0.503125 0.557917 0.507656 0.532083 0.510625 0.508125 0.509375 0.495833 0.5025 0.4875 0.4875 0.486042 0.465781 0.489792 0.451719 0.498958 0.440312
12 0.39 0.437812 0.385833 0.426719 0.389375 0.415937 0.405 0.407656 0.432708 0.405938 0.448125 0.40875 0.461458 0.414844 0.46875 0.42375 0.46625 0.439531 0.475625 0.453437 0.477917 0.463438 0.476042 0.483281 0.46375 0.498281 0.442708 0.508594 0.418125 0.511094 0.391875 0.504531 0.379792 0.497344 0.37375 0.485156 0.37375 0.471406 0.390208 0.438125
12 0.270833 0.442656 0.269792 0.433594 0.276667 0.422031 0.294792 0.414844 0.333958 0.414844 0.342292 0.4175 0.354375 0.427813 0.356458 0.440469 0.353542 0.448437 0.365833 0.463906 0.370208 0.48 0.367083 0.506094 0.355 0.522031 0.339375 0.528125 0.312083 0.531719 0.286042 0.529531 0.273333 0.523438 0.255625 0.499531 0.255 0.48875 0.256875 0.474531 0.272708 0.446719
12 0.650208 0.456562 0.6625 0.454063 0.693333 0.457813 0.718333 0.470781 0.721667 0.484844 0.712917 0.495 0.723958 0.519531 0.723958 0.535625 0.708542 0.55875 0.677083 0.564219 0.64125 0.560781 0.626667 0.554219 0.619167 0.546094 0.611875 0.531094 0.62125 0.499219 0.631042 0.485 0.627292 0.47375 0.633125 0.462812 0.6475 0.458125
12 0.50875 0.484687 0.506667 0.472656 0.513125 0.46125 0.527083 0.454063 0.5625 0.451875 0.582083 0.456719 0.597292 0.467031 0.600208 0.482344 0.592292 0.494531 0.601667 0.506875 0.604792 0.544219 0.586875 0.56125 0.545833 0.569688 0.509583 0.562969 0.497708 0.55125 0.490625 0.532813 0.495 0.505156 0.509167 0.485469
12 0.382917 0.477813 0.382917 0.471406 0.390833 0.458437 0.417917 0.447187 0.439375 0.4475 0.465417 0.455156 0.475 0.467187 0.472083 0.485156 0.483333 0.508125 0.485625 0.525312 0.484792 0.5425 0.469583 0.563281 0.451875 0.569531 0.426667 0.570781 0.392917 0.564688 0.385417 0.557969 0.375208 0.539062 0.372917 0.527656 0.374375 0.503906 0.385833 0.485781
12 0.247292 0.500156 0.243125 0.490313 0.245625 0.477031 0.259167 0.466875 0.291458 0.460938 0.308125 0.460938 0.327708 0.465938 0.338125 0.476406 0.337917 0.494688 0.346667 0.504531 0.35375 0.524844 0.35 0.550312 0.335208 0.567969 0.326667 0.572187 0.30125 0.577656 0.27375 0.576406 0.252708 0.568125 0.240417 0.556875 0.235417 0.538438 0.235417 0.525312 0.247292 0.500469
12 0.660833 0.537969 0.666875 0.521719 0.696875 0.513125 0.734375 0.519062 0.757708 0.532813 0.763542 0.553906 0.760833 0.561875 0.753333 0.5675 0.762917 0.586562 0.758333 0.611406 0.737708 0.64 0.720417 0.649531 0.687708 0.654375 0.669792 0.652813 0.651042 0.643906 0.637917 0.630938 0.633333 0.6175 0.636458 0.582031 0.647292 0.560156 0.663542 0.545469
12 0.525625 0.545312 0.531042 0.532031 0.542917 0.523281 0.571875 0.519688 0.604583 0.521875 0.620625 0.532188 0.628333 0.542188 0.630833 0.549531 0.625417 0.572656 0.631458 0.599219 0.630417 0.614375 0.6225 0.633125 0.613542 0.645 0.597292 0.657031 0.589167 0.659375 0.551458 0.660625 0.524792 0.654219 0.507083 0.640625 0.498958 0.619219 0.498958 0.606094 0.515833 0.559531 0.525833 0.546875
12 0.3675 0.554844 0.366458 0.546719 0.371667 0.533438 0.38875 0.519844 0.40375 0.515 0.423542 0.514375 0.438125 0.517031 0.4575 0.522188 0.472292 0.529531 0.4775 0.546719 0.471667 0.557656 0.4825 0.575313 0.488958 0.605469 0.477083 0.637344 0.461042 0.648281 0.432292 0.657813 0.408958 0.656875 0.381042 0.647813 0.365833 0.638594 0.3575 0.625625 0.355 0.605938 0.3575 0.581094 0.368125 0.556875
12 0.2125 0.55625 0.212708 0.542188 0.226042 0.526719 0.249167 0.51875 0.286667 0.515781 0.305 0.519688 0.315417 0.525156 0.323333 0.532344 0.325417 0.545781 0.322917 0.552969 0.339167 0.573594 0.346458 0.596406 0.345625 0.627344 0.334167 0.643437 0.3125 0.656562 0.2925 0.661719 0.255 0.661406 0.226458 0.651094 0.211458 0.636719 0.205625 0.618906 0.206667 0.582656 0.213958 0.562188
