12 0.738958 0.339062 0.745 0.327969 0.759792 0.323437 0.807083 0.325937 0.827083 0.332031 0.832292 0.342344 0.826458 0.353281 0.835208 0.360156 0.837292 0.383594 0.832917 0.405312 0.817708 0.422813 0.796042 0.428125 0.764792 0.426875 0.739792 0.416719 0.729583 0.402969 0.727917 0.377812 0.733542 0.35625 0.741875 0.347031
12 0.792917 0.376094 0.795625 0.3675 0.802292 0.360156 0.809375 0.35625 0.8325 0.353125 0.871458 0.357656 0.9 0.369531 0.90375 0.379531 0.900417 0.387969 0.891667 0.39375 0.899792 0.408281 0.894167 0.446094 0.876667 0.466094 0.847292 0.475781 0.827917 0.476719 0.78625 0.46625 0.773958 0.4525 0.764167 0.432969 0.775208 0.4025 0.794167 0.381719
12 0.659792 0.372031 0.662708 0.363281 0.670417 0.357656 0.697083 0.349844 0.734583 0.351406 0.754167 0.358125 0.763125 0.37375 0.760833 0.385469 0.754583 0.391562 0.7625 0.398906 0.76875 0.416563 0.766458 0.426406 0.770417 0.439687 0.758333 0.469062 0.739792 0.479063 0.685208 0.479375 0.661042 0.473594 0.645 0.462344 0.635833 0.446719 0.634583 0.421563 0.65 0.395 0.665625 0.382812
12 0.626458 0.404687 0.624167 0.440781 0.602917 0.476406 0.578125 0.482812 0.539375 0.482656 0.521458 0.475938 0.507292 0.464531 0.499583 0.452656 0.497083 0.424219 0.500833 0.409219 0.513542 0.384375 0.520833 0.378594 0.514583 0.363437 0.521042 0.352187 0.5375 0.346719 0.55375 0.346094 0.595417 0.348125 0.620417 0.354063 0.626458 0.365156 0.625833 0.376563 0.618542 0.392344 0.624375 0.397656
12 0.477083 0.399062 0.487708 0.411875 0.492917 0.424219 0.492083 0.447031 0.483125 0.463438 0.4675 0.472187 0.429792 0.477813 0.388333 0.469844 0.381458 0.463906 0.366458 0.433281 0.370208 0.412656 0.379375 0.392813 0.371042 0.376563 0.377917 0.362969 0.405208 0.354375 0.427917 0.352031 0.464375 0.357031 0.48125 0.365156 0.487917 0.37125 0.492083 0.380625 0.49 0.387656 0.483958 0.392969
12 0.366042 0.445781 0.359583 0.438125 0.357917 0.420781 0.361458 0.412188 0.370417 0.406406 0.400625 0.400156 0.424583 0.399375 0.461458 0.402813 0.475208 0.409687 0.486042 0.426406 0.486042 0.435625 0.481042 0.447187 0.491875 0.461406 0.496667 0.504375 0.490208 0.523438 0.46875 0.546563 0.456042 0.549844 0.413125 0.553281 0.393333 0.550938 0.381875 0.548281 0.360417 0.532656 0.346458 0.508906 0.345833 0.477969 0.355 0.457188 0.36625 0.445937
12 0.651667 0.444219 0.660208 0.467656 0.65875 0.499219 0.652708 0.515625 0.63875 0.533438 0.621042 0.538281 0.579792 0.539531 0.560625 0.536094 0.539583 0.528438 0.520625 0.513281 0.5125 0.498437 0.511458 0.479219 0.519375 0.455625 0.530208 0.442031 0.536875 0.438594 0.538958 0.433125 0.534375 0.406406 0.540625 0.395313 0.577083 0.385 0.590417 0.383906 0.642292 0.394062 0.650833 0.4 0.657083 0.414375 0.655417 0.429219 0.648333 0.438906
12 0.695833 0.426875 0.693958 0.410938 0.700625 0.399688 0.721667 0.3925 0.758333 0.391875 0.785833 0.395313 0.802083 0.399844 0.819375 0.412656 0.822083 0.424687 0.817083 0.44 0.809792 0.445469 0.822708 0.470156 0.822083 0.492969 0.812292 0.520469 0.807917 0.52375 0.798958 0.529062 0.756458 0.536094 0.696458 0.529687 0.681042 0.518281 0.671667 0.506094 0.665 0.49 0.665 0.476875 0.671875 0.457344 0.696042 0.427813
12 0.853125 0.422813 0.858542 0.404844 0.866042 0.398125 0.885 0.394062 0.936667 0.395 0.9725 0.407188 0.981875 0.426875 0.979167 0.434531 0.968125 0.444375 0.970833 0.458906 0.980625 0.476094 0.981875 0.494219 0.973333 0.51875 0.963333 0.529687 0.917917 0.540156 0.887708 0.543594 0.862083 0.539844 0.831042 0.519062 0.816458 0.48875 0.819375 0.462344 0.840417 0.43625 0.853958 0.427031
12 0.99125 0.452656 1 0.455625 1 0.642031 0.980208 0.644531 0.933333 0.635313 0.902708 0.621875 0.888542 0.604531 0.883542 0.589844 0.883542 0.574062 0.888125 0.556094 0.900417 0.529062 0.909792 0.515156 0.939583 0.486562 0.942708 0.471875 0.951667 0.461875 0.965 0.455156 0.990833 0.452813
12 0.761667 0.495625 0.765833 0.475938 0.774792 0.465938 0.788125 0.459375 0.804375 0.456875 0.834583 0.458281 0.874792 0.464219 0.90125 0.47375 0.918958 0.488594 0.923958 0.503281 0.920417 0.517188 0.905833 0.530625 0.912917 0.56375 0.906042 0.598281 0.893958 0.620469 0.862917 0.648281 0.84 0.653438 0.796042 0.652656 0.776458 0.649062 0.739375 0.633437 0.719792 0.616875 0.714167 0.600781 0.714167 0.582969 0.718958 0.564219 0.74125 0.523281 0.763333 0.504063
12 0.554792 0.499844 0.55375 0.48875 0.558542 0.474219 0.568125 0.464219 0.593542 0.454063 0.63375 0.452656 0.653333 0.456406 0.68125 0.465469 0.698125 0.479687 0.702917 0.497031 0.700417 0.507969 0.692708 0.518906 0.6975 0.528281 0.702083 0.555469 0.70125 0.582969 0.68625 0.622969 0.666875 0.640781 0.625208 0.653281 0.598125 0.654062 0.583542 0.652187 0.556667 0.642031 0.527917 0.621719 0.514792 0.584688 0.518125 0.55875 0.538958 0.519219 0.554792 0.499844
12 0.392917 0.458281 0.451875 0.459531 0.471875 0.464687 0.484167 0.471094 0.493333 0.48125 0.498542 0.498437 0.490833 0.519375 0.501458 0.532813 0.509583 0.552187 0.513333 0.578906 0.505625 0.610625 0.496042 0.632188 0.467292 0.651094 0.423125 0.660313 0.387708 0.658281 0.35 0.643281 0.335208 0.632188 0.323542 0.610469 0.319792 0.554375 0.330208 0.535 0.350417 0.514531 0.344167 0.505781 0.340208 0.491406 0.343542 0.479219 0.3525 0.469375 0.365833 0.462656 0.384792 0.460313
