12 0.87 0.324375 0.882083 0.327188 0.890208 0.334844 0.893542 0.344062 0.890833 0.351875 0.883542 0.3575 0.894583 0.383906 0.894583 0.403906 0.89 0.418125 0.881458 0.427656 0.869583 0.432344 0.843542 0.436719 0.80375 0.433906 0.7825 0.420781 0.772292 0.402969 0.77125 0.38125 0.7775 0.368125 0.794583 0.353281 0.786458 0.347656 0.782292 0.337188 0.788333 0.32625 0.803125 0.321563 0.848958 0.320937 0.861875 0.324219
12 0.851042 0.377812 0.848333 0.368125 0.851042 0.359844 0.86 0.3525 0.882917 0.346406 0.932083 0.3475 0.956875 0.352969 0.976042 0.361563 0.9825 0.374375 0.971458 0.388437 0.979375 0.397656 0.986042 0.413281 0.987083 0.439375 0.979583 0.465938 0.972083 0.476094 0.958958 0.486406 0.939792 0.490937 0.876875 0.488125 0.86125 0.485469 0.844375 0.478125 0.83125 0.462031 0.82625 0.437656 0.840208 0.398125 0.8525 0.383437
12 0.687917 0.368906 0.692292 0.352344 0.711458 0.345625 0.752708 0.345 0.773333 0.347187 0.791042 0.350938 0.80375 0.358125 0.809375 0.369531 0.802708 0.381094 0.813125 0.397187 0.82125 0.418281 0.82125 0.452031 0.815833 0.468594 0.802292 0.482188 0.774375 0.491875 0.741667 0.493125 0.700625 0.484375 0.662292 0.463438 0.653958 0.447187 0.655 0.425938 0.663542 0.405938 0.677917 0.390625 0.681042 0.379844 0.689167 0.374219
12 0.519375 0.364687 0.521875 0.354375 0.528125 0.3475 0.5475 0.340938 0.606042 0.340781 0.628125 0.347344 0.642292 0.356563 0.645208 0.364687 0.642083 0.373125 0.63375 0.37875 0.643333 0.390313 0.647083 0.405938 0.64625 0.451406 0.64375 0.461406 0.6325 0.479687 0.624583 0.48375 0.604167 0.487656 0.568542 0.487656 0.535417 0.480781 0.51 0.467031 0.498542 0.452344 0.499375 0.43125 0.496458 0.423125 0.517292 0.387969 0.527917 0.377344 0.521667 0.371875
12 0.350625 0.37 0.353125 0.354063 0.362083 0.348281 0.392708 0.342969 0.415417 0.342187 0.452083 0.347031 0.464167 0.349688 0.473125 0.355469 0.476667 0.364687 0.466667 0.379219 0.488542 0.42125 0.49125 0.468594 0.485833 0.480938 0.472292 0.4925 0.457292 0.497344 0.43375 0.500625 0.398125 0.500625 0.349375 0.489219 0.335 0.465781 0.337292 0.453437 0.332292 0.423125 0.34125 0.394531 0.355833 0.376406
12 1 0.391562 1 0.566875 0.975 0.56375 0.963542 0.566563 0.917917 0.556719 0.9025 0.534531 0.888542 0.504219 0.890625 0.4975 0.885 0.481563 0.885 0.461719 0.891458 0.448281 0.9075 0.431406 0.92375 0.426094 0.916042 0.410156 0.917083 0.402813 0.922708 0.395937 0.934583 0.39125 0.955208 0.388906 0.995625 0.388906
12 0.721667 0.42125 0.719167 0.403281 0.725625 0.391875 0.736042 0.386094 0.754583 0.381406 0.800417 0.379375 0.843542 0.385781 0.863125 0.393281 0.869792 0.404531 0.869792 0.419063 0.86625 0.428125 0.857917 0.435156 0.867083 0.4575 0.867083 0.5125 0.860625 0.528594 0.839792 0.545469 0.809583 0.555625 0.768333 0.555 0.72875 0.547031 0.718333 0.541719 0.703542 0.527969 0.690833 0.504531 0.689792 0.480938 0.703333 0.448437 0.724375 0.424531
12 0.529167 0.413281 0.524792 0.397656 0.530417 0.387031 0.548333 0.377188 0.56125 0.373906 0.607083 0.373125 0.64 0.378594 0.663333 0.387031 0.674583 0.407344 0.670208 0.424844 0.661458 0.430469 0.673542 0.448906 0.6875 0.49875 0.684167 0.512031 0.685625 0.522813 0.672083 0.545625 0.645417 0.552813 0.569792 0.555937 0.537708 0.55 0.504792 0.531406 0.492917 0.515625 0.492917 0.484687 0.514583 0.439687 0.533542 0.419531
12 0.309167 0.428594 0.302083 0.40875 0.308542 0.397344 0.325625 0.388906 0.365208 0.38 0.398958 0.377344 0.423333 0.379531 0.441667 0.387031 0.459167 0.406875 0.461042 0.417656 0.451875 0.432812 0.464792 0.448437 0.478542 0.479531 0.480208 0.517969 0.473958 0.533906 0.465417 0.543125 0.434375 0.557188 0.388125 0.559063 0.375208 0.5625 0.340417 0.561094 0.31375 0.551719 0.290625 0.528594 0.282917 0.509062 0.282917 0.482188 0.28625 0.468125 0.297083 0.447813 0.31125 0.4325
12 0.789583 0.491563 0.800417 0.459531 0.808125 0.45375 0.830833 0.446875 0.85625 0.443906 0.9025 0.44625 0.936458 0.454375 0.981042 0.468594 0.998125 0.480781 1 0.490469 1 0.501406 0.998125 0.515 0.985 0.532813 0.993542 0.570937 0.987083 0.631406 0.964375 0.676875 0.950833 0.68625 0.916042 0.700937 0.899375 0.704844 0.86 0.704844 0.8125 0.69875 0.766042 0.676406 0.749583 0.664062 0.737292 0.65 0.719167 0.612187 0.72125 0.5775 0.740625 0.546094 0.789583 0.491719
12 0.492292 0.541563 0.513958 0.513594 0.520833 0.495312 0.520208 0.494375 0.5175 0.486719 0.519375 0.472969 0.527708 0.452656 0.537292 0.44625 0.560833 0.438906 0.625417 0.437344 0.64625 0.439219 0.686042 0.450313 0.707708 0.467344 0.713125 0.480469 0.710625 0.492812 0.700208 0.505625 0.69125 0.510781 0.704375 0.525312 0.706875 0.532813 0.709583 0.5925 0.694167 0.652187 0.676458 0.670625 0.620833 0.686562 0.576458 0.683594 0.564167 0.685781 0.520833 0.672187 0.492708 0.654375 0.481875 0.629687 0.480833 0.573281 0.492292 0.541563 0.529792 0.557344 0.52875 0.560625 0.527917 0.563906 0.529792 0.557344
12 0.25 0.479063 0.25 0.464687 0.259375 0.450625 0.276875 0.442188 0.302917 0.435313 0.381667 0.435313 0.42125 0.44375 0.430417 0.446875 0.439167 0.454219 0.442917 0.463281 0.442917 0.478437 0.436875 0.50125 0.452917 0.524375 0.459375 0.543125 0.462083 0.617344 0.449792 0.648906 0.438958 0.662344 0.418333 0.677656 0.405208 0.682344 0.364375 0.69 0.316875 0.687812 0.283542 0.677187 0.239167 0.645781 0.229583 0.632188 0.225208 0.614531 0.226042 0.576719 0.236458 0.529531 0.244167 0.523906 0.251875 0.50625 0.248958 0.498437 0.250208 0.481563
