12 0.788333 0.128438 0.798958 0.0940625 0.803333 0.0895312 0.850208 0.0817187 0.897917 0.0815625 0.930417 0.0860937 0.951042 0.0907813 0.964167 0.101719 0.964792 0.125781 0.950833 0.134688 0.964167 0.192969 0.957917 0.252656 0.950417 0.265937 0.940625 0.275 0.916042 0.289219 0.870625 0.297344 0.811458 0.296094 0.792292 0.29125 0.77625 0.2825 0.7625 0.269844 0.751458 0.254219 0.744375 0.224219 0.760833 0.179375 0.780833 0.146406 0.790625 0.137031
12 0.639792 0.285312 0.644583 0.267031 0.657917 0.252188 0.677917 0.242031 0.702292 0.238437 0.761875 0.239531 0.784167 0.24375 0.8025 0.253594 0.81625 0.268594 0.821458 0.287188 0.816667 0.305156 0.824583 0.310625 0.827917 0.324531 0.836458 0.336719 0.842708 0.361563 0.840833 0.414219 0.837917 0.4225 0.824167 0.438125 0.776875 0.44875 0.697292 0.447813 0.650625 0.441563 0.625625 0.42875 0.61125 0.414062 0.603958 0.384219 0.615833 0.346719 0.64375 0.302031
12 0.705625 0.340625 0.713125 0.318594 0.7325 0.302187 0.754792 0.29125 0.782708 0.285938 0.8275 0.283906 0.851042 0.286406 0.891042 0.298906 0.904375 0.309063 0.913333 0.321875 0.916458 0.337656 0.911458 0.35625 0.893125 0.374531 0.911458 0.390469 0.918958 0.432031 0.911458 0.467812 0.894792 0.505469 0.870833 0.520625 0.749167 0.524844 0.722708 0.522813 0.692292 0.508281 0.678542 0.494375 0.672708 0.477031 0.662917 0.462656 0.660833 0.43875 0.664167 0.423438 0.689792 0.381562 0.713125 0.362969
12 0.435208 0.33875 0.439375 0.321719 0.450833 0.3075 0.468333 0.297344 0.516042 0.287812 0.571458 0.289844 0.595833 0.293594 0.615833 0.303594 0.629167 0.318438 0.633958 0.336719 0.629583 0.354063 0.617708 0.368438 0.633542 0.378594 0.645208 0.414219 0.639792 0.470156 0.6275 0.494688 0.611042 0.514062 0.570625 0.531875 0.499167 0.53125 0.444167 0.518594 0.414583 0.482344 0.41625 0.466406 0.410833 0.430781 0.41875 0.407031 0.436875 0.381562 0.443125 0.361563 0.437292 0.350781
12 0.355625 0.360781 0.373333 0.383125 0.3925 0.435781 0.3925 0.455469 0.384583 0.492812 0.377292 0.507188 0.364375 0.520781 0.335833 0.535156 0.314167 0.537969 0.269375 0.537969 0.25375 0.536562 0.227292 0.52875 0.209375 0.518281 0.188333 0.497813 0.181667 0.489219 0.164583 0.45 0.160625 0.417969 0.165 0.394531 0.174167 0.377188 0.159375 0.361875 0.153958 0.342656 0.157292 0.3275 0.166667 0.314375 0.180833 0.304219 0.19875 0.297656 0.25375 0.289844 0.3375 0.297812 0.354583 0.314531 0.359583 0.332813 0.357292 0.345156 0.351042 0.35625
12 0.0489583 0.290781 0.0733333 0.294531 0.093125 0.304531 0.106458 0.319531 0.111458 0.337656 0.109792 0.34875 0.143125 0.380625 0.154167 0.400625 0.157708 0.415937 0.160208 0.48125 0.155208 0.499844 0.14 0.515937 0.122292 0.525469 0.0370833 0.537969 0.00395833 0.535937 0 0.525156 0 0.506563 0.001875 0.491094 0 0.474688 0 0.421875 0 0.399688 0.00208333 0.295781
12 0.000625 0.574219 0.000625 0.53375 0 0.479063 0 0.472813 0.003125 0.454531 0 0.423438 0.034375 0.445625 0.0845833 0.499219 0.115833 0.542031 0.119375 0.5575 0.117917 0.575 0.112292 0.586875 0.064375 0.635781 0.0458333 0.648906 0.0185417 0.659375 0.00583333 0.661719 0.00458333 0.608906 0.000208333 0.575625
12 0.396875 0.471094 0.38375 0.449375 0.382292 0.436719 0.3875 0.418125 0.40125 0.403125 0.432708 0.388906 0.476875 0.38 0.547708 0.378906 0.58875 0.38625 0.61375 0.398125 0.630208 0.420469 0.633958 0.436719 0.630833 0.458437 0.64 0.481563 0.6525 0.490781 0.66 0.517813 0.668125 0.528438 0.666042 0.540625 0.6725 0.561406 0.668125 0.595313 0.655625 0.635156 0.649167 0.646719 0.63625 0.660313 0.606875 0.681875 0.586667 0.689531 0.552917 0.695937 0.484375 0.697344 0.432917 0.687344 0.38375 0.652813 0.374583 0.642031 0.367083 0.618594 0.36125 0.559375 0.365208 0.543125 0.382708 0.509531 0.386667 0.487656 0.39875 0.473281
12 0.732917 0.440469 0.742292 0.41375 0.761875 0.393594 0.774583 0.385781 0.789583 0.380781 0.818125 0.374844 0.860208 0.371875 0.919375 0.374375 0.943333 0.380938 0.973542 0.394062 0.991667 0.404687 0.99875 0.4125 0.996875 0.42375 1 0.457969 1 0.482812 0.987917 0.496719 0.99625 0.509375 1 0.569219 0.9925 0.605625 0.981458 0.62875 0.956458 0.664062 0.940625 0.679063 0.906458 0.696719 0.889792 0.702187 0.8575 0.706094 0.821875 0.706094 0.801458 0.703281 0.750417 0.68625 0.720208 0.673125 0.696667 0.651563 0.673542 0.604375 0.668333 0.567187 0.674583 0.546563 0.715 0.475781 0.737917 0.458906
12 0.0754167 0.615938 0.0739583 0.629844 0.0972917 0.644062 0.108958 0.665312 0.122917 0.702187 0.129375 0.764219 0.120833 0.789062 0.1025 0.809688 0.0858333 0.820937 0.0508333 0.835469 0.00125 0.850938 0 0.821719 0.00145833 0.776094 0 0.747812 0 0.722656 0 0.711719 0.00270833 0.673125 0.00270833 0.653281 0 0.631094 0.00291667 0.593281 0.029375 0.595313 0.0622917 0.607812
12 0.150208 0.614687 0.169167 0.60375 0.2125 0.589687 0.250417 0.584688 0.285833 0.588438 0.308542 0.600938 0.324167 0.619688 0.33 0.639531 0.33 0.651719 0.356458 0.675938 0.371042 0.700156 0.384583 0.745937 0.381875 0.767031 0.374375 0.788125 0.35375 0.813281 0.314792 0.835156 0.29375 0.8425 0.246458 0.84875 0.19375 0.841406 0.173542 0.834219 0.140833 0.809375 0.128125 0.785313 0.124583 0.754375 0.136875 0.708125 0.142292 0.7 0.124167 0.684219 0.117917 0.658438 0.123125 0.641406 0.140833 0.625312
12 0.210417 0.535625 0.215208 0.517344 0.22875 0.502344 0.25375 0.483437 0.268958 0.478594 0.286042 0.476875 0.331458 0.481406 0.351458 0.491563 0.364792 0.506406 0.369583 0.524687 0.365208 0.542188 0.3575 0.551094 0.377917 0.563594 0.39125 0.584531 0.411042 0.633125 0.41125 0.643125 0.405208 0.651875 0.401667 0.665937 0.385417 0.682656 0.353125 0.697813 0.327292 0.702187 0.278125 0.702187 0.2575 0.699531 0.24 0.6925 0.219167 0.678281 0.196875 0.6475 0.201042 0.601094 0.220208 0.559219 0.215208 0.55375
12 0.0985417 0.473906 0.122917 0.4775 0.142917 0.4875 0.15625 0.5025 0.161042 0.520781 0.156875 0.536406 0.18375 0.554844 0.199792 0.575469 0.201042 0.593125 0.20875 0.615781 0.20375 0.633906 0.196667 0.641875 0.190625 0.658906 0.176875 0.672813 0.157708 0.682031 0.131667 0.688594 0.0814583 0.690312 0.04 0.685625 0.0202083 0.675625 0.00666667 0.660625 0 0.642969 0 0.629531 0.0102083 0.594062 0.0227083 0.573594 0.0377083 0.560937 0.0172917 0.540937 0.0122917 0.522656 0.0172917 0.504375 0.030625 0.489531 0.050625 0.479531 0.0829167 0.47625
12 0.403125 0.671094 0.413958 0.634687 0.4275 0.620469 0.447083 0.610938 0.498542 0.604531 0.518542 0.606563 0.559167 0.618281 0.57375 0.626563 0.586875 0.640313 0.593958 0.662188 0.589583 0.683437 0.605 0.697344 0.620417 0.745469 0.620417 0.763281 0.614792 0.789219 0.595208 0.822813 0.562083 0.843281 0.515833 0.851719 0.439375 0.847344 0.40125 0.82875 0.3825 0.804844 0.375417 0.78375 0.373958 0.743437 0.376667 0.725938 0.39375 0.687812 0.403333 0.676406
12 0.655 0.646406 0.66 0.628125 0.679792 0.605 0.69375 0.597187 0.775 0.598281 0.807708 0.609219 0.849167 0.630938 0.861875 0.665625 0.859583 0.673125 0.865833 0.701875 0.861458 0.719531 0.868542 0.757344 0.863958 0.775 0.851458 0.794531 0.823125 0.821562 0.791667 0.838281 0.753333 0.844688 0.729375 0.844688 0.700208 0.839219 0.656875 0.817656 0.637292 0.801719 0.624167 0.786094 0.615417 0.76125 0.616875 0.718594 0.629375 0.683906 0.643125 0.665937 0.657083 0.654219
12 0.338333 0.794219 0.349375 0.784062 0.363958 0.776563 0.40125 0.763906 0.433958 0.759844 0.470833 0.759844 0.4925 0.762813 0.510833 0.770781 0.540625 0.790937 0.552708 0.802344 0.561042 0.819844 0.562292 0.842812 0.579583 0.858906 0.592708 0.879219 0.594167 0.892344 0.609792 0.941406 0.607292 1 0.582917 0.999219 0.525208 1 0.416042 0.999375 0.30875 1 0.29875 0.97 0.300208 0.941406 0.312083 0.903438 0.305417 0.88 0.305417 0.842344 0.312708 0.820469 0.334583 0.798594
12 0.177292 1 0 0.998594 0 0.984531 0 0.967656 0 0.946719 0.00104167 0.913125 0 0.874844 0.00104167 0.839844 0 0.805625 0 0.804375 0.0183333 0.788906 0.05875 0.767344 0.0979167 0.759844 0.131042 0.759062 0.164792 0.7625 0.188542 0.768125 0.211667 0.780469 0.232917 0.812813 0.260833 0.830625 0.289375 0.857187 0.30125 0.885 0.312083 0.90125 0.322917 0.93 0.324375 0.978281 0.320833 0.99375 0.314583 1 0.262917 0.999062 0.177292 1 0.182917 0.933125 0.182292 0.93125 0.180417 0.9325 0.182917 0.933125
