12 0.419792 0.493594 0.433958 0.481719 0.451667 0.4775 0.475417 0.4775 0.500833 0.481406 0.520417 0.493594 0.522917 0.504531 0.519167 0.51875 0.529167 0.549844 0.529167 0.577969 0.516875 0.604531 0.497708 0.613906 0.47625 0.617031 0.448333 0.615938 0.4225 0.606094 0.412708 0.59625 0.405833 0.582188 0.405 0.560156 0.418958 0.494688
12 0.439375 0.360312 0.445417 0.349219 0.460208 0.344687 0.492708 0.345469 0.508125 0.352813 0.511458 0.361406 0.508125 0.37 0.519167 0.380781 0.52625 0.406562 0.519375 0.43625 0.495 0.446094 0.468542 0.4475 0.459167 0.446406 0.435208 0.435156 0.428542 0.423906 0.427083 0.407188 0.434792 0.382344 0.443333 0.369375
12 0.442292 0.398594 0.450417 0.386094 0.467083 0.380156 0.494167 0.379844 0.51875 0.389688 0.526875 0.402656 0.518958 0.416719 0.530625 0.438594 0.53125 0.452344 0.524792 0.4725 0.505208 0.47875 0.477708 0.480625 0.454583 0.477031 0.443542 0.47125 0.434375 0.459687 0.4325 0.445 0.437292 0.419531 0.445833 0.407188
12 0.433125 0.447813 0.4375 0.432656 0.456667 0.423281 0.493125 0.4225 0.511667 0.429531 0.51875 0.435 0.52375 0.447344 0.52 0.457656 0.528333 0.473594 0.529167 0.494219 0.527708 0.506406 0.51875 0.52 0.505417 0.5275 0.482292 0.533906 0.457917 0.531562 0.4375 0.521719 0.426458 0.509687 0.423958 0.502344 0.424792 0.47125 0.435625 0.455156
12 0.331667 0.392969 0.337083 0.382344 0.36625 0.374375 0.388333 0.374375 0.410417 0.381562 0.416042 0.38875 0.414167 0.401719 0.419792 0.415313 0.421458 0.43125 0.416667 0.446719 0.405417 0.459531 0.389375 0.465781 0.36625 0.4675 0.345833 0.462031 0.33625 0.455469 0.325 0.442188 0.3225 0.424375 0.329375 0.40875 0.336875 0.403281
12 0.305 0.439844 0.311458 0.42625 0.320417 0.418906 0.344167 0.413906 0.372292 0.415625 0.394792 0.423125 0.400833 0.434219 0.393333 0.447969 0.406042 0.467656 0.406042 0.496563 0.405417 0.500781 0.390417 0.5175 0.377708 0.520781 0.332708 0.5225 0.31875 0.518437 0.309167 0.511875 0.297917 0.496094 0.295833 0.473594 0.299583 0.462188 0.310417 0.450469
12 0.225 0.372344 0.238333 0.365313 0.27375 0.364687 0.293542 0.370156 0.30375 0.38125 0.302917 0.392813 0.316458 0.41 0.321458 0.423906 0.321458 0.435313 0.311458 0.450313 0.300417 0.458125 0.281458 0.463438 0.258125 0.462188 0.232292 0.450938 0.222917 0.440781 0.219375 0.4175 0.228542 0.397031 0.221875 0.391094 0.219375 0.38375 0.224792 0.373125
12 0.0933333 0.39 0.100625 0.378125 0.11625 0.370625 0.126458 0.36875 0.153958 0.3675 0.164792 0.369844 0.178958 0.377031 0.184583 0.384063 0.185 0.393437 0.206875 0.424844 0.2075 0.445625 0.199792 0.461875 0.177917 0.47375 0.154583 0.477813 0.134792 0.478437 0.11625 0.472031 0.1025 0.46 0.0947917 0.448594 0.0952083 0.419531 0.104583 0.403906 0.0964583 0.398281
12 0.187292 0.438281 0.185 0.425 0.187917 0.416875 0.20125 0.407813 0.215833 0.404219 0.251667 0.404219 0.266667 0.409062 0.277917 0.4225 0.276458 0.436406 0.287083 0.447187 0.293958 0.471875 0.291458 0.488906 0.28125 0.503906 0.260208 0.51375 0.241042 0.516719 0.215208 0.515469 0.193542 0.505312 0.181042 0.492031 0.177292 0.481094 0.18 0.458437 0.190417 0.443281
12 0.0333333 0.443125 0.0347917 0.427813 0.0395833 0.422813 0.05875 0.414219 0.0858333 0.40875 0.10875 0.40875 0.128542 0.415937 0.137292 0.4325 0.13625 0.444844 0.144167 0.450938 0.150625 0.463125 0.15625 0.482812 0.153542 0.495312 0.1425 0.501719 0.134792 0.510469 0.114375 0.519844 0.079375 0.524219 0.0522917 0.5225 0.0327083 0.509219 0.0266667 0.488594 0.0404167 0.452344
12 0.273958 0.518437 0.275417 0.496563 0.285417 0.486406 0.305208 0.47875 0.327083 0.475781 0.352083 0.477813 0.370833 0.48625 0.377292 0.495469 0.379792 0.518281 0.389583 0.534531 0.393958 0.5525 0.39 0.590313 0.3875 0.597656 0.377708 0.606563 0.363125 0.614062 0.344167 0.617812 0.329167 0.617812 0.298958 0.612969 0.282917 0.605156 0.27 0.592031 0.26625 0.582031 0.265833 0.550156 0.276875 0.521563
12 0.115833 0.508281 0.115 0.489219 0.119792 0.482031 0.135417 0.473906 0.171875 0.465469 0.190625 0.465938 0.216458 0.473438 0.22625 0.485313 0.229375 0.500312 0.244792 0.514687 0.252917 0.531562 0.255417 0.565781 0.240625 0.590313 0.220417 0.60125 0.189167 0.605938 0.155833 0.604688 0.132708 0.595469 0.1225 0.585 0.115625 0.565156 0.11625 0.533906 0.123125 0.5175
12 0.0214583 0.46125 0.0545833 0.4625 0.0710417 0.468594 0.0770833 0.479531 0.0758333 0.490313 0.103958 0.513437 0.115625 0.536094 0.113333 0.575625 0.100833 0.589844 0.0752083 0.599844 0.0495833 0.604063 0.0202083 0.604219 0.000208333 0.601406 0 0.462344
