12 0.227083 0.129375 0.232083 0.147656 0.227083 0.165938 0.221875 0.171719 0.247292 0.196563 0.268333 0.244062 0.273125 0.27 0.273125 0.291406 0.2675 0.312656 0.257083 0.330156 0.231875 0.360781 0.206875 0.374219 0.180625 0.381562 0.059375 0.380312 0.0316667 0.355781 0.02 0.34125 0.0102083 0.299844 0.0102083 0.272344 0.00604167 0.251563 0.0135417 0.220625 0.0164583 0.209375 0.0258333 0.196406 0.029375 0.18125 0.0429167 0.173594 0.0358333 0.165938 0.0310417 0.147656 0.0358333 0.129375 0.0458333 0.118438 0.0720833 0.114531 0.177083 0.11375 0.217083 0.118281
12 0.964167 0.128594 0.969167 0.110312 0.9825 0.0953125 1 0.0857813 1 0.120156 1 0.230781 1 0.2425 1 0.288906 1 0.299063 0.998958 0.329219 1 0.347969 0.998958 0.358906 1 0.379531 0.998958 0.41125 1 0.433125 0.9775 0.433125 0.948125 0.427656 0.924583 0.415313 0.909375 0.4025 0.893958 0.383437 0.886667 0.36125 0.888125 0.29 0.894792 0.261094 0.898542 0.252031 0.927292 0.215937 0.935 0.1975 0.9475 0.18 0.974583 0.160469 0.964167 0.129062
12 0.615833 0.122656 0.61625 0.0914062 0.632708 0.0839063 0.66125 0.0782812 0.670625 0.079375 0.6975 0.0748438 0.782917 0.0704687 0.834375 0.0742188 0.849583 0.0729687 0.879792 0.0767188 0.890417 0.0810937 0.902292 0.094375 0.900417 0.136719 0.886667 0.151094 0.871667 0.158281 0.893125 0.20625 0.913333 0.263906 0.913333 0.294844 0.902708 0.347812 0.8925 0.366719 0.865 0.397969 0.825 0.425469 0.810625 0.432344 0.78125 0.437969 0.703542 0.437969 0.646667 0.431875 0.621667 0.428125 0.601667 0.417656 0.59 0.40625 0.583542 0.39 0.573542 0.376563 0.565208 0.327031 0.567917 0.293125 0.564375 0.2775 0.575625 0.239375 0.602917 0.203437 0.625833 0.165313 0.635208 0.155625 0.621875 0.142813
12 0.491875 0.153125 0.481042 0.167031 0.492917 0.183438 0.513333 0.237812 0.519583 0.269375 0.521458 0.299687 0.51125 0.333437 0.498542 0.350469 0.476458 0.369219 0.456042 0.380312 0.430417 0.384375 0.412083 0.384375 0.351667 0.379531 0.310417 0.358281 0.299792 0.346719 0.285417 0.305781 0.28375 0.2825 0.288333 0.215781 0.293333 0.197188 0.307292 0.182031 0.312917 0.166719 0.302292 0.152969 0.2975 0.132656 0.301458 0.117969 0.411458 0.112187 0.490208 0.116875 0.494375 0.131875 0.493125 0.148125
12 0.01625 0.0867187 0.035 0.0889062 0.0933333 0.0875 0.148333 0.09375 0.168333 0.10375 0.181667 0.118594 0.186667 0.136875 0.182083 0.154219 0.17 0.16875 0.203958 0.216406 0.222708 0.248438 0.243125 0.29625 0.248125 0.3225 0.246667 0.359063 0.240208 0.375156 0.228542 0.390937 0.203333 0.414062 0.189583 0.420781 0.149792 0.433281 0.111667 0.440156 0.07125 0.442812 0.0308333 0.441875 0.00270833 0.437344 0.000416667 0.420469 0.00395833 0.405 0 0.375156 0 0.289219 0.00291667 0.274688 0 0.243281 0.001875 0.227656 0 0.211875 0.00291667 0.164062 0 0.125937 0.001875 0.104688 0 0.0892187
12 0.999792 0.659531 1 0.852812 0.973542 0.843906 0.945833 0.829531 0.912708 0.807344 0.89125 0.784531 0.88375 0.762188 0.88375 0.722187 0.891458 0.686562 0.89375 0.653906 0.903125 0.629844 0.927917 0.590625 0.95625 0.562969 0.973958 0.551094 0.958125 0.535469 0.954792 0.524687 0.961042 0.513594 0.961875 0.492031 0.970417 0.4825 0.990417 0.472344 0.997917 0.47125 1 0.499531 0.997708 0.534062 1 0.549219 0.999792 0.559844 1 0.574531 0.999792 0.619688 1 0.650781
12 0.872292 0.445781 0.877292 0.4275 0.890625 0.412656 0.910625 0.4025 0.957708 0.394531 1 0.400156 0.999792 0.422969 1 0.461875 0.999167 0.474688 1 0.49125 0.999792 0.515625 1 0.569688 0.997708 0.599688 0.999167 0.65 0.974792 0.65375 0.948125 0.65375 0.895208 0.644844 0.864583 0.633594 0.852917 0.625625 0.82625 0.59625 0.816458 0.578281 0.813542 0.564063 0.813542 0.544063 0.818333 0.518437 0.839583 0.477187 0.87375 0.450781
12 0.568542 0.44125 0.573542 0.423125 0.586875 0.408125 0.606875 0.398125 0.631042 0.394375 0.722917 0.393281 0.760833 0.398438 0.780208 0.408594 0.793333 0.423281 0.798125 0.44125 0.791667 0.462031 0.774583 0.477969 0.787292 0.4925 0.803333 0.538125 0.804375 0.566094 0.798125 0.596875 0.782708 0.644219 0.75125 0.667812 0.713542 0.674687 0.672292 0.674687 0.612708 0.667812 0.581458 0.658438 0.567083 0.649687 0.55375 0.635625 0.542917 0.611875 0.538542 0.566094 0.557917 0.49625 0.571875 0.48125 0.585 0.472969 0.572917 0.458594
12 0.267708 0.450781 0.271458 0.434531 0.282083 0.420781 0.298125 0.410625 0.318125 0.404844 0.353958 0.401562 0.431667 0.401562 0.455833 0.405312 0.475833 0.415313 0.489167 0.430156 0.494167 0.448437 0.491667 0.462656 0.484792 0.474219 0.498125 0.486875 0.51375 0.509062 0.5225 0.568438 0.521042 0.637344 0.513542 0.659375 0.498333 0.674687 0.435417 0.691406 0.353958 0.690156 0.305833 0.682031 0.283333 0.672813 0.265833 0.66125 0.253333 0.638594 0.241042 0.595469 0.247708 0.524531 0.259375 0.51125 0.289583 0.486406 0.273542 0.470781
12 0.194792 0.457188 0.177708 0.473125 0.200417 0.487031 0.21 0.498437 0.218958 0.511875 0.226458 0.533906 0.229583 0.617031 0.225625 0.63375 0.211042 0.652813 0.2 0.662031 0.163958 0.680781 0.131042 0.687344 0.0579167 0.69125 0.008125 0.684063 0.00395833 0.681875 0.00479167 0.663438 0 0.635313 0.003125 0.620625 0 0.597969 0 0.569531 0 0.517344 0 0.507969 0 0.493594 0 0.471094 0 0.457969 0 0.446875 0 0.429375 0.00291667 0.420469 0.05875 0.420469 0.0958333 0.425156 0.117708 0.422187 0.12875 0.417344 0.146458 0.419219 0.159583 0.4175 0.194375 0.426719 0.198958 0.429688 0.199792 0.440625
12 0.00708333 0.506719 0.0204167 0.521719 0.0252083 0.539844 0.0227083 0.573281 0.0758333 0.616563 0.107292 0.648281 0.11625 0.662188 0.13125 0.7025 0.13625 0.764375 0.126875 0.794219 0.09875 0.838438 0.0695833 0.863438 0.0397917 0.884375 0.00208333 0.899375 0.00479167 0.865312 0 0.839063 0.00395833 0.775938 0 0.757656 0.003125 0.695469 0 0.665156 0 0.615313 0.00145833 0.5625 0 0.502969
12 0.144583 0.597187 0.139375 0.565625 0.1425 0.550938 0.15125 0.538125 0.16375 0.527031 0.19625 0.506875 0.228958 0.493906 0.273125 0.486094 0.373542 0.487969 0.404583 0.491875 0.423125 0.497188 0.44875 0.509219 0.463125 0.524844 0.470208 0.546719 0.460417 0.599844 0.471875 0.619688 0.482292 0.629375 0.48875 0.640313 0.50375 0.675938 0.524375 0.747656 0.521458 0.774219 0.507917 0.824062 0.460417 0.8675 0.436458 0.881719 0.409167 0.893125 0.364375 0.90625 0.322083 0.914375 0.270833 0.910313 0.228125 0.9 0.175 0.871875 0.161875 0.859688 0.149792 0.840312 0.13 0.792656 0.122292 0.759531 0.1275 0.686562 0.138958 0.659062 0.161042 0.628906 0.148958 0.614531
12 0.569583 0.564531 0.565625 0.54375 0.567917 0.525625 0.583333 0.505156 0.605625 0.493438 0.682708 0.477187 0.728542 0.475156 0.838125 0.496406 0.859792 0.507656 0.878125 0.523281 0.886875 0.536094 0.89 0.558594 0.880208 0.600625 0.869792 0.613906 0.89125 0.649219 0.89875 0.668125 0.911042 0.720938 0.911042 0.739844 0.905833 0.75875 0.904375 0.782031 0.893333 0.80625 0.848958 0.865 0.835833 0.87375 0.821875 0.880312 0.763333 0.896875 0.742917 0.899531 0.685 0.8975 0.664583 0.894531 0.6175 0.881719 0.58125 0.862969 0.565 0.849687 0.546458 0.825937 0.5225 0.766406 0.518125 0.747656 0.518125 0.725 0.525833 0.666406 0.557708 0.607812 0.581042 0.591719 0.572708 0.579063
