12 0.950625 0.136563 0.955208 0.109688 0.965 0.0989063 1 0.0973437 0.999792 0.127969 1 0.15375 0.997917 0.167813 1 0.262031 0.998125 0.290313 1 0.446406 1 0.456406 0.996042 0.457031 0.9675 0.454844 0.941875 0.44875 0.906042 0.435313 0.888542 0.425938 0.867292 0.405312 0.859167 0.375625 0.861458 0.341875 0.870625 0.305781 0.885208 0.268437 0.918958 0.216406 0.941042 0.199375 0.963958 0.169844 0.954167 0.156406 0.950625 0.137187
12 0.844167 0.15 0.84875 0.132344 0.858542 0.120938 0.985625 0.116719 1 0.119531 1 0.379844 0.977083 0.383125 0.958958 0.381094 0.843333 0.380312 0.819167 0.376719 0.799167 0.366719 0.785833 0.351719 0.780833 0.325937 0.791875 0.259531 0.806667 0.222187 0.829167 0.191094 0.849583 0.169219
12 0.715208 0.121094 0.740208 0.128125 0.745208 0.146406 0.74125 0.162812 0.730208 0.176719 0.733333 0.185312 0.747917 0.200781 0.753542 0.219844 0.757708 0.255625 0.754583 0.312656 0.739375 0.360938 0.723542 0.376563 0.71 0.385313 0.69375 0.390937 0.665208 0.393906 0.634792 0.387969 0.57875 0.382344 0.550208 0.372031 0.522292 0.349062 0.515833 0.319219 0.520208 0.304219 0.516042 0.287031 0.517292 0.273281 0.527292 0.227656 0.544583 0.195156 0.56125 0.172187 0.550208 0.158906 0.545625 0.141562 0.549792 0.12625 0.665208 0.122188
12 0.2125 0.103594 0.222083 0.093125 0.266042 0.0879687 0.349167 0.0870313 0.43 0.0896875 0.462083 0.0935938 0.493542 0.100937 0.492917 0.150469 0.478333 0.163125 0.488958 0.18625 0.500625 0.202031 0.528125 0.280469 0.533333 0.320469 0.533333 0.355625 0.524583 0.384844 0.513958 0.402344 0.470417 0.433281 0.43125 0.447969 0.413125 0.449844 0.335208 0.449219 0.304167 0.446563 0.276042 0.44125 0.259375 0.434375 0.245208 0.425781 0.227292 0.407969 0.214167 0.390781 0.199375 0.351406 0.199375 0.308125 0.209792 0.224688 0.220833 0.200781 0.231458 0.164688 0.214167 0.141406 0.21625 0.125937 0.212083 0.105156
12 0.11875 0.118438 0.13 0.130781 0.128125 0.154844 0.131458 0.17 0.122292 0.181719 0.132708 0.193125 0.14125 0.212656 0.172917 0.260156 0.1825 0.279531 0.189375 0.309531 0.191042 0.385469 0.186875 0.402031 0.174167 0.419688 0.153125 0.431562 0.074375 0.450156 0.0191667 0.45375 0 0.450781 0 0.431562 0.00229167 0.379531 0 0.357344 0.00229167 0.342813 0 0.295625 0.00104167 0.240937 0 0.192812 0.00229167 0.179531 0 0.135313 0 0.110469 0.0383333 0.107031 0.107292 0.1125
12 0.227083 0.139531 0.232083 0.157812 0.228333 0.173437 0.218333 0.186875 0.232083 0.239844 0.234583 0.284375 0.228125 0.320625 0.212917 0.355781 0.187917 0.377344 0.167917 0.386406 0.0922917 0.386875 0.05625 0.3825 0.028125 0.376094 0.00645833 0.363125 0 0.326094 0 0.223125 0.00604167 0.212031 0.0122917 0.187812 0.00916667 0.173437 0.000833333 0.160781 0.00104167 0.143437 0.00875 0.134844 0.100833 0.128125 0.110833 0.128125 0.126875 0.13375 0.145 0.135781 0.176667 0.131406 0.221667 0.133594
12 0.999583 0.510156 1 0.738281 0.997292 0.931719 0.944792 0.915312 0.919792 0.902344 0.899792 0.887813 0.885833 0.870156 0.858958 0.843906 0.833333 0.800313 0.829375 0.78375 0.829375 0.763594 0.835208 0.733125 0.846875 0.703125 0.885 0.640313 0.8975 0.627656 0.937083 0.601094 0.924583 0.586094 0.935 0.549063 0.942708 0.534062 0.956458 0.522031 0.974792 0.514062
12 0.843333 0.467187 0.847708 0.44125 0.86 0.426719 0.878333 0.416563 0.953333 0.406094 1 0.405156 1 0.702187 0.894375 0.702187 0.873125 0.699531 0.855 0.691875 0.841458 0.680312 0.810625 0.634531 0.805208 0.615469 0.805208 0.578437 0.811042 0.532656 0.83375 0.500625 0.851667 0.490625 0.845417 0.479531
12 0.540833 0.464375 0.545208 0.44625 0.557083 0.431875 0.574792 0.421719 0.598333 0.416563 0.63625 0.413594 0.718333 0.415156 0.732708 0.419531 0.7525 0.429844 0.772292 0.451094 0.776667 0.471406 0.771667 0.489687 0.758333 0.504531 0.769792 0.51875 0.773958 0.535625 0.772708 0.54625 0.780208 0.557656 0.785833 0.584219 0.781875 0.6425 0.778125 0.659844 0.760833 0.6875 0.745 0.701406 0.723542 0.713125 0.697708 0.722187 0.656042 0.728125 0.623125 0.727969 0.592917 0.724531 0.557917 0.712187 0.535417 0.6975 0.517708 0.679375 0.50375 0.650938 0.499792 0.634687 0.499792 0.610938 0.521667 0.52875 0.532292 0.509844 0.552083 0.49125 0.54375 0.47875
12 0.21875 0.466406 0.223125 0.449219 0.235 0.434844 0.252917 0.424687 0.276458 0.419531 0.396042 0.418594 0.420417 0.422187 0.440208 0.432188 0.45375 0.447187 0.458542 0.465469 0.455833 0.479219 0.447917 0.491563 0.459375 0.503906 0.472708 0.533125 0.484375 0.565469 0.491667 0.602969 0.489583 0.674375 0.48375 0.685312 0.469167 0.700625 0.442083 0.712969 0.415625 0.720625 0.365833 0.723125 0.301458 0.721562 0.272083 0.723125 0.254167 0.721094 0.230417 0.714375 0.216667 0.705937 0.203542 0.692187 0.195 0.675938 0.192292 0.61875 0.208958 0.549687 0.237917 0.500156 0.223958 0.485
12 0.104375 0.397813 0.12875 0.401406 0.148542 0.411406 0.162083 0.426406 0.166875 0.444688 0.164583 0.457188 0.158125 0.468438 0.175625 0.487031 0.188958 0.507344 0.192917 0.52 0.198542 0.565312 0.198542 0.599062 0.183542 0.650312 0.171667 0.678281 0.139167 0.710469 0.130417 0.715313 0.118125 0.719688 0.100208 0.72125 0.000416667 0.720938 0 0.4275 0.0183333 0.409062 0.10375 0.397813
12 0.523958 0.622812 0.5125 0.601875 0.511875 0.584375 0.514583 0.570625 0.523958 0.551562 0.539167 0.53625 0.576667 0.520469 0.596667 0.515 0.640833 0.509062 0.6725 0.509062 0.770833 0.524687 0.795417 0.530625 0.816458 0.541719 0.844792 0.565781 0.852292 0.587969 0.852292 0.604531 0.845417 0.629063 0.831458 0.654062 0.849167 0.679219 0.858542 0.707969 0.866458 0.780312 0.857083 0.837344 0.839375 0.883281 0.825208 0.898438 0.80375 0.914375 0.767708 0.935469 0.73 0.945625 0.694792 0.950781 0.613958 0.949531 0.594792 0.947344 0.557917 0.930469 0.53 0.9075 0.508958 0.896094 0.493958 0.881094 0.477917 0.8575 0.457708 0.817969 0.451667 0.793438 0.451667 0.766094 0.461875 0.716719 0.482083 0.671563 0.499583 0.644062 0.524375 0.623125
12 0.03625 0.648125 0.0289583 0.634062 0.0272917 0.623594 0.0272917 0.59625 0.0347917 0.573906 0.0702083 0.544844 0.0935417 0.5325 0.174583 0.510313 0.1975 0.506719 0.252917 0.506719 0.32875 0.5175 0.363542 0.534687 0.378125 0.55 0.383542 0.568906 0.386667 0.604531 0.383958 0.619219 0.405833 0.638125 0.412708 0.649687 0.418333 0.674687 0.431458 0.700156 0.44375 0.744688 0.443542 0.782031 0.45 0.802969 0.447292 0.829844 0.437292 0.854375 0.41375 0.873125 0.396042 0.894844 0.381875 0.903125 0.365 0.908125 0.353125 0.918594 0.310833 0.937969 0.276042 0.94875 0.259167 0.950781 0.189583 0.950781 0.1625 0.946094 0.126042 0.935469 0.109792 0.925781 0.09 0.910781 0.0679167 0.888906 0.0577083 0.875 0.0497917 0.855781 0.0479167 0.836719 0.036875 0.798125 0.036875 0.725781 0.0433333 0.697813 0.05875 0.6675 0.045625 0.659062
