12 0.847083 0.184844 0.988958 0.176563 0.998542 0.183438 0.998333 0.210625 0.981458 0.218906 0.999792 0.265469 1 0.288438 0.985417 0.338438 0.968333 0.357187 0.949583 0.370312 0.916458 0.376563 0.882917 0.377188 0.842917 0.365469 0.820625 0.349375 0.810417 0.321563 0.813333 0.293125 0.827917 0.257969 0.852708 0.222969 0.840208 0.213125 0.837917 0.192344
12 0.637083 0.209375 0.644375 0.194687 0.773125 0.189844 0.787292 0.190625 0.791875 0.195625 0.794375 0.204844 0.790417 0.215937 0.780417 0.224219 0.805417 0.265 0.817292 0.300937 0.816458 0.321563 0.808125 0.336719 0.782917 0.364844 0.771875 0.374531 0.754375 0.384219 0.726458 0.390313 0.690833 0.387031 0.643542 0.371406 0.623333 0.353281 0.613542 0.330625 0.611875 0.307344 0.620417 0.262031 0.629375 0.247656 0.650625 0.228594 0.640833 0.220469
12 0.747083 0.198281 0.862083 0.192656 0.872708 0.2 0.872292 0.2275 0.857292 0.23625 0.868958 0.249375 0.8875 0.304375 0.880833 0.376563 0.869792 0.393281 0.845625 0.416094 0.832083 0.4225 0.791042 0.432031 0.74625 0.433906 0.693333 0.425312 0.670208 0.412969 0.651042 0.384531 0.647083 0.347969 0.652292 0.309531 0.682917 0.254219 0.690625 0.247344 0.69125 0.242031 0.681875 0.233906 0.678333 0.223125 0.68375 0.20875 0.693958 0.200469 0.744167 0.197813
12 0.606875 0.431094 0.591458 0.442188 0.572917 0.448906 0.538542 0.452813 0.508958 0.452031 0.463542 0.444219 0.445417 0.435 0.423333 0.418906 0.412292 0.402656 0.405 0.37375 0.405 0.349062 0.413125 0.312188 0.427917 0.278281 0.4425 0.257656 0.430625 0.245156 0.428542 0.23 0.431042 0.220781 0.437708 0.213438 0.447708 0.208437 0.472083 0.205938 0.588125 0.205938 0.599375 0.2075 0.615625 0.218281 0.61625 0.247187 0.602292 0.255312 0.606458 0.269062 0.623542 0.293906 0.634792 0.32625 0.634583 0.385781 0.627083 0.410156 0.606875 0.431094 0.553958 0.397813 0.562917 0.390469 0.548333 0.393125 0.542083 0.399062 0.54375 0.399062 0.553958 0.397813
12 0.887292 0.402969 0.912708 0.398438 0.963958 0.397344 0.999375 0.402813 1 0.630156 0.896042 0.612969 0.855417 0.595313 0.839375 0.58125 0.831042 0.556406 0.834167 0.519844 0.851458 0.478437 0.862708 0.460781 0.876875 0.4475 0.870208 0.440156 0.867708 0.431094 0.869792 0.419688 0.875833 0.409687
12 0.652292 0.443594 0.656042 0.431406 0.665 0.421563 0.681042 0.413281 0.708125 0.406875 0.741667 0.404687 0.762917 0.406875 0.791458 0.414219 0.808125 0.4225 0.817292 0.433125 0.821042 0.445312 0.820625 0.461875 0.813333 0.467187 0.827917 0.500469 0.831667 0.543594 0.816042 0.587656 0.777083 0.611875 0.744792 0.613125 0.709167 0.609375 0.6725 0.597813 0.660417 0.59 0.640833 0.568125 0.630208 0.538125 0.631042 0.508281 0.637083 0.489063 0.647083 0.475312 0.663333 0.461406 0.655417 0.453594
12 0.446875 0.427813 0.459792 0.419844 0.51625 0.414844 0.570625 0.4175 0.602708 0.427813 0.606458 0.434219 0.604375 0.455312 0.594375 0.463438 0.60375 0.473281 0.614375 0.4925 0.619375 0.547656 0.614375 0.578125 0.609167 0.587187 0.599583 0.593906 0.585625 0.599531 0.531667 0.609687 0.485417 0.606719 0.45 0.595781 0.430625 0.575937 0.422083 0.547656 0.431042 0.500938 0.452083 0.469844 0.442083 0.458906 0.4425 0.43875
12 0.999792 0.46375 1 0.735938 0.98625 0.734375 0.954167 0.724844 0.927708 0.71125 0.905625 0.695312 0.893958 0.680312 0.880417 0.640937 0.884167 0.595 0.891458 0.578437 0.907083 0.557344 0.95375 0.527031 0.939167 0.509531 0.949792 0.477656 0.970208 0.468125 0.9975 0.463906
12 0.664792 0.548438 0.65875 0.534531 0.657917 0.517344 0.661667 0.50625 0.675 0.493906 0.686667 0.4875 0.716458 0.477656 0.749583 0.472656 0.81375 0.474375 0.848542 0.484531 0.869583 0.50125 0.881667 0.531719 0.879375 0.548438 0.871667 0.562031 0.897917 0.625938 0.902292 0.641719 0.902292 0.66 0.898542 0.675938 0.887917 0.696094 0.876458 0.709531 0.852083 0.727031 0.81 0.747188 0.78625 0.751563 0.757917 0.750938 0.71 0.743906 0.691875 0.737031 0.674375 0.726719 0.6525 0.707188 0.637708 0.687656 0.630417 0.670312 0.626042 0.619531 0.640208 0.583594 0.656042 0.559531 0.66625 0.55
12 0.40125 0.533438 0.398333 0.514531 0.404792 0.499375 0.4225 0.482969 0.43875 0.477813 0.48375 0.473281 0.533333 0.473906 0.57 0.479531 0.594167 0.488438 0.605833 0.505938 0.606667 0.527031 0.599583 0.547344 0.617292 0.58375 0.624167 0.609063 0.626458 0.657188 0.625 0.671406 0.611042 0.709219 0.592917 0.721719 0.577917 0.72875 0.534167 0.739375 0.4875 0.740781 0.449792 0.732656 0.413542 0.712656 0.398333 0.699219 0.383333 0.679688 0.38 0.669844 0.375417 0.641719 0.375417 0.6125 0.379375 0.593281 0.389792 0.57 0.407708 0.5475
12 0.96 0.382031 0.951458 0.392344 0.940417 0.398125 0.951875 0.404063 0.970208 0.422813 0.977083 0.451562 0.973125 0.484063 0.960833 0.499219 0.917708 0.5225 0.902292 0.525469 0.864167 0.525469 0.827708 0.515937 0.798542 0.497813 0.788958 0.486406 0.783958 0.472344 0.788333 0.442812 0.806667 0.417969 0.822083 0.404844 0.80375 0.394219 0.801875 0.37 0.824792 0.351406 0.864583 0.344687 0.903958 0.345 0.933125 0.349219 0.953333 0.362344 0.960208 0.380312
