12 0.01875 0.356406 0.03875 0.373594 0.0841667 0.425625 0.100625 0.477187 0.0935417 0.5025 0.0691667 0.540937 0.0585417 0.550938 0.0152083 0.569375 0 0.5725 0.001875 0.528438 0 0.500625 0.001875 0.481406 0 0.39875 0.001875 0.368906 0 0.345625
12 0.0154167 0.168125 0.0397917 0.171719 0.0595833 0.181719 0.0729167 0.196719 0.0779167 0.215 0.0735417 0.231406 0.0889583 0.240937 0.11875 0.273906 0.133958 0.300469 0.13875 0.320469 0.1425 0.387344 0.138333 0.404219 0.115417 0.428437 0.100208 0.435781 0.0389583 0.452656 0.0135417 0.454219 0.00291667 0.452656 0.005625 0.43875 0 0.417187 0 0.396719 0.00375 0.3775 0.000625 0.344531 0.005625 0.326094 0.0025 0.312188 0.005625 0.297656 0.00291667 0.288438 0.0075 0.270469 0.000625 0.250156 0.001875 0.199219 0 0.170469
12 0.155833 0.447344 0.169792 0.457656 0.17875 0.470625 0.183958 0.514375 0.180208 0.560312 0.175208 0.578594 0.161875 0.593438 0.141875 0.603594 0.117708 0.607187 0.08375 0.607187 0.04375 0.603594 0.0239583 0.593438 0.010625 0.578594 0.000208333 0.520469 0.004375 0.48875 0.0114583 0.477187 0.0220833 0.4675 0.0358333 0.460156 0.0222917 0.453906 0.0122917 0.445469 0.0183333 0.4125 0.0447917 0.394375 0.0964583 0.389062 0.139583 0.395156 0.150208 0.408906 0.153542 0.424219 0.147708 0.444219
12 0.189792 0.435156 0.199167 0.407656 0.20875 0.3975 0.22125 0.389688 0.236458 0.384531 0.281042 0.381719 0.315417 0.388594 0.333333 0.398281 0.347292 0.413281 0.352292 0.431875 0.345625 0.452187 0.359583 0.464687 0.369167 0.482344 0.385417 0.538281 0.38 0.557969 0.359792 0.579688 0.34 0.589844 0.267083 0.598906 0.236875 0.593125 0.214583 0.577656 0.20125 0.562812 0.190833 0.513594 0.197292 0.4775 0.205417 0.465156 0.194792 0.453437
12 0.342292 0.240937 0.335625 0.252344 0.368333 0.282187 0.383958 0.319688 0.385625 0.379531 0.381667 0.386563 0.378125 0.408125 0.365625 0.424531 0.33875 0.440312 0.293125 0.448906 0.250208 0.448906 0.22875 0.446094 0.210208 0.440312 0.182917 0.425938 0.171458 0.416094 0.163958 0.404063 0.157292 0.376094 0.150833 0.366094 0.14875 0.349844 0.1425 0.3375 0.144583 0.330313 0.137292 0.303281 0.140833 0.287812 0.152917 0.268281 0.138125 0.252969 0.130625 0.224688 0.135417 0.206562 0.138958 0.202656 0.187083 0.189844 0.2175 0.187188 0.235 0.179844 0.262292 0.181719 0.274583 0.179375 0.302917 0.185781 0.3175 0.186094 0.327708 0.196406 0.341042 0.204375 0.345833 0.221406 0.343542 0.234063
12 0.43625 0.241719 0.44125 0.223438 0.454583 0.208594 0.474375 0.198594 0.533542 0.188906 0.602292 0.199687 0.622083 0.209844 0.635625 0.224688 0.640417 0.242969 0.635625 0.26125 0.627083 0.270625 0.640417 0.285469 0.649792 0.317188 0.654792 0.335625 0.653125 0.36625 0.638958 0.402187 0.620833 0.427813 0.601458 0.442969 0.569792 0.457188 0.505417 0.455312 0.45625 0.450313 0.433333 0.442969 0.417708 0.423594 0.404583 0.39 0.399792 0.341562 0.409167 0.313125 0.421042 0.296875 0.452083 0.272187 0.44125 0.26
12 0.72125 0.253594 0.72625 0.235312 0.739583 0.220469 0.759583 0.210469 0.804375 0.205625 0.874167 0.207969 0.898333 0.211563 0.918333 0.221719 0.931667 0.236563 0.936667 0.255938 0.931458 0.274688 0.910625 0.294375 0.921667 0.305938 0.919375 0.318906 0.924792 0.355469 0.923958 0.370156 0.904583 0.426563 0.87375 0.442969 0.792917 0.452187 0.707292 0.443125 0.685 0.4275 0.67 0.411094 0.662708 0.389062 0.662708 0.365313 0.666458 0.349219 0.690625 0.307812 0.728125 0.274844
12 0.380833 0.372344 0.380833 0.354531 0.386042 0.335938 0.403125 0.318438 0.421667 0.308438 0.48625 0.293438 0.541458 0.292344 0.588125 0.299531 0.623333 0.312969 0.644583 0.333125 0.650417 0.345625 0.653125 0.373594 0.651042 0.385781 0.637292 0.407188 0.655625 0.440937 0.662708 0.4675 0.657917 0.523281 0.654375 0.53875 0.643333 0.563125 0.622083 0.584844 0.595833 0.601406 0.570208 0.612969 0.533542 0.62 0.474583 0.617656 0.408958 0.59125 0.385625 0.577187 0.369583 0.562344 0.360208 0.535156 0.360208 0.497188 0.374792 0.427656 0.380208 0.412188 0.392083 0.399219 0.38375 0.386719
12 0.740417 0.378281 0.743125 0.361094 0.750208 0.346719 0.765833 0.330313 0.784375 0.320312 0.822083 0.308906 0.864583 0.305312 0.905833 0.307969 0.974583 0.325 0.992292 0.335156 1 0.348906 1 0.35875 1 0.374688 1 0.387344 0.99625 0.498594 0.981458 0.537031 0.948125 0.57875 0.927708 0.599062 0.90875 0.613281 0.879792 0.62875 0.8425 0.635469 0.798125 0.635469 0.760625 0.632188 0.742708 0.627344 0.685 0.589063 0.666875 0.570312 0.659583 0.548125 0.661667 0.484844 0.675208 0.464531 0.681458 0.448437 0.694583 0.435469 0.71 0.412344 0.7425 0.390937
12 0.644792 0.565937 0.651667 0.544687 0.679583 0.519375 0.706875 0.507656 0.723125 0.506094 0.778333 0.509687 0.803333 0.515156 0.837292 0.535625 0.847917 0.548594 0.855208 0.579063 0.847917 0.601094 0.8275 0.619688 0.828333 0.643125 0.833125 0.6575 0.828958 0.674375 0.820833 0.684219 0.814583 0.699688 0.792708 0.723906 0.756458 0.742812 0.724792 0.747031 0.704167 0.747031 0.677083 0.7425 0.641458 0.729063 0.621042 0.718438 0.603958 0.701094 0.598958 0.682344 0.598958 0.651563 0.602292 0.635469 0.615833 0.603281 0.635417 0.579688 0.645208 0.573594 0.644792 0.566563
12 0.381875 0.581406 0.394792 0.546563 0.408333 0.534062 0.427083 0.525625 0.468125 0.521563 0.528125 0.525 0.543542 0.529375 0.561458 0.53875 0.573958 0.552187 0.58125 0.575469 0.578125 0.590313 0.56875 0.60375 0.582708 0.61875 0.587708 0.637188 0.586042 0.676562 0.575625 0.704531 0.549583 0.731563 0.532292 0.742656 0.497292 0.750625 0.44125 0.751875 0.419167 0.74875 0.389583 0.737031 0.363125 0.71625 0.351875 0.684688 0.355 0.649062 0.363125 0.624844 0.383958 0.595469 0.381875 0.582031
12 0.112083 0.5725 0.112083 0.561562 0.119792 0.539219 0.127917 0.529219 0.156458 0.511562 0.182292 0.502188 0.210625 0.496719 0.245208 0.495469 0.270833 0.499531 0.29125 0.510625 0.30375 0.522656 0.310625 0.5375 0.312292 0.552031 0.3425 0.579219 0.354583 0.596719 0.363542 0.623437 0.369167 0.660469 0.36625 0.688438 0.359375 0.702656 0.347083 0.714219 0.322292 0.726562 0.260833 0.744531 0.21125 0.745937 0.183542 0.741094 0.165417 0.734219 0.146042 0.723281 0.130833 0.709531 0.116458 0.684219 0.113958 0.643281 0.119375 0.624375 0.130625 0.605938 0.117083 0.590938
12 0.0489583 0.516094 0.0547917 0.530469 0.0652083 0.537031 0.0635417 0.5475 0.068125 0.565 0.0854167 0.586719 0.099375 0.596875 0.117292 0.603281 0.130208 0.643281 0.133125 0.691563 0.129167 0.707812 0.113333 0.729531 0.0810417 0.7525 0.0666667 0.758594 0.005 0.772031 0.000208333 0.759062 0.0025 0.745937 0 0.729844 0.00104167 0.699531 0 0.683125 0.0025 0.666406 0 0.647188 0.00520833 0.518906 0.004375 0.487969 0.0252083 0.490469
12 0.290625 0.762969 0.303333 0.725781 0.320417 0.704688 0.345833 0.690625 0.391458 0.676094 0.422708 0.673438 0.458125 0.679219 0.494583 0.6925 0.517708 0.706719 0.532083 0.723906 0.537292 0.73875 0.538333 0.755625 0.56125 0.796875 0.569583 0.824687 0.569583 0.852187 0.565 0.874219 0.55125 0.905469 0.539375 0.920312 0.492708 0.955156 0.461042 0.964375 0.444375 0.966562 0.411667 0.967187 0.376667 0.9625 0.347292 0.95375 0.329167 0.944531 0.313125 0.933594 0.297708 0.913125 0.280417 0.865781 0.280833 0.831563 0.2925 0.807031 0.29625 0.782188
12 0.00270833 0.701406 0.0177083 0.691094 0.036875 0.685 0.0508333 0.675625 0.0716667 0.667188 0.091875 0.664531 0.142292 0.665781 0.168125 0.67375 0.192917 0.687188 0.201875 0.695 0.214583 0.713281 0.240208 0.725938 0.256667 0.740469 0.280833 0.7725 0.287292 0.818594 0.279375 0.880937 0.249792 0.916875 0.226458 0.931563 0.168125 0.950156 0.144167 0.953438 0.0977083 0.952344 0.075 0.946094 0.048125 0.931875 0.03125 0.918281 0.000208333 0.884375 0.003125 0.854375 0.003125 0.771875 0 0.706875
12 0.657292 0.18125 0.662292 0.156094 0.676667 0.142344 0.721458 0.137187 0.767917 0.137656 0.782292 0.142813 0.819375 0.148281 0.826875 0.156719 0.831875 0.175 0.825 0.199375 0.816667 0.208125 0.830417 0.223125 0.83375 0.252656 0.828542 0.285469 0.817708 0.297031 0.811875 0.310937 0.774583 0.335 0.759375 0.339375 0.694167 0.339375 0.664583 0.33375 0.640833 0.318125 0.627292 0.303281 0.6225 0.285 0.626458 0.2475 0.642292 0.212344 0.66125 0.196094
