12 0.765 0.421875 0.805625 0.415 0.844792 0.418438 0.870208 0.42625 0.88625 0.436875 0.889167 0.445 0.887083 0.451562 0.876667 0.46125 0.884792 0.471562 0.894167 0.497656 0.896042 0.520625 0.887292 0.538438 0.8725 0.552187 0.855417 0.560469 0.843958 0.563125 0.825208 0.5625 0.778958 0.554219 0.754792 0.539219 0.737083 0.516875 0.735208 0.497031 0.746042 0.465156 0.752292 0.456719 0.764792 0.451406 0.757708 0.445781 0.755 0.438125 0.757292 0.430938 0.763333 0.425625
12 0.829375 0.492812 0.829792 0.478594 0.835833 0.470156 0.849792 0.462188 0.873125 0.457188 0.897292 0.456719 0.923125 0.46 0.967083 0.471406 0.981667 0.478281 0.988125 0.487031 0.989375 0.506719 0.979583 0.520312 0.989792 0.549063 0.988125 0.557813 0.992292 0.573594 0.982292 0.618125 0.957917 0.639062 0.9075 0.645937 0.875625 0.645937 0.842292 0.638594 0.812292 0.619688 0.798958 0.59875 0.798958 0.564375 0.805417 0.539687 0.819583 0.511719 0.831875 0.500156
12 0.71875 0.452031 0.737917 0.455625 0.770417 0.466719 0.777708 0.470781 0.784167 0.480156 0.785417 0.494844 0.781458 0.504219 0.77 0.513281 0.782292 0.529375 0.789583 0.546406 0.793125 0.591875 0.783125 0.609063 0.770208 0.61875 0.756042 0.625156 0.71625 0.63125 0.668542 0.627656 0.63125 0.615938 0.621458 0.61 0.612083 0.59875 0.605833 0.581719 0.607083 0.560156 0.616875 0.527344 0.639375 0.500312 0.633958 0.495 0.6325 0.480156 0.641458 0.465938 0.655 0.458437 0.678125 0.452969 0.714583 0.452344
12 0.449792 0.490937 0.446667 0.4825 0.452292 0.461094 0.467083 0.451094 0.5025 0.445937 0.531042 0.446406 0.568333 0.451562 0.582083 0.457656 0.590833 0.472969 0.589792 0.485313 0.582292 0.494844 0.598958 0.516406 0.604792 0.537813 0.602292 0.582344 0.586458 0.603281 0.575417 0.609531 0.558333 0.614531 0.50375 0.6175 0.472917 0.612656 0.442292 0.596875 0.426667 0.578437 0.424375 0.552187 0.435833 0.515156 0.451458 0.493438
12 0.244792 0.503437 0.241042 0.485 0.243542 0.475156 0.259583 0.463594 0.303958 0.454531 0.344375 0.454531 0.375 0.457813 0.390625 0.466875 0.395833 0.483281 0.384167 0.503437 0.39375 0.510938 0.40625 0.528906 0.417917 0.577813 0.417917 0.588125 0.409792 0.614219 0.39125 0.634062 0.375833 0.642188 0.350208 0.64875 0.330625 0.65125 0.297083 0.65125 0.259583 0.64 0.241875 0.626719 0.23 0.611875 0.224583 0.598125 0.223542 0.567969 0.231875 0.535313 0.250417 0.510469
12 0.153125 0.55125 0.165 0.537344 0.193542 0.526094 0.255417 0.516094 0.305833 0.516094 0.32125 0.520312 0.340417 0.532656 0.348958 0.546875 0.348958 0.565469 0.342917 0.580313 0.374792 0.62375 0.3825 0.657813 0.3825 0.678906 0.377917 0.693281 0.349583 0.734687 0.326667 0.746719 0.303125 0.753594 0.271458 0.757656 0.245625 0.757656 0.20125 0.750781 0.164375 0.733594 0.149583 0.717031 0.136875 0.682969 0.15 0.628906 0.158333 0.607656 0.1675 0.595625 0.157083 0.59 0.152083 0.575156 0.153542 0.562812
12 0.429792 0.547813 0.431042 0.531406 0.442292 0.520156 0.47875 0.50625 0.509167 0.504375 0.555833 0.509062 0.581875 0.515625 0.598333 0.525781 0.60625 0.552813 0.600833 0.572031 0.61375 0.598281 0.618958 0.61875 0.618958 0.663594 0.607708 0.700781 0.582917 0.725156 0.532708 0.735625 0.497708 0.734844 0.455833 0.724375 0.437708 0.714219 0.426667 0.704375 0.414375 0.675 0.4125 0.607812 0.422083 0.585469 0.439167 0.569688 0.43375 0.564375 0.432292 0.552344
12 0.673125 0.564063 0.669583 0.547187 0.679167 0.526875 0.695625 0.517969 0.717917 0.514375 0.756042 0.514844 0.807917 0.523438 0.834583 0.536875 0.850625 0.551094 0.855833 0.570469 0.842917 0.591094 0.841667 0.6025 0.850625 0.619844 0.853125 0.650312 0.84375 0.695156 0.839583 0.704531 0.82625 0.718438 0.796458 0.731094 0.760417 0.739844 0.73125 0.739844 0.710208 0.736875 0.685208 0.727812 0.655625 0.706406 0.639375 0.688594 0.625833 0.660469 0.62625 0.642656 0.653125 0.590938 0.674375 0.565937
12 0.989792 0.526406 0.999375 0.53 0.999375 0.754375 0.957917 0.751719 0.91 0.74125 0.898125 0.736406 0.881667 0.728594 0.861458 0.71 0.849167 0.686875 0.849167 0.642813 0.858958 0.617969 0.866667 0.607187 0.884792 0.592969 0.906458 0.570469 0.909375 0.553906 0.919792 0.535313 0.9325 0.529219 0.944167 0.527031 0.989375 0.526406
12 0.998542 0.838906 1 0.869531 0.983333 0.914375 0.951875 0.958906 0.924375 0.975781 0.878542 0.988438 0.842292 0.989062 0.787917 0.981094 0.7575 0.970156 0.6975 0.921875 0.67625 0.895781 0.66875 0.8675 0.667083 0.835781 0.674167 0.790781 0.681875 0.771875 0.699167 0.746563 0.725625 0.717812 0.738958 0.710313 0.734375 0.6875 0.740208 0.670625 0.750417 0.660313 0.781667 0.643125 0.800208 0.637656 0.835833 0.636875 0.906875 0.651094 0.959792 0.670156 0.974167 0.679688 0.987917 0.692187 0.999375 0.712969 0.997917 0.744844 1 0.764219 0.993125 0.7825 0.997917 0.796875 0.998125 0.836719
12 0.385833 0.7175 0.381458 0.702344 0.381458 0.686562 0.39 0.66375 0.415625 0.640625 0.458958 0.625781 0.48375 0.622344 0.518542 0.622344 0.556875 0.627812 0.587917 0.639531 0.615417 0.658281 0.631667 0.689375 0.622917 0.734375 0.638542 0.767031 0.644375 0.797969 0.644375 0.860469 0.638958 0.885313 0.629583 0.902344 0.603125 0.932656 0.585208 0.944688 0.523542 0.964531 0.494583 0.963281 0.475417 0.965312 0.455833 0.961719 0.43625 0.953594 0.385833 0.926875 0.365625 0.910156 0.352292 0.885938 0.346667 0.850156 0.345833 0.808906 0.357083 0.757812 0.369167 0.737031 0.387083 0.719844
12 0.0229167 0.743906 0.0120833 0.707969 0.0135417 0.691719 0.0266667 0.668438 0.0427083 0.651406 0.0672917 0.63875 0.117083 0.622969 0.165625 0.616094 0.201875 0.617031 0.238958 0.622969 0.256667 0.627344 0.273542 0.638281 0.285208 0.662813 0.285208 0.700469 0.31625 0.731719 0.321875 0.741719 0.336458 0.831563 0.334792 0.855781 0.324792 0.880312 0.311042 0.9025 0.284375 0.929688 0.245625 0.950937 0.216875 0.959219 0.188542 0.963906 0.144167 0.967344 0.110625 0.966719 0.090625 0.963125 0.0629167 0.950625 0.039375 0.931719 0.0239583 0.912031 0.0177083 0.902656 0.00979167 0.873906 0.0075 0.858437 0.009375 0.817812 0.0266667 0.74875
