13 0.252917 0.370312 0.253958 0.417812 0.259583 0.42125 0.248333 0.552813 0.241667 0.55875 0.222917 0.564531 0.181667 0.572031 0.0916667 0.572031 0.055 0.569531 0.0383333 0.562031 0.02625 0.540312 0.0183333 0.427031 0.0229167 0.415313 0.0195833 0.36625 0.0772917 0.365313 0.250625 0.37125
13 0.239792 0.562344 0.2275 0.571562 0.225208 0.741563 0.211875 0.747344 0.1775 0.755781 0.143125 0.759062 0.081875 0.754063 0.061875 0.746563 0.0408333 0.726562 0.0364583 0.609063 0.0397917 0.565625 0.0675 0.572344 0.1075 0.575625 0.165208 0.575625 0.198542 0.572344 0.241875 0.558125
13 0.423125 0.559063 0.446458 0.568125 0.451875 0.583125 0.4475 0.596562 0.4475 0.634062 0.440833 0.639844 0.4375 0.767344 0.408542 0.783281 0.3875 0.791563 0.338542 0.800781 0.291875 0.796563 0.249792 0.782344 0.231875 0.770781 0.225208 0.625625 0.231875 0.573125 0.278542 0.557344 0.358542 0.552344 0.424167 0.561562
13 0.550833 0.569844 0.599792 0.572344 0.645208 0.583125 0.688542 0.599062 0.689792 0.653125 0.685208 0.663125 0.679792 0.799063 0.664167 0.814063 0.646458 0.825781 0.614167 0.839063 0.574167 0.842344 0.525208 0.835781 0.479792 0.824062 0.461875 0.814844 0.440833 0.774844 0.441875 0.646563 0.449792 0.583125 0.499792 0.574062 0.551875 0.569063
13 0.958542 0.623125 0.976458 0.631563 0.969792 0.694844 0.965208 0.698281 0.969792 0.704063 0.938542 0.854844 0.920833 0.870781 0.900833 0.879063 0.863125 0.888281 0.813125 0.887344 0.770833 0.878281 0.721875 0.858281 0.695208 0.842344 0.680833 0.815781 0.688542 0.669844 0.693125 0.662344 0.695208 0.620625 0.764167 0.644844 0.831875 0.655625 0.885208 0.655625 0.934167 0.645625 0.9575 0.622344
13 0.99625 0.389844 0.995417 0.446875 0.990625 0.451719 0.995417 0.457969 0.995417 0.473906 0.9675 0.612031 0.9425 0.642656 0.889792 0.655156 0.82125 0.650312 0.772083 0.640625 0.725 0.627344 0.702708 0.618281 0.680417 0.5975 0.677708 0.577344 0.697083 0.435781 0.701875 0.432188 0.698958 0.432969 0.706458 0.382188 0.712917 0.379375 0.744375 0.376719 0.923958 0.382188 0.995417 0.389844
13 0.702708 0.375937 0.700833 0.423906 0.698958 0.435 0.691667 0.442031 0.677708 0.567031 0.623958 0.569063 0.547083 0.557969 0.531458 0.550312 0.52125 0.530156 0.525 0.421094 0.530417 0.41625 0.527708 0.415625 0.532292 0.373906 0.698958 0.375937
13 0.525 0.373906 0.522083 0.407188 0.523125 0.415625 0.525833 0.41625 0.5175 0.54125 0.498958 0.5475 0.473958 0.551719 0.3925 0.548906 0.353542 0.539844 0.344375 0.525938 0.340625 0.417656 0.343333 0.412812 0.343333 0.373906 0.443542 0.376719 0.520208 0.374531
13 0.339375 0.372344 0.338542 0.519531 0.334792 0.528594 0.326458 0.532656 0.256042 0.534062 0.257917 0.416719 0.252292 0.411875 0.254167 0.37375 0.336667 0.372344
13 0.332083 0.194531 0.335625 0.359063 0.320833 0.371563 0.175417 0.366719 0.167083 0.345156 0.165417 0.234063 0.161667 0.23625 0.157917 0.195156 0.188542 0.186875 0.243125 0.186875 0.330208 0.1925
13 0.528333 0.188281 0.524583 0.232656 0.521875 0.232031 0.529167 0.240313 0.528333 0.362656 0.515417 0.374375 0.350417 0.370156 0.336667 0.359844 0.332917 0.2375 0.34125 0.232031 0.3375 0.232656 0.338542 0.189688 0.376458 0.176406 0.476458 0.178594 0.528333 0.1875
13 0.752083 0.180781 0.750625 0.217813 0.7475 0.224219 0.754375 0.231719 0.738333 0.360781 0.73125 0.375312 0.716667 0.377656 0.547708 0.373594 0.534583 0.370625 0.531458 0.360312 0.528333 0.23875 0.534583 0.228281 0.532292 0.228906 0.53375 0.187188 0.553125 0.173906 0.659583 0.163437 0.725208 0.169219 0.750625 0.177969
13 0.956667 0.205156 0.963542 0.236406 0.952083 0.339375 0.942708 0.37125 0.917292 0.376406 0.784583 0.370625 0.778333 0.289687 0.787708 0.2225 0.80625 0.205156 0.837083 0.197656 0.8825 0.195312 0.952708 0.203437