13 0.400417 0.657813 0.395417 0.702187 0.40875 0.71375 0.405417 0.72375 0.390833 0.910469 0.380833 0.929688 0.366458 0.939688 0.322083 0.948906 0.286458 0.948906 0.24875 0.940469 0.225417 0.927187 0.223125 0.717187 0.233125 0.704688 0.230833 0.69875 0.233125 0.66125 0.275417 0.652187 0.326458 0.649687 0.37875 0.650469
13 0.573125 0.657188 0.586458 0.66625 0.584167 0.704688 0.57875 0.712187 0.590833 0.725469 0.592083 0.922969 0.583125 0.937187 0.566458 0.950469 0.542083 0.960469 0.50875 0.965469 0.475417 0.964687 0.430833 0.955469 0.412083 0.942187 0.400833 0.917188 0.404167 0.71375 0.414167 0.707188 0.410833 0.705469 0.409792 0.672187 0.419792 0.662188 0.452083 0.65625 0.509792 0.65375 0.569792 0.65875
13 0.729792 0.660313 0.771042 0.669375 0.784375 0.679375 0.784792 0.714687 0.779375 0.722187 0.793958 0.736094 0.789375 0.936406 0.763958 0.967656 0.727708 0.977969 0.656667 0.973437 0.622708 0.961875 0.600417 0.943281 0.595 0.922969 0.58875 0.72625 0.605417 0.710469 0.600833 0.707188 0.602083 0.669687 0.6275 0.662188 0.680833 0.657969 0.733125 0.662188
13 1 0.682813 1 0.734844 0.995208 0.737656 1 0.743281 0.998125 0.985781 0.987292 1 0.875417 0.997344 0.853125 0.990938 0.794167 0.960938 0.7975 0.7325 0.810833 0.720938 0.805208 0.715 0.808542 0.675781 0.855208 0.6675 0.948542 0.674219 0.993125 0.683281
13 0.307708 0.291094 0.311667 0.450156 0.314792 0.454844 0.303958 0.46125 0.175 0.461875 0.167292 0.456094 0.162708 0.299219 0.166667 0.294531 0.166667 0.262188 0.195833 0.255781 0.260833 0.255781 0.30625 0.266719
13 0.459792 0.265 0.459792 0.292813 0.464375 0.300937 0.464375 0.4525 0.456667 0.460625 0.31625 0.462969 0.310833 0.456562 0.307708 0.262656 0.331042 0.251719 0.363333 0.25 0.414375 0.251719 0.449792 0.256875 0.462917 0.26625
13 0.621042 0.256406 0.624167 0.291719 0.616458 0.456094 0.612708 0.459531 0.46375 0.457188 0.462083 0.2975 0.464375 0.256406 0.51625 0.241875 0.587083 0.244844 0.619583 0.254688
13 0.76625 0.325781 0.763125 0.459531 0.6875 0.461875 0.684375 0.320625 0.757708 0.322344
13 0.878333 0.32375 0.873125 0.461406 0.765833 0.460156 0.768542 0.326406 0.8025 0.319062 0.8775 0.322187
13 0.885625 0.175313 0.890625 0.310625 0.8875 0.321719 0.797292 0.318594 0.77625 0.324688 0.770417 0.319688 0.769583 0.185312 0.782083 0.177031 0.815208 0.167344 0.873333 0.169219 0.884167 0.174531
13 0.767292 0.181563 0.763333 0.462656 0.677917 0.462656 0.677917 0.316562 0.697292 0.316562 0.6875 0.315937 0.682083 0.309219 0.655625 0.305312 0.65625 0.19 0.664167 0.182031 0.693333 0.175313 0.723958 0.171563 0.753125 0.174687
13 0.651667 0.191406 0.65625 0.302969 0.641458 0.302969 0.631667 0.28625 0.623125 0.280156 0.616875 0.257656 0.598542 0.247344 0.580625 0.243906 0.548125 0.243281 0.546667 0.199375 0.548958 0.193125 0.560208 0.188437 0.589583 0.182031 0.62 0.180313 0.652083 0.19
13 0.434792 0.204062 0.434167 0.254219 0.406667 0.250937 0.332708 0.250937 0.333125 0.201719 0.336667 0.196875 0.359375 0.191562 0.386875 0.190625 0.417917 0.195 0.437083 0.202188
13 0.544167 0.198437 0.543333 0.219219 0.547708 0.22125 0.545417 0.240937 0.517708 0.243281 0.46875 0.255625 0.458333 0.262344 0.439167 0.254375 0.436042 0.224844 0.440625 0.219219 0.439583 0.206719 0.444583 0.195781 0.47625 0.187031 0.523125 0.189688 0.54375 0.198125