13 0.380625 0.573906 0.377917 0.616875 0.382083 0.626875 0.375417 0.639844 0.382083 0.849844 0.343333 0.863906 0.292708 0.872812 0.223333 0.868906 0.204583 0.856875 0.197917 0.847813 0.19 0.632812 0.207292 0.616875 0.195417 0.611875 0.193958 0.583906 0.207292 0.576875 0.257917 0.568906 0.373958 0.572813
13 0.57 0.574844 0.56875 0.615781 0.556667 0.617812 0.575417 0.635781 0.582083 0.835781 0.571458 0.866875 0.562083 0.872812 0.535417 0.881875 0.480625 0.889844 0.426042 0.882812 0.399375 0.876875 0.384583 0.850781 0.376667 0.635781 0.392708 0.620781 0.387292 0.615781 0.387292 0.578906 0.483333 0.569844 0.563333 0.572813
13 0.700625 0.567812 0.756667 0.572813 0.778125 0.580781 0.776667 0.616875 0.767292 0.620781 0.791458 0.643906 0.793958 0.852812 0.787292 0.868906 0.776667 0.883906 0.746042 0.891875 0.702083 0.896875 0.660625 0.894844 0.622083 0.883906 0.603333 0.871875 0.586042 0.842812 0.584792 0.633906 0.602083 0.616875 0.58875 0.612812 0.591458 0.572813 0.698125 0.568906
13 0.98875 0.576875 1 0.579844 0.996667 0.912813 0.978125 0.917812 0.946042 0.919844 0.89 0.912813 0.85 0.903906 0.819375 0.889844 0.802083 0.874844 0.793958 0.639844 0.812708 0.619844 0.802083 0.614844 0.800625 0.583906 0.836667 0.578906 0.991458 0.578906
13 0.262292 0.16 0.274375 0.356719 0.12 0.36 0.113333 0.161719 0.128958 0.150781 0.177708 0.1475 0.224375 0.150781 0.262292 0.158281
13 0.426667 0.150781 0.434375 0.349219 0.271042 0.354219 0.258958 0.1475 0.288958 0.130781 0.353333 0.13 0.395625 0.135781 0.425625 0.149219
13 0.591042 0.135 0.596667 0.344219 0.438958 0.349219 0.426667 0.134219 0.475625 0.116719 0.521042 0.1125 0.564375 0.119219 0.59 0.131719
13 0.878125 0.235625 0.883542 0.329375 0.766667 0.335781 0.759792 0.242969 0.804792 0.231562 0.842292 0.231562 0.876042 0.235312
13 0.755 0.096875 0.758125 0.23 0.674792 0.230469 0.673125 0.221875 0.64375 0.208594 0.64375 0.100312 0.668542 0.0870313 0.714792 0.08 0.739583 0.0857813 0.754167 0.096875
13 0.881458 0.235156 0.799792 0.230469 0.768125 0.2375 0.765833 0.235781 0.758125 0.0975 0.779583 0.08 0.83125 0.0690625 0.8575 0.0714063 0.881458 0.080625
13 0.755417 0.238594 0.759583 0.336719 0.675208 0.339375 0.67375 0.232969 0.701667 0.228125 0.737083 0.228594 0.754792 0.237812