13 0.509792 0.756563 0.516042 0.8525 0.508333 0.862344 0.496042 0.873437 0.456667 0.887813 0.40875 0.886094 0.387917 0.87625 0.370208 0.862969 0.36625 0.855469 0.353958 0.745 0.506667 0.753594
13 0.67875 0.768125 0.675833 0.867656 0.672708 0.871719 0.659583 0.881563 0.627083 0.896562 0.598542 0.9 0.563958 0.894219 0.53 0.86875 0.521458 0.854375 0.515208 0.755312 0.675833 0.765156
13 0.867083 0.787188 0.849375 0.902969 0.8425 0.913281 0.82625 0.927187 0.78375 0.9325 0.720417 0.917344 0.705833 0.908125 0.684167 0.88375 0.685833 0.7675 0.863333 0.782031
13 1 0.788906 0.998333 0.946875 0.986667 0.949844 0.940417 0.945156 0.891042 0.925469 0.863333 0.894844 0.883333 0.786562 0.9975 0.787813
13 0.672708 0.874531 0.671042 0.968281 0.656458 0.989219 0.626458 0.999062 0.569167 0.997188 0.544583 0.97875 0.53 0.959688 0.522917 0.860156 0.55625 0.889687 0.570833 0.895937 0.599375 0.90125 0.644792 0.893594 0.660417 0.885 0.673542 0.870469
13 0.84625 0.916875 0.837083 0.998437 0.681875 0.997188 0.674167 0.987969 0.68125 0.878594 0.695 0.902969 0.71125 0.920937 0.754375 0.934688 0.798542 0.934688 0.823125 0.927812 0.844792 0.912813
13 0.515208 0.857812 0.522917 0.951562 0.496667 0.977656 0.472917 0.987344 0.439583 0.990312 0.405625 0.982187 0.38875 0.972969 0.379375 0.959062 0.36625 0.864219 0.380208 0.876875 0.39875 0.885 0.416458 0.890781 0.447292 0.890781 0.4775 0.884375 0.4975 0.874531 0.511458 0.859531
13 0.501667 0.393594 0.508958 0.610313 0.505208 0.615938 0.461667 0.633906 0.416458 0.638125 0.383125 0.631875 0.358125 0.624219 0.347917 0.608906 0.317292 0.395 0.341458 0.40125 0.422917 0.404844 0.47 0.399219 0.501667 0.391562
13 0.701667 0.402031 0.697917 0.611719 0.683958 0.63875 0.622917 0.652031 0.579375 0.649219 0.54875 0.64375 0.518333 0.624219 0.514583 0.6125 0.508125 0.397187 0.544167 0.404844 0.6025 0.4075 0.640417 0.406094 0.700625 0.396406
13 0.921875 0.392969 0.915417 0.4325 0.911875 0.436719 0.918333 0.443594 0.891458 0.615938 0.885 0.6375 0.864583 0.645781 0.835833 0.652031 0.792292 0.652031 0.757083 0.649219 0.708125 0.630469 0.699792 0.613125 0.707083 0.436719 0.711875 0.429844 0.708958 0.424219 0.711875 0.393594 0.725625 0.398594 0.816458 0.402656 0.887708 0.397813 0.921875 0.390156
13 0.494375 0.116094 0.49625 0.164062 0.489792 0.1675 0.4925 0.170313 0.505417 0.383437 0.493542 0.391719 0.448958 0.400781 0.385208 0.404219 0.330417 0.402187 0.311042 0.381406 0.283333 0.177187 0.28875 0.165313 0.284167 0.165313 0.277708 0.122969 0.294375 0.114688 0.360208 0.109844 0.439792 0.108438 0.489792 0.114688
13 0.713542 0.105313 0.714583 0.149531 0.706875 0.15375 0.718958 0.164531 0.715625 0.170313 0.708958 0.372031 0.71125 0.377969 0.695625 0.397969 0.663542 0.404531 0.608958 0.407031 0.546875 0.40375 0.512292 0.395469 0.505625 0.390469 0.492292 0.172812 0.496875 0.157812 0.492292 0.11375 0.547917 0.0970312 0.592292 0.0945312 0.676875 0.0970312 0.712083 0.102188
13 0.958958 0.0903125 0.955833 0.136719 0.947917 0.1425 0.959167 0.153438 0.926875 0.376719 0.919167 0.39 0.879167 0.398438 0.789167 0.3975 0.719167 0.393437 0.712292 0.386719 0.710208 0.374219 0.716875 0.101875 0.755417 0.0946875 0.855208 0.0845313 0.930208 0.0845313 0.955 0.0903125