13 0.572083 0.0471875 0.575208 0.154219 0.5675 0.173281 0.526667 0.165781 0.469375 0.166406 0.435417 0.175625 0.430833 0.172812 0.427083 0.0540625 0.433958 0.0459375 0.447917 0.0360938 0.506458 0.0292187 0.5475 0.0326562 0.572083 0.0478125
13 0.727292 0.0182812 0.7325 0.143281 0.72875 0.161719 0.721875 0.157656 0.677917 0.150156 0.643125 0.150156 0.598333 0.157187 0.584375 0.166406 0.575208 0.158281 0.572917 0.0315625 0.575208 0.0251563 0.598333 0.0107813 0.644583 0.004375 0.6725 0.004375 0.7025 0.0078125 0.723333 0.0176563
13 0.423125 0.183125 0.427083 0.215 0.427708 0.313906 0.34375 0.309844 0.308125 0.311719 0.295833 0.314531 0.29125 0.30875 0.288958 0.189531 0.309792 0.177969 0.338958 0.172812 0.377708 0.175625 0.420833 0.184844
13 0.572083 0.173281 0.575208 0.208125 0.575208 0.293125 0.568958 0.306406 0.5475 0.302969 0.501042 0.302969 0.437917 0.309375 0.4325 0.297812 0.428542 0.178594 0.479583 0.165156 0.53125 0.164688 0.562917 0.171094
13 0.729583 0.161719 0.729583 0.285 0.720208 0.3 0.690208 0.294844 0.668542 0.294844 0.609167 0.298281 0.584375 0.302969 0.576667 0.296094 0.575208 0.204531 0.578333 0.201094 0.574375 0.204062 0.573542 0.175 0.578958 0.16875 0.612292 0.153594 0.660833 0.151875 0.714167 0.154844 0.726458 0.160625
13 0.429792 0.316719 0.436875 0.434844 0.427083 0.44 0.366667 0.440937 0.308125 0.438438 0.301667 0.426406 0.295208 0.35 0.296875 0.315937 0.305 0.313125 0.428125 0.315156
13 0.901458 0.239531 0.904583 0.271719 0.902083 0.420781 0.884792 0.430469 0.757917 0.432812 0.763125 0.347031 0.734167 0.345156 0.730417 0.2925 0.731667 0.254375 0.747083 0.244375 0.768333 0.237031 0.802292 0.233281 0.846042 0.230781 0.90375 0.237656
13 0.998542 0.225 1 0.4275 0.911667 0.428125 0.902083 0.421719 0.907292 0.244375 0.930417 0.234687 0.996667 0.223125
13 1 0.545937 1 0.7375 0.945208 0.729219 0.912917 0.708437 0.918542 0.575937 0.922917 0.535 0.9975 0.5425
13 0.999583 0.740156 1 0.926875 0.944167 0.912344 0.925625 0.900781 0.90625 0.88 0.916458 0.7175 0.92875 0.72625 0.998125 0.740156
13 0.908125 0.537656 0.910417 0.62625 0.89875 0.639531 0.847917 0.6425 0.810208 0.639531 0.781458 0.633125 0.764583 0.624531 0.756875 0.616406 0.756875 0.54 0.76 0.527187 0.757708 0.500625 0.801667 0.509375 0.867292 0.509375 0.908125 0.505312
13 0.908542 0.637344 0.907917 0.752188 0.894583 0.765937 0.883958 0.770625 0.855 0.774687 0.80625 0.770625 0.764375 0.752969 0.758958 0.745313 0.756875 0.629219 0.784792 0.638906 0.814167 0.643281 0.893542 0.641719 0.907917 0.635625
13 0.471875 0.613906 0.470625 0.72 0.456458 0.730625 0.433333 0.736875 0.417708 0.738281 0.368958 0.738281 0.346458 0.730625 0.338125 0.714219 0.344583 0.610469 0.366458 0.60125 0.417708 0.599375 0.464167 0.605625 0.471875 0.612344
13 0.607708 0.615313 0.607708 0.73 0.597708 0.742188 0.5775 0.748594 0.54 0.749375 0.498958 0.744688 0.484167 0.739687 0.471458 0.725156 0.473958 0.61625 0.479792 0.612031 0.51625 0.606094 0.563125 0.605156 0.600417 0.610938
13 0.751875 0.623906 0.752292 0.740625 0.734583 0.754687 0.713125 0.76 0.671667 0.758906 0.635625 0.752812 0.624167 0.748125 0.617292 0.7425 0.611667 0.730469 0.608542 0.613125 0.615625 0.625156 0.651667 0.634844 0.708125 0.63625 0.733958 0.633437 0.751875 0.623281
13 0.747083 0.501563 0.748542 0.531719 0.745417 0.53375 0.750208 0.536094 0.749167 0.6225 0.736875 0.631406 0.691875 0.635 0.641458 0.631719 0.618958 0.624531 0.607083 0.61 0.605 0.536094 0.609375 0.528438 0.608125 0.499219 0.659167 0.505625 0.728333 0.503594 0.7475 0.500312
13 0.903958 0.761406 0.896667 0.893125 0.868542 0.901719 0.824375 0.898438 0.795417 0.893125 0.778333 0.884375 0.774792 0.838125 0.752917 0.83375 0.7575 0.752344 0.765 0.757812 0.808333 0.773906 0.84625 0.775781 0.889167 0.771875 0.902917 0.760156
13 0.475 0.727344 0.475417 0.835156 0.45125 0.85375 0.410833 0.862969 0.37625 0.860313 0.36125 0.855781 0.344583 0.836562 0.34375 0.728437 0.36625 0.738281 0.4075 0.742969 0.454792 0.735781 0.47 0.728281