13 0.00395833 0.198437 0.0660417 0.218125 0.0735417 0.401406 0.0377083 0.407031 0 0.402813 0.00395833 0.197031
13 0.00583333 0.408437 0.0604167 0.41125 0.0810417 0.583125 0.0583333 0.598594 0 0.612812 0 0.407031
13 0.0772917 0.594375 0.0904167 0.694531 0.0414583 0.695937 0.0433333 0.795937 0.00208333 0.81 0 0.615625 0.0697917 0.595781
13 0.0941667 0.514062 0.146667 0.519688 0.255833 0.518281 0.298958 0.507031 0.298958 0.695937 0.0997917 0.693125 0.0885417 0.515469
13 0.0735417 0.230781 0.111042 0.22375 0.161875 0.220938 0.263333 0.232187 0.283958 0.243594 0.283958 0.277344 0.287708 0.294219 0.291458 0.504219 0.270833 0.514062 0.1975 0.516875 0.111042 0.515469 0.0810417 0.509844 0.0754167 0.497188
13 0.340208 0.232187 0.443542 0.227969 0.4775 0.232187 0.49625 0.239219 0.5 0.281562 0.490625 0.282969 0.49625 0.292813 0.501875 0.5 0.48125 0.512656 0.321458 0.512656 0.304583 0.497188 0.302708 0.287188 0.308333 0.280156 0.300833 0.274531 0.304375 0.23625
13 0.304583 0.508437 0.505625 0.515469 0.505625 0.700156 0.297083 0.694531 0.302708 0.508437
13 0.516875 0.232187 0.558333 0.225156 0.616458 0.220938 0.674792 0.222344 0.710417 0.232187 0.712292 0.495781 0.702917 0.514062 0.53 0.514062 0.509375 0.497188 0.5075 0.294219 0.513125 0.277344 0.509375 0.232187
13 0.721875 0.24875 0.8025 0.235 0.894583 0.235 0.922708 0.240625 0.920833 0.281562 0.930208 0.288594 0.937708 0.485938 0.928333 0.507031 0.734792 0.505625 0.725417 0.491563
13 0.712292 0.519688 0.716042 0.708594 0.513125 0.704375 0.509375 0.555 0.515 0.514062 0.706667 0.518281
13 0.727292 0.508437 0.930208 0.512656 0.935833 0.557813 0.939583 0.705781 0.721667 0.702969 0.723542 0.51125