13 0.535 0.121406 0.540417 0.169375 0.545833 0.287344 0.5325 0.299375 0.488333 0.309375 0.401667 0.309375 0.379167 0.291406 0.359167 0.187344 0.360417 0.177344 0.35375 0.141406 0.387083 0.133281 0.467083 0.124375 0.531042 0.122344
13 0.545 0.295312 0.559375 0.428437 0.547917 0.438594 0.503125 0.45125 0.434792 0.448906 0.420625 0.444531 0.411042 0.431406 0.385833 0.305312 0.4125 0.312344 0.495 0.309375 0.521667 0.304375 0.543125 0.296406
13 0.559792 0.432031 0.569583 0.550312 0.554792 0.560781 0.525833 0.570156 0.497292 0.572813 0.4625 0.568125 0.434792 0.557031 0.413333 0.473281 0.416042 0.470313 0.413333 0.440469 0.425833 0.4475 0.442708 0.4525 0.491875 0.454219 0.537083 0.445156 0.558125 0.432812
13 0.722292 0.438125 0.721042 0.557656 0.678958 0.574844 0.636667 0.577813 0.599167 0.568438 0.588333 0.562031 0.574583 0.547031 0.5675 0.433437 0.583958 0.448437 0.602708 0.454844 0.620625 0.456875 0.6625 0.455469 0.68625 0.451562 0.721042 0.438125
13 0.724167 0.439063 0.739375 0.458281 0.784375 0.471562 0.814375 0.474375 0.867083 0.470937 0.88125 0.467656 0.896458 0.461562 0.907708 0.451562 0.888958 0.577813 0.87875 0.587812 0.827708 0.601562 0.808542 0.601875 0.782708 0.599219 0.753125 0.588125 0.736667 0.578125 0.723333 0.557344 0.723333 0.440156 0.724167 0.439063 0.7225 0.437031 0.70125 0.44625 0.67625 0.452031 0.624167 0.453906 0.59 0.449531 0.581667 0.445312 0.568125 0.427344 0.555417 0.29375 0.555417 0.292344 0.565625 0.301094 0.609375 0.309688 0.696875 0.303906 0.726458 0.29375 0.7225 0.437031
13 0.73875 0.299063 0.751667 0.305312 0.802708 0.313594 0.848958 0.313594 0.912917 0.303906 0.936042 0.293438 0.93125 0.333125 0.933125 0.339375 0.914583 0.440781 0.901667 0.455312 0.878125 0.467344 0.802917 0.468906 0.776458 0.465469 0.755208 0.459687 0.74125 0.454844 0.731458 0.447187 0.725 0.439375 0.732708 0.295312
13 0.998958 0.474688 1 0.613594 0.983125 0.612969 0.9175 0.594219 0.902708 0.587187 0.897917 0.574688 0.916458 0.451875 0.975833 0.473438 0.997917 0.474688
13 1 0.304375 0.9975 0.472656 0.976875 0.470156 0.935208 0.45625 0.920417 0.439375 0.938333 0.330781 0.948542 0.293281 0.97625 0.302344 0.999375 0.303437
13 0.731458 0.107969 0.72875 0.157656 0.725 0.158438 0.729583 0.161094 0.730625 0.286094 0.7275 0.287188 0.93125 0.287188 0.93125 0.471094 0.723333 0.471094 0.723333 0.288438 0.679583 0.302187 0.650833 0.305625 0.601875 0.305625 0.575 0.302813 0.559167 0.295938 0.554583 0.28125 0.537917 0.120781 0.688958 0.11875
13 0.9625 0.09625 0.957917 0.142031 0.953333 0.148281 0.960208 0.15125 0.943958 0.273906 0.930208 0.2925 0.903125 0.305156 0.85 0.310937 0.812083 0.310937 0.783542 0.308125 0.746458 0.299375 0.733333 0.278594 0.734167 0.165156 0.73875 0.158125 0.736458 0.158125 0.737917 0.110156 0.754167 0.1125 0.799792 0.111875 0.87375 0.108438 0.9325 0.103125 0.964167 0.095625
13 0.986458 0.83875 0.967708 0.9025 0.963333 0.910156 0.952917 0.917969 0.91125 0.92125 0.885417 0.915469 0.853958 0.898594 0.842917 0.878906 0.853958 0.809844 0.8675 0.830156 0.893125 0.847969 0.914375 0.855625 0.936875 0.856719 0.963958 0.849844 0.983125 0.838281
13 0.8475 0.816094 0.842292 0.876406 0.8275 0.890469 0.797917 0.903438 0.765833 0.901563 0.745833 0.895781 0.718333 0.867344 0.723333 0.800156 0.728542 0.808437 0.745833 0.823906 0.770417 0.837344 0.799375 0.840312 0.818542 0.835469 0.832708 0.830156 0.849375 0.814219
13 0.71625 0.801719 0.717708 0.855625 0.711875 0.86625 0.695833 0.879844 0.67125 0.886562 0.635208 0.882656 0.608333 0.86875 0.600625 0.85625 0.595417 0.791094 0.616042 0.811875 0.628125 0.817656 0.668125 0.822969 0.687292 0.819063 0.704167 0.810312 0.71375 0.799687
13 0.589583 0.780938 0.596667 0.847969 0.588958 0.85625 0.574167 0.865312 0.552917 0.871562 0.518958 0.867812 0.499583 0.859062 0.489375 0.843594 0.484167 0.784375 0.51 0.803125 0.523333 0.807031 0.55625 0.803594 0.574167 0.797344 0.587083 0.782344
13 1 0.765469 1 0.802187 0.988958 0.8325 0.970417 0.8475 0.939375 0.855156 0.91375 0.851875 0.890625 0.844063 0.859792 0.819063 0.853958 0.804531 0.869375 0.732187 0.897083 0.763125 0.933125 0.773281 0.95625 0.776094 0.9825 0.772188
13 0.861042 0.741875 0.85 0.814688 0.823125 0.832969 0.8025 0.839219 0.767083 0.834531 0.739375 0.821875 0.727917 0.812813 0.718958 0.799219 0.723958 0.717812 0.743333 0.74375 0.776042 0.759219 0.790208 0.761094 0.821042 0.75875 0.839167 0.7525 0.859167 0.741406
13 0.716875 0.721094 0.714375 0.797344 0.68875 0.816094 0.670625 0.820469 0.636667 0.818125 0.619792 0.810781 0.597292 0.793906 0.592292 0.78625 0.590833 0.713906 0.605 0.730312 0.614792 0.735625 0.637292 0.741875 0.656458 0.743281 0.675208 0.741875 0.695833 0.735156 0.715 0.720156
13 0.583125 0.70625 0.592292 0.775625 0.587708 0.783906 0.572292 0.795469 0.56 0.80125 0.545833 0.804063 0.520208 0.802656 0.502083 0.797813 0.481667 0.784375 0.478333 0.7775 0.4675 0.706719 0.476458 0.718281 0.487292 0.725469 0.513125 0.73125 0.552917 0.726406 0.568333 0.71875 0.584583 0.704219
13 0.451042 0.628437 0.576458 0.638594 0.581458 0.706562 0.553333 0.7225 0.538542 0.725938 0.511458 0.728281 0.494792 0.723906 0.48125 0.716719 0.469583 0.7075 0.453542 0.663125 0.449792 0.646719 0.450417 0.628437
13 0.588542 0.64 0.719167 0.647813 0.716042 0.716719 0.696667 0.734063 0.677292 0.739844 0.635 0.739844 0.614375 0.733594 0.59625 0.721562 0.589375 0.7075 0.583542 0.637656
13 0.870833 0.662188 0.8625 0.737969 0.854792 0.74375 0.809167 0.759219 0.77125 0.757188 0.742917 0.744219 0.722292 0.715313 0.72625 0.648281 0.868958 0.662188
13 0.999583 0.673594 1 0.764844 0.990625 0.770625 0.954583 0.774531 0.921042 0.767656 0.903125 0.761875 0.887083 0.752812 0.867708 0.729063 0.885833 0.662031 0.998333 0.673594