13 0.60625 0.258594 0.614167 0.262969 0.610417 0.304063 0.61375 0.306875 0.609375 0.39 0.587917 0.409687 0.563333 0.416094 0.530208 0.420625 0.472292 0.410469 0.453542 0.392813 0.450833 0.26375 0.4675 0.25625 0.534375 0.250156 0.601458 0.257031
13 0.768542 0.254531 0.766458 0.295156 0.753125 0.380781 0.729583 0.398438 0.698333 0.405625 0.675833 0.406094 0.634583 0.402031 0.616458 0.394844 0.612083 0.38875 0.612708 0.262656 0.61 0.25375 0.64 0.246875 0.709167 0.246094 0.73 0.246094 0.765833 0.2525
13 0.755417 0.360938 0.80625 0.358438 0.839583 0.360938 0.869792 0.37 0.882083 0.378281 0.862083 0.489219 0.842708 0.499844 0.825417 0.505625 0.797083 0.507031 0.771458 0.503594 0.756042 0.499844 0.740625 0.487656 0.757292 0.362344
13 0.747708 0.389844 0.731458 0.491563 0.728333 0.499219 0.716042 0.511406 0.689167 0.517656 0.668542 0.518594 0.642083 0.516094 0.611875 0.5075 0.605417 0.499844 0.61125 0.393125 0.641458 0.404219 0.668542 0.407188 0.69875 0.40625 0.724583 0.401875 0.744375 0.391719
13 0.604583 0.404531 0.599375 0.508281 0.59625 0.516875 0.576875 0.528438 0.544167 0.535313 0.517083 0.535313 0.492708 0.530938 0.46375 0.509687 0.457917 0.399688 0.473958 0.413281 0.517708 0.421406 0.566667 0.417969 0.602708 0.405469
13 0.456042 0.39875 0.463125 0.515469 0.437292 0.54 0.419375 0.548281 0.375 0.552187 0.340833 0.545781 0.325417 0.537188 0.315208 0.523125 0.302917 0.413281 0.313958 0.401719 0.369792 0.388125 0.428333 0.392031 0.453958 0.399688
13 0.764375 0.665625 0.78 0.67125 0.793958 0.6825 0.801458 0.695781 0.777708 0.801562 0.758958 0.809531 0.739167 0.81 0.71875 0.807188 0.705 0.803125 0.691458 0.795156 0.6975 0.727969 0.69625 0.703906 0.691458 0.689844 0.693125 0.674844 0.705 0.668906 0.73 0.6625 0.765417 0.666406
13 0.69 0.69375 0.69625 0.704219 0.69625 0.713125 0.685 0.811094 0.676458 0.819219 0.662083 0.826406 0.645417 0.829219 0.625625 0.827187 0.614375 0.823594 0.589167 0.807969 0.588542 0.702656 0.596667 0.691406 0.613333 0.680937 0.638958 0.676875 0.672292 0.680469
13 0.574167 0.688594 0.587083 0.700625 0.582708 0.812813 0.574167 0.820469 0.552708 0.83125 0.518333 0.832812 0.499583 0.826406 0.491667 0.818437 0.488333 0.808281 0.482083 0.726719 0.486875 0.699375 0.4975 0.688125 0.529583 0.680937 0.548333 0.6825 0.570417 0.688906
13 0.448542 0.695625 0.46625 0.701719 0.478958 0.713906 0.482708 0.808125 0.476667 0.824844 0.471458 0.830313 0.447917 0.843281 0.421042 0.844844 0.403958 0.843281 0.393125 0.838438 0.373958 0.737031 0.367917 0.729688 0.368125 0.725156 0.375417 0.713594 0.393333 0.699531 0.413958 0.693125 0.43375 0.691563 0.449167 0.694375
13 0.412708 0.154844 0.416458 0.195 0.419792 0.198594 0.431042 0.320469 0.426667 0.326094 0.393542 0.336094 0.330833 0.336875 0.307708 0.332813 0.299167 0.327188 0.279792 0.199844 0.284167 0.194219 0.279375 0.161719 0.284583 0.158438 0.325417 0.153594 0.384792 0.153594 0.408542 0.156094