13 0.356458 0.401094 0.363125 0.461094 0.360833 0.465313 0.359792 0.573594 0.333125 0.577031 0.296458 0.577813 0.258542 0.574531 0.236458 0.562031 0.234167 0.456875 0.240833 0.450313 0.234167 0.446094 0.231875 0.406875 0.254167 0.400312 0.351875 0.399375
13 0.548542 0.218594 0.5475 0.268594 0.553125 0.282813 0.549792 0.408594 0.538542 0.413594 0.481875 0.416094 0.369792 0.411875 0.356458 0.403594 0.3475 0.216875 0.354167 0.211875 0.380833 0.207813 0.4675 0.205313 0.511875 0.206875 0.5475 0.218594
13 0.551875 0.410313 0.548542 0.454375 0.544167 0.459375 0.551875 0.463594 0.553125 0.573594 0.546458 0.593594 0.528542 0.599531 0.461875 0.607812 0.423125 0.605312 0.376458 0.593594 0.365208 0.587031 0.359792 0.459375 0.361875 0.411875 0.418542 0.416875 0.465208 0.417812 0.514167 0.416875 0.548542 0.410313
13 0.551875 0.400312 0.641875 0.405312 0.638542 0.555312 0.565208 0.569531 0.556458 0.569531 0.551875 0.403594
13 0.634375 0.402031 0.568333 0.399688 0.578125 0.395625 0.6125 0.393281 0.708958 0.395937 0.705417 0.532344 0.692917 0.536406 0.650417 0.542031 0.641042 0.540312 0.639792 0.40375
13 0.625 0.392344 0.648125 0.388906 0.7 0.387969 0.741458 0.388594 0.751875 0.39125 0.753125 0.420781 0.748125 0.424219 0.750833 0.427813 0.747292 0.510938 0.735625 0.515625 0.708125 0.518281 0.708958 0.396719 0.628542 0.394062
13 0.773542 0.492031 0.804375 0.496719 0.80125 0.605 0.783542 0.6125 0.763542 0.614844 0.745833 0.613594 0.748125 0.489375
13 0.70875 0.51875 0.745 0.512969 0.742708 0.621719 0.731042 0.633281 0.711875 0.637969 0.700208 0.637969 0.705625 0.519844
13 0.636875 0.540781 0.6625 0.541875 0.7025 0.53375 0.69875 0.661094 0.680208 0.673281 0.659375 0.675625 0.643125 0.675625 0.637708 0.673281 0.638542 0.542969
13 0.554375 0.569688 0.594583 0.568438 0.62625 0.562656 0.63625 0.556875 0.633958 0.702187 0.618542 0.710313 0.592292 0.718438 0.55125 0.720156 0.549792 0.572031
13 0.548333 0.590156 0.551667 0.740156 0.53875 0.758125 0.519583 0.771406 0.490833 0.780938 0.444375 0.782188 0.385208 0.767813 0.370417 0.7525 0.36375 0.589375 0.370833 0.595156 0.387708 0.602031 0.454792 0.610156 0.48875 0.610156 0.53125 0.600313 0.545833 0.589375
13 0.364167 0.581719 0.367917 0.73125 0.3475 0.736563 0.288333 0.735625 0.258125 0.727812 0.244583 0.717187 0.240625 0.617344 0.244583 0.612187 0.241875 0.610625 0.236875 0.563906 0.252292 0.572031 0.2825 0.578906 0.355208 0.577813