13 0.658542 0.774375 0.687292 0.786875 0.703958 0.800938 0.690625 0.912656 0.668542 0.927656 0.64625 0.931875 0.619583 0.931875 0.579583 0.917656 0.56625 0.895937 0.568542 0.804375 0.577292 0.791875 0.592917 0.780938 0.632917 0.772656 0.65625 0.775938
13 0.592917 0.775938 0.568542 0.790937 0.560625 0.875938 0.55625 0.880156 0.538542 0.880156 0.503958 0.873437 0.483958 0.862656 0.47625 0.845938 0.472917 0.761875 0.515208 0.736875 0.552917 0.736875 0.579583 0.743437 0.595208 0.755938 0.597292 0.771875
13 0.512917 0.723437 0.503958 0.739375 0.490625 0.743437 0.477292 0.755156 0.475208 0.832656 0.437292 0.832656 0.413958 0.828438 0.402917 0.819375 0.397292 0.752656 0.401875 0.750938 0.405208 0.717656 0.437292 0.708437 0.463958 0.708437 0.492917 0.710938 0.508542 0.720156
13 0.673958 0.922656 0.66625 0.996875 0.56625 1 0.558542 0.991094 0.563958 0.900938 0.582917 0.920937 0.603958 0.929375 0.627292 0.932656 0.653958 0.930156 0.672917 0.921875
13 0.56625 0.880937 0.559583 0.967656 0.539583 0.972656 0.507292 0.966875 0.48625 0.955937 0.47625 0.939375 0.477292 0.853438 0.487292 0.865938 0.503958 0.876875 0.518542 0.880937 0.535208 0.881875 0.55625 0.879375
13 0.472917 0.832656 0.469583 0.919375 0.449583 0.922656 0.427292 0.920156 0.409583 0.913438 0.401875 0.902656 0.400625 0.817656 0.407292 0.825156 0.423958 0.834375 0.437292 0.837656 0.470625 0.833437
13 0.826042 0.443906 0.815833 0.571719 0.78375 0.572656 0.726458 0.562031 0.720625 0.554844 0.728333 0.446719 0.754167 0.440937 0.819583 0.4425
13 0.725833 0.444375 0.716875 0.549531 0.712917 0.552344 0.668542 0.551406 0.638958 0.543281 0.634375 0.539375 0.637083 0.464687 0.634375 0.459375 0.638333 0.436719 0.67875 0.442969 0.711667 0.445312 0.728333 0.443906
13 0.63375 0.436094 0.631875 0.462188 0.635833 0.465625 0.631875 0.531094 0.617708 0.537031 0.602292 0.5375 0.56375 0.536406 0.552083 0.533594 0.545 0.526875 0.548333 0.431406 0.579167 0.436094
13 0.545833 0.4275 0.543125 0.524375 0.511042 0.525938 0.479583 0.521094 0.47625 0.515781 0.47625 0.424531 0.489167 0.428906 0.543125 0.427969
13 0.473125 0.425625 0.473125 0.513281 0.43 0.512344 0.418333 0.51 0.414583 0.505625 0.412083 0.422656 0.423542 0.425625 0.470417 0.424062
13 0.763333 0.325313 0.763958 0.351875 0.760625 0.356094 0.763125 0.358125 0.7525 0.436094 0.745 0.440469 0.7225 0.442188 0.690417 0.442188 0.64 0.43625 0.637083 0.431406 0.641458 0.358438 0.646667 0.355938 0.643958 0.352187 0.644583 0.327969 0.686458 0.324688 0.761667 0.325625
13 0.643125 0.3275 0.63625 0.433906 0.586667 0.434844 0.551667 0.43125 0.547917 0.4275 0.552292 0.356719 0.54875 0.353906 0.549375 0.329844 0.641875 0.328125
13 0.549167 0.329375 0.54375 0.4275 0.488333 0.427969 0.479583 0.425625 0.475 0.422969 0.47625 0.33 0.548125 0.329531
13 0.47375 0.331562 0.472292 0.422031 0.466667 0.424062 0.413333 0.422969 0.410208 0.418281 0.4075 0.330781 0.472292 0.330781
13 0.500208 0.234687 0.502917 0.258125 0.498958 0.263125 0.50375 0.264844 0.506042 0.327031 0.502917 0.329688 0.409167 0.330156 0.406042 0.237656 0.434583 0.232344 0.480208 0.232969 0.499375 0.235625