13 0.260208 0.647344 0.269583 0.651875 0.271042 0.657656 0.267292 0.669375 0.277292 0.794375 0.254167 0.809375 0.237083 0.814063 0.193125 0.813438 0.168333 0.805937 0.146875 0.669844 0.151458 0.659531 0.166875 0.651406 0.189167 0.644375 0.217083 0.640313 0.238542 0.640313 0.261042 0.644375
13 0.318958 0.640313 0.366667 0.645 0.378333 0.651875 0.388333 0.663438 0.38375 0.673281 0.388333 0.800156 0.358333 0.813438 0.339792 0.816875 0.310417 0.81625 0.28875 0.80875 0.27875 0.798906 0.267292 0.664062 0.271875 0.656562 0.285625 0.650156 0.316667 0.641563
13 0.426458 0.646719 0.485417 0.649062 0.496875 0.657656 0.503333 0.670625 0.497917 0.808906 0.468542 0.823281 0.455625 0.826562 0.432083 0.825781 0.412708 0.82125 0.391875 0.800781 0.386875 0.671563 0.388333 0.662344 0.395208 0.66
13 0.3275 0.280469 0.341042 0.280469 0.34375 0.312812 0.3475 0.315625 0.351458 0.39375 0.333333 0.40875 0.321042 0.410156 0.284583 0.412031 0.21625 0.406719 0.206667 0.396719 0.195833 0.281406 0.330208 0.280938
13 0.488333 0.279531 0.487708 0.308438 0.485208 0.311719 0.490208 0.315625 0.487708 0.4025 0.4825 0.407188 0.45875 0.411094 0.382292 0.410625 0.365417 0.408281 0.355208 0.395156 0.3475 0.318594 0.35 0.31125 0.3475 0.31125 0.344375 0.284687 0.34875 0.282813 0.490208 0.278438
13 0.192708 0.280469 0.206875 0.396719 0.200417 0.404844 0.188125 0.409219 0.111667 0.411562 0.0679167 0.409687 0.0577083 0.39625 0.045 0.280781 0.189167 0.279219
13 0.562708 0.639531 0.583958 0.642344 0.611667 0.650625 0.625833 0.659844 0.6225 0.801562 0.614792 0.809844 0.59625 0.819844 0.57875 0.821875 0.547917 0.819844 0.524167 0.812187 0.513958 0.804531 0.503542 0.672344 0.509375 0.656875 0.522292 0.649687 0.555625 0.640469
13 0.273542 0.798438 0.28125 0.902187 0.174583 0.8975 0.166042 0.806094 0.180833 0.811094 0.198542 0.813438 0.223542 0.813438 0.246875 0.810781 0.270833 0.79875
13 0.278125 0.799844 0.300417 0.813906 0.316042 0.817812 0.333542 0.817812 0.372292 0.808437 0.38875 0.801406 0.394583 0.901875 0.286042 0.901875 0.277708 0.7975
13 0.503125 0.812187 0.503125 0.902656 0.39875 0.899844 0.389375 0.801406 0.414792 0.823906 0.440625 0.829219 0.466875 0.826875 0.487083 0.820156 0.502708 0.811562
13 0.331458 0.14625 0.331458 0.176875 0.334583 0.181563 0.340625 0.269531 0.332292 0.27875 0.197083 0.278125 0.191042 0.269531 0.177083 0.143906 0.183333 0.140469 0.245 0.134688 0.292083 0.137031 0.329167 0.144531
13 0.474583 0.138437 0.486042 0.147656 0.486458 0.176406 0.489375 0.182031 0.488958 0.267188 0.483125 0.278281 0.346875 0.278281 0.343125 0.269062 0.333125 0.176094 0.332708 0.143281 0.354375 0.137656 0.398542 0.132344 0.47875 0.1375
13 0.622917 0.163594 0.622917 0.190156 0.620625 0.191406 0.625417 0.195938 0.622292 0.267813 0.616875 0.275781 0.503333 0.275781 0.495 0.269531 0.491875 0.194844 0.495 0.190156 0.495625 0.163594 0.515 0.156094 0.548125 0.155469 0.601458 0.157812 0.622292 0.162344
13 0.63375 0.27875 0.633333 0.310312 0.629375 0.310937 0.634792 0.314063 0.630208 0.394375 0.616875 0.40375 0.547083 0.409844 0.518125 0.407031 0.503958 0.402344 0.495417 0.392656 0.49625 0.31125 0.493542 0.31125 0.493542 0.280781 0.632917 0.277813
13 0.176042 0.144063 0.192917 0.27375 0.186667 0.277344 0.0491667 0.28 0.0385417 0.273281 0.0225 0.17625 0.020625 0.141406 0.0260417 0.13875 0.0902083 0.137344 0.139375 0.139063 0.174167 0.143125
13 0.62125 0.805469 0.618333 0.830313 0.618333 0.902812 0.512917 0.902656 0.510625 0.801875 0.524792 0.813281 0.540833 0.820312 0.56875 0.823125 0.609583 0.814688