15 0.218281 0.115417 0.249375 0.100833 0.292656 0.107083 0.32375 0.131875 0.32375 0.423333 0.255469 0.415 0.221406 0.415 0.219844 0.1175
15 0.347031 0.109167 0.374844 0.107083 0.418281 0.125625 0.422969 0.138125 0.422969 0.4275 0.382656 0.419167 0.326875 0.423333 0.328281 0.116875
15 0.426094 0.131875 0.443125 0.121458 0.485 0.125625 0.51125 0.142292 0.515937 0.425417 0.487969 0.42125 0.426094 0.4275 0.429063 0.133958
15 0.509687 0.156667 0.568594 0.154583 0.590313 0.167083 0.585781 0.4275 0.514375 0.423333 0.512813 0.156667
15 0.624531 0.1525 0.649219 0.154583 0.669375 0.162083 0.669375 0.429167 0.584844 0.427292 0.590781 0.160833
15 0.671563 0.166042 0.686562 0.156042 0.708125 0.149167 0.735781 0.147083 0.758281 0.154167 0.759844 0.427292 0.733594 0.424167 0.670781 0.43125 0.670781 0.163958
15 0.235156 0.723333 0.265313 0.708958 0.330937 0.710417 0.320156 0.727708 0.319062 0.9975 0.228594 1 0.234063 0.718958
15 0.350312 0.713333 0.404063 0.713333 0.420312 0.718958 0.414844 1 0.319062 1 0.320156 0.727708
15 0.508594 0.710417 0.534375 0.704583 0.566719 0.703125 0.5925 0.7075 0.596875 0.996042 0.504219 1 0.506406 0.711875
15 0.614062 0.691667 0.653906 0.698958 0.6625 0.706042 0.663594 0.983125 0.635625 0.998958 0.596875 0.996042 0.595781 0.710417 0.579531 0.698333
15 0.687188 0.691667 0.723906 0.694583 0.752969 0.701875 0.757188 0.977292 0.744375 0.986042 0.703437 0.988958 0.665781 0.971667 0.664687 0.698542
15 0.404063 0.7075 0.404063 0.690208 0.421406 0.6875 0.470937 0.686042 0.48375 0.696042 0.48375 0.947292 0.456875 0.95875 0.425625 0.960208 0.41375 0.955833 0.422344 0.7175 0.402969 0.7075
15 0.488125 0.683125 0.508594 0.67875 0.540781 0.683125 0.557031 0.690208 0.558125 0.704583 0.508594 0.710417 0.504219 0.727708 0.504219 0.942917 0.484844 0.941458 0.482656 0.689167
