15 0.430156 0.2175 0.466094 0.209583 0.488594 0.213542 0.502031 0.219583 0.505 0.446875 0.42875 0.445833
15 0.514687 0.246458 0.528906 0.2425 0.551406 0.2425 0.570781 0.2475 0.575313 0.445833 0.50875 0.445833 0.507969 0.25
15 0.58875 0.244375 0.621563 0.2425 0.643281 0.248542 0.64625 0.44375 0.5775 0.445833 0.575313 0.250208
15 0.6725 0.210625 0.713594 0.2025 0.735313 0.210625 0.736719 0.445833 0.660469 0.44375 0.6575 0.218542
15 0.736719 0.214583 0.769688 0.204583 0.795 0.204583 0.810469 0.2125 0.815312 0.441875 0.7375 0.44375 0.736719 0.215625
15 0.816406 0.12375 0.831875 0.112708 0.849062 0.106458 0.882344 0.104375 0.896875 0.112708 0.900469 0.340417 0.862031 0.341042 0.855312 0.334167 0.817344 0.352917 0.81375 0.124375
15 0.434688 0.691875 0.444688 0.686042 0.478437 0.683542 0.502031 0.685208 0.514531 0.69375 0.517031 0.941875 0.49125 0.9625 0.447344 0.957292 0.433125 0.946875 0.434375 0.690208
15 0.531875 0.682708 0.574375 0.683542 0.590469 0.690208 0.594219 0.936042 0.588594 0.945208 0.569375 0.952708 0.549375 0.954375 0.528281 0.951042 0.518281 0.943542 0.517656 0.686042
15 0.595156 0.682708 0.605938 0.679167 0.657188 0.681667 0.66875 0.68875 0.675 0.932708 0.665156 0.93875 0.641875 0.943542 0.616719 0.94125 0.597031 0.932708 0.594375 0.682708
15 0.672344 0.683958 0.681406 0.679167 0.706406 0.676875 0.747656 0.685208 0.753125 0.930417 0.735156 0.93875 0.698438 0.942292 0.676875 0.930417
15 0.757188 0.683333 0.829063 0.687083 0.838906 0.940625 0.829063 0.946667 0.811094 0.951458 0.787813 0.948958 0.767969 0.941875 0.754531 0.932292 0.750156 0.683333
15 0.86125 0.4525 0.909688 0.4525 0.915469 0.690625 0.830937 0.685833 0.829063 0.531458 0.844219 0.532708 0.854063 0.518333 0.844219 0.450208
15 0.830625 0.689583 0.915 0.695625 0.923906 0.939583 0.904219 0.945625 0.883594 0.945625 0.855781 0.939583 0.83875 0.93 0.8325 0.690833
