15 0.574219 0.208333 0.583125 0.202708 0.605938 0.197083 0.629219 0.198542 0.645937 0.2075 0.646875 0.427708 0.572187 0.431042 0.572656 0.209583
15 0.673594 0.227917 0.700469 0.218333 0.720313 0.220625 0.738281 0.231458 0.741875 0.420417 0.665625 0.425208 0.665625 0.235417
15 0.7525 0.212292 0.790312 0.203958 0.804531 0.205 0.813594 0.211042 0.817187 0.217083 0.820781 0.413333 0.741875 0.421667 0.738281 0.224167
15 0.833281 0.1525 0.853906 0.141667 0.872812 0.136875 0.890781 0.136875 0.910469 0.147708 0.918594 0.408542 0.897031 0.406042 0.845938 0.408542 0.820781 0.414375 0.817187 0.164375
15 0.928438 0.136875 0.966094 0.120208 0.999219 0.118958 1 0.40375 0.92125 0.407292 0.915 0.147083
15 0.576094 0.682708 0.629063 0.680833 0.648438 0.682708 0.65625 0.687708 0.660156 0.953125 0.651094 0.958333 0.62 0.965208 0.591562 0.963333 0.573594 0.95125
15 0.65875 0.687708 0.684688 0.682708 0.744062 0.692917 0.749219 0.970208 0.720781 0.978958 0.692344 0.977083 0.65875 0.961667
15 0.751875 0.69125 0.782813 0.686042 0.839687 0.69125 0.85 0.978958 0.826719 0.989167 0.806094 0.989167 0.77375 0.978958 0.754375 0.958333
15 0.874531 0.689583 0.941719 0.699792 0.958594 0.996042 0.937813 0.999583 0.877188 0.996042 0.853906 0.982292 0.8475 0.696458
15 0.988281 0.699792 0.999844 0.701667 0.999844 0.997917 0.961094 1 0.948125 0.699792
15 0.138125 0.659583 0.161875 0.658125 0.194062 0.6625 0.183438 0.870625 0.161875 0.873542 0.124219 0.869167 0.138125 0.658125
15 0.138125 0.659583 0.125156 0.859167 0.102656 0.859167 0.084375 0.854792 0.0992187 0.659583
15 0.0326562 0.655208 0.0971875 0.658125 0.084375 0.853333 0.0348437 0.860625 0.0175 0.854792 0.0326562 0.6525
15 0 0.649583 0.0251563 0.6525 0.014375 0.826042 0 0.836042 0 0.651042
15 0.135781 0.262917 0.156406 0.259375 0.189531 0.266458 0.183281 0.454375 0.13125 0.456667 0.127656 0.460417 0.134844 0.261875
15 0.124063 0.275 0.134844 0.276042 0.127656 0.457917 0.0971875 0.462708 0.106094 0.278333
15 0.105781 0.288542 0.0970312 0.46375 0.0684375 0.465417 0.0734375 0.288542
15 0.0328125 0.286042 0.0734375 0.295208 0.0678125 0.464583 0.00609375 0.465417 0.0179687 0.289167
15 0.664375 0.239792 0.665156 0.425208 0.648125 0.426458 0.647188 0.231458
