15 0.0204688 0.643542 0.055625 0.639583 0.081875 0.644583 0.0660937 0.803958 0.0414062 0.807917 0.00859375 0.806042 0.0220312 0.646458
15 0.07875 0.650417 0.1125 0.6475 0.134063 0.650417 0.120625 0.822917 0.0645312 0.823958 0.0803125 0.650417
15 0.132656 0.654583 0.179688 0.6475 0.161094 0.656458 0.149063 0.83 0.119219 0.828958 0.132656 0.6525
15 0.1625 0.654583 0.216406 0.651458 0.205156 0.660417 0.19625 0.843958 0.147656 0.837917 0.161875 0.654583
15 0.507031 0.684583 0.548281 0.679792 0.57875 0.683542 0.576094 0.931042 0.54375 0.939375 0.501563 0.92875 0.507031 0.683542
15 0.580469 0.687083 0.616406 0.684583 0.651406 0.689375 0.657656 0.693125 0.657656 0.950208 0.637969 0.957292 0.610156 0.959792 0.577031 0.943125 0.580469 0.685833
15 0.664844 0.694167 0.686406 0.687083 0.733125 0.689375 0.744688 0.694167 0.750156 0.966875 0.719531 0.976458 0.68375 0.971667 0.66125 0.950208 0.663906 0.691875
15 0.744688 0.701458 0.793125 0.695833 0.834062 0.702917 0.840469 0.991458 0.811406 0.994375 0.78125 0.991458 0.751094 0.975625 0.746875 0.702917
15 0.863125 0.701458 0.900781 0.704375 0.938438 0.714375 0.94375 1 0.841562 1 0.834062 0.709792
15 0.935156 0.433125 0.966406 0.427292 1 0.42875 0.99875 0.731667 0.94375 0.721667 0.93625 0.434583
15 1 0.731667 0.999844 0.99875 0.955625 1 0.942812 0.721875
15 0.511875 0.247917 0.536406 0.2375 0.575156 0.244375 0.579063 0.247917 0.577813 0.445833 0.511875 0.454583
15 0.606563 0.269375 0.607344 0.445833 0.578281 0.446667 0.580469 0.266458
15 0.618594 0.253333 0.643281 0.251458 0.673125 0.256458 0.671719 0.437708 0.608125 0.445833 0.606719 0.264375
15 0.681406 0.2425 0.71125 0.236458 0.721719 0.238333 0.721094 0.435833 0.671719 0.439792 0.673906 0.250625
15 0.721719 0.1925 0.732187 0.184583 0.757656 0.176667 0.772656 0.175625 0.8025 0.182708 0.81 0.427917 0.725469 0.434792 0.721094 0.193542
15 0.805469 0.178542 0.821875 0.162708 0.850313 0.15375 0.874219 0.150625 0.898906 0.15875 0.904219 0.304167 0.866875 0.31125 0.869844 0.392917 0.907188 0.393958 0.907188 0.416875 0.812969 0.425833
15 0.907969 0.0435417 0.930469 0.02625 0.956406 0.0133333 0.983281 0.00770833 1 0.00916667 0.999375 0.2875 0.917656 0.29625 0.908906 0.0435417
15 0.0403125 0.346875 0.0284375 0.489375 0.0021875 0.4925 0.0132812 0.346875
15 0.0507812 0.337917 0.0725 0.338958 0.0628125 0.4875 0.0276563 0.490417 0.0379688 0.339792
15 0.0926562 0.331875 0.115156 0.337917 0.111406 0.486458 0.0628125 0.488333 0.0709375 0.332917
15 0.138281 0.330833 0.133125 0.481458 0.112187 0.484375 0.115 0.332917
15 0.136094 0.321875 0.158438 0.318958 0.150938 0.478542 0.13375 0.4825 0.136094 0.321042
15 0.16 0.306042 0.200312 0.307083 0.198125 0.474375 0.1525 0.478542 0.157656 0.310625
