15 0.0176563 0.168958 0.0445313 0.180417 0.0435938 0.433125 0 0.434583 0.00046875 0.168958
15 0.0629687 0.163125 0.0834375 0.163125 0.12 0.171875 0.131875 0.178958 0.130781 0.434583 0.102813 0.431667 0.0425 0.434583 0.045625 0.165833
15 0.133906 0.166042 0.154375 0.158958 0.196406 0.1675 0.220156 0.1775 0.225469 0.42875 0.165156 0.42875 0.132812 0.433125 0.133906 0.164583
15 0.225469 0.178958 0.242656 0.171875 0.268594 0.171875 0.296563 0.180417 0.298594 0.431667 0.225469 0.433125
15 0.31375 0.161667 0.330937 0.160417 0.368594 0.1675 0.369688 0.42875 0.346094 0.425833 0.300781 0.42875 0.297656 0.168542
15 0.389062 0.1475 0.419219 0.144583 0.452656 0.160417 0.456875 0.427292 0.407344 0.424375 0.370781 0.430208 0.367656 0.158958
15 0.0015625 0.697292 0 0.698542 0.0015625 0.694375 0.0015625 0.697292 0.0015625 0.697292 0.0445313 0.684167 0.0920312 0.687083 0.08875 0.691458 0.0489062 0.7 0.0445313 0.962708 0 0.965625 0.0015625 0.697292
15 0.0920312 0.692917 0.139375 0.691458 0.141562 0.95125 0.104844 0.982917 0.0660937 0.99 0.0425 0.978542 0.0498437 0.704167
15 0.123125 0.677083 0.16625 0.667083 0.188906 0.667083 0.199687 0.672708 0.195312 0.68 0.193125 0.9025 0.182344 0.911042 0.1425 0.916875 0.141562 0.692917 0.126406 0.69 0.124219 0.678542
15 0.208281 0.704375 0.240469 0.692917 0.287969 0.692917 0.296563 0.701458 0.294375 0.968542 0.270625 0.988542 0.252344 0.998542 0.216875 0.998542 0.200781 0.985625 0.208281 0.701458
15 0.319062 0.688542 0.335313 0.684167 0.37625 0.687083 0.379375 0.692917 0.380469 0.959792 0.363281 0.968542 0.320156 0.98 0.296563 0.968542 0.300781 0.698125
15 0.38375 0.695833 0.403125 0.687083 0.449375 0.687083 0.464531 0.694375 0.46875 0.964167 0.459063 0.975625 0.439687 0.982917 0.407344 0.987083 0.381562 0.977083 0.382656 0.694375
15 0.225469 0.672708 0.268594 0.672708 0.266406 0.692917 0.23625 0.691458 0.206094 0.705833 0.202813 0.913958 0.192031 0.911042 0.196406 0.678333
