15 0.140781 0.148333 0.180781 0.151875 0.197656 0.163958 0.196406 0.429167 0.164062 0.4275 0.105937 0.434375 0.113594 0.158333
15 0.197656 0.153542 0.220938 0.141458 0.288125 0.15875 0.289375 0.429167 0.218281 0.4275 0.19375 0.434375 0.197656 0.151875
15 0.30875 0.145 0.335938 0.145 0.379844 0.163958 0.379844 0.434375 0.359063 0.429167 0.320312 0.425833 0.289375 0.429167 0.290625 0.149792
15 0.382344 0.162292 0.410781 0.155417 0.457344 0.162292 0.459844 0.4275 0.401719 0.425833 0.382344 0.430833 0.379844 0.160417
15 0.481875 0.148333 0.505156 0.143333 0.54125 0.150208 0.54125 0.430833 0.488281 0.4275 0.454688 0.434375 0.459844 0.155
15 0.545156 0.139792 0.573594 0.126042 0.607187 0.127708 0.636875 0.136458 0.634219 0.430833 0.598125 0.420625 0.552969 0.423958 0.5425 0.429167 0.5425 0.138125
15 0.143437 0.703125 0.173125 0.691042 0.228594 0.691042 0.23375 0.69625 0.201563 0.706458 0.196406 0.713333 0.1925 0.97875 0.167969 0.98375 0.142031 0.982083 0.132969 0.975208 0.142031 0.703125
15 0.196406 0.711667 0.23 0.699583 0.282969 0.70125 0.291875 0.706458 0.286719 0.988958 0.264844 0.999375 0.196406 1 0.19125 0.990625 0.196406 0.71
15 0.364219 0.716875 0.3875 0.706458 0.413438 0.704792 0.444375 0.71 0.457344 0.722083 0.454688 0.999375 0.361719 0.999375 0.364219 0.720208
15 0.457344 0.708333 0.483125 0.699583 0.508906 0.699583 0.537344 0.703125 0.5425 0.713333 0.5425 0.997708 0.455937 0.999375 0.457344 0.71
15 0.546406 0.716875 0.565781 0.708333 0.61625 0.704792 0.642031 0.718542 0.639531 0.999375 0.543906 1 0.545156 0.716875
15 0.251875 0.69625 0.253125 0.678958 0.329375 0.677292 0.325469 0.92875 0.282969 0.937292 0.289375 0.708333 0.288125 0.70125 0.247969 0.69625
15 0.344844 0.680625 0.372031 0.675417 0.400469 0.6825 0.400469 0.706458 0.373281 0.71 0.364219 0.720208 0.359063 0.9425 0.339688 0.937292 0.328125 0.930417 0.330625 0.687917
