15 0.233125 0.183333 0.251875 0.179375 0.301875 0.182292 0.320625 0.198333 0.321406 0.457292 0.298125 0.454583 0.230938 0.456458 0.234687 0.183333
15 0.346094 0.192292 0.387188 0.19625 0.403594 0.20625 0.406562 0.215208 0.406562 0.460417 0.382656 0.458542 0.322187 0.461458 0.324375 0.199167
15 0.408125 0.215208 0.4275 0.21125 0.45 0.21125 0.466406 0.215208 0.478437 0.224167 0.478437 0.464375 0.406562 0.460417 0.408125 0.214167
15 0.492344 0.233333 0.511094 0.234167 0.528281 0.239167 0.532813 0.244167 0.528281 0.464583 0.478281 0.463542 0.479687 0.233333
15 0.551406 0.239167 0.562656 0.237292 0.585938 0.24125 0.6 0.247292 0.601562 0.468542 0.528281 0.465417 0.534219 0.243125
15 0.600781 0.25125 0.627031 0.243125 0.647188 0.243125 0.668906 0.250208 0.671875 0.470417 0.602344 0.468542 0.602344 0.25125
15 0.235781 0.723333 0.247344 0.71375 0.292187 0.710208 0.312812 0.71375 0.315625 0.986458 0.270781 1 0.23125 0.997292 0.235781 0.722292
15 0.335313 0.711458 0.353281 0.708958 0.398125 0.715 0.399844 0.981667 0.381094 0.996042 0.354219 1 0.317344 0.995 0.315625 0.719375
15 0.469219 0.703958 0.490781 0.696667 0.513281 0.696667 0.531719 0.699583 0.542344 0.709583 0.546719 0.95375 0.512344 0.966667 0.481094 0.96375 0.469219 0.946458
15 0.37875 0.68375 0.404687 0.68375 0.430469 0.688125 0.43375 0.701042 0.434688 0.904792 0.426094 0.916458 0.398125 0.925 0.399219 0.716875 0.37875 0.709583 0.362656 0.709583 0.365625 0.689167
15 0.458437 0.679583 0.491875 0.678125 0.497188 0.68375 0.497188 0.695417 0.474531 0.701042 0.467031 0.706875 0.467031 0.910625 0.434688 0.903542 0.432656 0.683542
15 0.520937 0.6925 0.534844 0.686667 0.548906 0.685208 0.573594 0.685208 0.58875 0.6925 0.594062 0.922083 0.561719 0.932083 0.546719 0.930625 0.541406 0.701042 0.520937 0.695417
15 0.588281 0.688958 0.602187 0.680208 0.629219 0.680208 0.652813 0.684583 0.658281 0.688958 0.661406 0.912708 0.645312 0.921458 0.610781 0.921458 0.593594 0.912708 0.589375 0.688958
15 0.209219 0.708333 0.223281 0.698958 0.268437 0.691667 0.283594 0.693125 0.288906 0.706042 0.269531 0.710417 0.25125 0.710417 0.23625 0.718958 0.230781 0.951458 0.209219 0.95 0.206094 0.942917
15 0.936719 0.65 0.934844 0.65 0.934844 0.64875 0.936719 0.65 0.936719 0.65 0.959688 0.64875 1 0.654375 1 0.835208 0.976875 0.838125 0.9575 0.832292 0.951094 0.660208 0.936719 0.65
