15 0.08625 0.066875 0.11 0.046875 0.129375 0.0354167 0.16375 0.0239583 0.204687 0.0239583 0.231562 0.0325 0.252031 0.066875 0.297344 0.520417 0.265 0.560625 0.217656 0.58375 0.169219 0.590833 0.125 0.565 0.0671875 0.0952083
15 0.275781 0.0927083 0.295156 0.0525 0.316719 0.0354167 0.356563 0.0225 0.389844 0.018125 0.418906 0.0266667 0.445781 0.0510417 0.455469 0.0897917 0.483594 0.521875 0.45125 0.560625 0.400625 0.586458 0.336094 0.570833 0.307969 0.52625 0.273594 0.0927083
15 0.45875 0.0897917 0.475938 0.056875 0.493281 0.0410417 0.52125 0.028125 0.554531 0.0239583 0.597656 0.0295833 0.628906 0.0597917 0.638594 0.0870833 0.6525 0.533333 0.622344 0.570833 0.581562 0.586458 0.529844 0.587917 0.484531 0.549167
15 0.655781 0.075625 0.680469 0.056875 0.708594 0.0439583 0.733281 0.0425 0.767656 0.046875 0.7925 0.0597917 0.818281 0.1 0.824844 0.543542 0.7925 0.589375 0.764531 0.598125 0.713906 0.606667 0.655781 0.569375 0.641875 0.103958
15 0.827969 0.09125 0.840938 0.06125 0.881875 0.0439583 0.929219 0.038125 0.969063 0.0525 1 0.1 0.999219 0.557917 0.969063 0.592292 0.921719 0.611042 0.87 0.600833 0.825937 0.552083 0.82375 0.0897917
15 0.829219 0.55875 0.844844 0.585625 0.874219 0.610417 0.93 0.614583 0.967187 0.598125 0.990469 0.5775 1 0.55875 0.987344 0.912292 0.967187 0.949375 0.93625 0.974375 0.874219 0.9825 0.829219 0.937083
15 0.649375 0.560833 0.685156 0.591875 0.7425 0.608333 0.782813 0.593958 0.826094 0.548542 0.826094 0.924583 0.782813 0.968125 0.739375 0.980417 0.667969 0.939167 0.661875 0.918542 0.654062 0.567083
15 0.505312 0.573333 0.557969 0.593958 0.599844 0.587708 0.630781 0.565 0.65875 0.527708 0.660313 0.916458 0.630781 0.943333 0.565781 0.970208 0.505312 0.906042 0.483906 0.556875
15 0.308438 0.531875 0.33625 0.567083 0.373437 0.585625 0.416875 0.5775 0.45875 0.554583 0.485156 0.52375 0.50375 0.899792 0.463438 0.935 0.412188 0.953542 0.340938 0.899792 0.31 0.536042
15 0.123906 0.567083 0.175 0.591875 0.238594 0.587708 0.291406 0.538125 0.299063 0.52375 0.339375 0.8875 0.306875 0.924583 0.265 0.955625 0.210781 0.961875 0.175 0.937083
