15 0 0.0814583 0.0401562 0.078125 0.075 0.085 0.117656 0.100417 0.125469 0.527708 0.094375 0.527708 0.00140625 0.53625 0.00140625 0.0833333
15 0.153906 0.0764583 0.219687 0.0764583 0.254531 0.0935417 0.2675 0.527708 0.239063 0.5225 0.183594 0.520833 0.121562 0.531042 0.120313 0.0875
15 0.280469 0.0797917 0.311406 0.069375 0.345 0.069375 0.3825 0.0797917 0.396719 0.0935417 0.410938 0.520833 0.365625 0.513958 0.2675 0.527708 0.258437 0.09375
15 0.432812 0.0625 0.469062 0.0522917 0.520781 0.0522917 0.545312 0.0677083 0.555625 0.512083 0.527187 0.50875 0.416094 0.517292 0.403125 0.0720833
15 0.546563 0.0866667 0.571094 0.07125 0.617656 0.0660417 0.657656 0.0660417 0.683437 0.0902083 0.69125 0.513958 0.648594 0.50875 0.555625 0.517292
15 0.719688 0.0660417 0.76625 0.055625 0.821719 0.0660417 0.830781 0.505208 0.786875 0.50875 0.748125 0.507083 0.6925 0.513958 0.687344 0.0797917
15 0.828281 0.0747917 0.824375 0.0764583 0.828125 0.069375 0.828281 0.0747917 0.828281 0.0747917 0.872188 0.0575 0.913438 0.0435417 0.965156 0.0539583 0.980625 0.493125 0.936719 0.491458 0.833281 0.510417 0.828281 0.0747917
15 0 0.531042 0.122812 0.531042 0.129219 0.972083 0.00140625 0.980625
15 0.125469 0.525833 0.2675 0.524167 0.276562 0.963542 0.130625 0.968542 0.125469 0.527708
15 0.314063 0.520833 0.370938 0.520833 0.412188 0.525833 0.4225 0.956458 0.281719 0.965208 0.270156 0.524167
15 0.414844 0.517292 0.465156 0.513958 0.552969 0.517292 0.562031 0.954792 0.4225 0.96
15 0.556875 0.5225 0.582656 0.517292 0.631875 0.513958 0.673125 0.513958 0.69125 0.517292 0.702813 0.94625 0.564688 0.953125 0.555625 0.5225
15 0.693906 0.513958 0.73 0.507083 0.830781 0.50875 0.8475 0.934167 0.706719 0.944583 0.696406 0.515625
15 0.838594 0.510417 0.878594 0.496667 0.949687 0.489792 0.976719 0.496667 0.99875 0.92375 0.977969 0.935833 0.850156 0.934167 0.834688 0.512083
