15 0.0429688 0.186667 0.0365625 0.425833 0 0.425833 0 0.179583
15 0.058125 0.171042 0.0967187 0.174792 0.129062 0.190208 0.123594 0.429583 0.0878125 0.425833 0.0365625 0.427083 0.045625 0.174167
15 0.622656 0.205833 0.66 0.200833 0.6825 0.2075 0.681875 0.440833 0.609531 0.439167 0.608281 0.211458
15 0.68375 0.234792 0.728594 0.233958 0.741094 0.238958 0.742188 0.4425 0.6825 0.441667
15 0.741094 0.241458 0.764687 0.234792 0.785937 0.233958 0.808281 0.237292 0.813906 0.243125 0.817031 0.441667 0.742188 0.4425
15 0.8425 0.213333 0.858125 0.205 0.901719 0.194167 0.929844 0.200833 0.932969 0.444167 0.843125 0.445833 0.843125 0.214167
15 0.955313 0.2 1 0.201667 1 0.445833 0.931719 0.444167 0.931094 0.209167
15 0.0242188 0.665 0.0623437 0.67 0.0475 0.68 0.0370313 0.931042 0 0.938125 0 0.669792
15 0.0489062 0.680833 0.0692187 0.671875 0.122188 0.67 0.134219 0.672917 0.12375 0.928125 0.0975 0.939167 0.0654687 0.943125 0.03625 0.938125 0.0482812 0.681875
15 0.619062 0.690833 0.637031 0.6825 0.682813 0.686042 0.697969 0.693333 0.703437 0.951667 0.685469 0.967083 0.645156 0.966042 0.617344 0.942083 0.617344 0.690833
15 0.727656 0.678958 0.759062 0.6825 0.777813 0.695625 0.782344 0.956458 0.762656 0.963542 0.732969 0.967083 0.703437 0.951667 0.699844 0.685833
15 0.775625 0.685625 0.812969 0.683958 0.838594 0.687292 0.854063 0.693958 0.862187 0.946458 0.842812 0.954792 0.819844 0.954792 0.781875 0.941458 0.7775 0.685625
15 0.855469 0.688542 0.879063 0.683542 0.937656 0.695208 0.945781 0.949375 0.925781 0.960208 0.889687 0.959375 0.862344 0.941042
15 0.955781 0.688542 1 0.692708 1 0.964375 0.98125 0.961042 0.943906 0.946042 0.937656 0.691875
15 0.825937 0.240208 0.842031 0.236042 0.844688 0.443125 0.817031 0.4425 0.814063 0.246875
