15 0 0.169583 0.0746875 0.191875 0.0734375 0.436458 0 0.436458
15 0.0928125 0.181667 0.118594 0.183333 0.145781 0.191875 0.144531 0.436458 0.0760938 0.436458 0.0746875 0.186667
15 0.145781 0.183333 0.165156 0.176458 0.212969 0.181667 0.214219 0.429583 0.145781 0.436458
15 0.232344 0.160833 0.271094 0.164375 0.299531 0.181667 0.298281 0.433125 0.280156 0.429583 0.211719 0.434792 0.214219 0.168958
15 0.803281 0.178125 0.849844 0.167917 0.880937 0.172917 0.883437 0.424375 0.808594 0.427917 0.805937 0.178125
15 0.883437 0.202083 0.880937 0.202292 0.883437 0.19875 0.883437 0.202083 0.883437 0.202083 0.913125 0.200625 0.93 0.209167 0.933906 0.42625 0.884688 0.429583 0.883437 0.202083
15 0.93125 0.209167 0.955781 0.202292 0.999687 0.202292 0.999687 0.422708 0.935156 0.42625 0.933906 0.209167
15 0.821406 0.687917 0.848594 0.684583 0.89125 0.68625 0.910625 0.693125 0.919687 0.977292 0.875625 0.979167 0.827969 0.960208 0.818906 0.684583
15 0.900313 0.682917 0.918281 0.677708 0.954531 0.679375 0.994531 0.695 1 0.96875 0.942812 0.970417 0.918281 0.956667 0.911875 0.691458 0.901563 0.684583
15 0.0321875 0.667292 0.064375 0.667292 0.0592188 0.679375 0.0567187 0.701875 0.04625 0.70875 0.04375 0.908542 0.0217188 0.911875 0 0.911875 0.0025 0.671458
15 0.064375 0.698333 0.0979688 0.691458 0.143281 0.689792 0.141875 0.951458 0.118594 0.967083 0.0773438 0.984375 0.0425 0.977292 0.0489062 0.709583
15 0.147031 0.693125 0.187188 0.682917 0.227188 0.684583 0.223281 0.948125 0.2 0.960208 0.165156 0.963542 0.140625 0.956667 0.148438 0.695
15 0.228437 0.695 0.249219 0.684583 0.284062 0.684583 0.309844 0.691458 0.309844 0.949792 0.286562 0.965417 0.260781 0.972292 0.222031 0.96875 0.227188 0.693125
