15 0.207813 0.212292 0.207813 0.35875 0.159375 0.35875 0.157344 0.205
15 0.206875 0.206667 0.256406 0.212292 0.260625 0.36 0.207813 0.35875
15 0.28 0.206458 0.309063 0.215208 0.310156 0.362917 0.258437 0.361458 0.256719 0.208125 0.263906 0.206458
15 0.310156 0.21375 0.337031 0.212292 0.351094 0.215208 0.352187 0.364375 0.310156 0.362917 0.309063 0.212292
15 0.354375 0.212292 0.37375 0.209375 0.39625 0.21375 0.39625 0.362917 0.354375 0.362917
15 0.413438 0.202292 0.444688 0.207917 0.445781 0.36 0.404844 0.36 0.39625 0.364375 0.398438 0.20625
15 0.746094 0.21375 0.757969 0.209375 0.790312 0.209375 0.787031 0.367292 0.742969 0.364375 0.747188 0.215208
15 0.801094 0.225208 0.822656 0.22375 0.825781 0.361458 0.785 0.365833 0.790312 0.225208
15 0.842031 0.225208 0.863438 0.22375 0.872188 0.226667 0.871094 0.361458 0.835469 0.364375 0.824687 0.361458 0.827969 0.228958
15 0.887187 0.22375 0.895781 0.22375 0.893594 0.362917 0.872188 0.361458 0.873125 0.228958
15 0.895781 0.209375 0.924844 0.202292 0.948594 0.206458 0.949687 0.364375 0.895781 0.362917 0.897969 0.209375
15 0.953906 0.209375 0.979844 0.200833 0.999219 0.203542 0.999219 0.36 0.951719 0.361458
15 0.179844 0.51375 0.198125 0.509375 0.224062 0.509375 0.211094 0.51375 0.211094 0.662917 0.176719 0.662917 0.177812 0.510833
15 0.211094 0.516458 0.23375 0.506458 0.260625 0.510833 0.260625 0.662917 0.212188 0.664375 0.212188 0.516458
15 0.30375 0.516458 0.327344 0.510833 0.352187 0.512292 0.353281 0.662917 0.330625 0.667292 0.30375 0.664375
15 0.39625 0.51375 0.397344 0.66 0.355313 0.662917 0.354375 0.51375
15 0.400625 0.51375 0.446875 0.51375 0.447969 0.65875 0.426406 0.662917 0.398438 0.66 0.400625 0.510833
15 0.797813 0.517917 0.796719 0.670208 0.744062 0.667292 0.746094 0.516875 0.749062 0.516667
15 0.84625 0.517917 0.847344 0.670208 0.798906 0.66875 0.798906 0.516458
15 0.850625 0.516458 0.895781 0.519375 0.896875 0.665833 0.848437 0.665833 0.849531 0.516458
15 0.9475 0.515208 0.949687 0.66875 0.895781 0.66875 0.897969 0.515208
15 0.949687 0.517917 1 0.520833 0.998125 0.672917 0.949687 0.66875
