15 0.001875 0.398542 0 0 0.154375 0 0.158125 0.401042 0.0390625 0.398542
15 0.161875 0.408333 0.154375 0.00166667 0.340469 0 0.344062 0.406042 0.295781 0.398542 0.22875 0.398542
15 0.347812 0.403542 0.342344 0.00166667 0.530156 0 0.530156 0.401042 0.3925 0.398542 0.347812 0.406042
15 0.537656 0.39125 0.532031 0 0.731094 0 0.736719 0.38625 0.699375 0.37625 0.634375 0.37875 0.578594 0.38375 0.537656 0.396042
15 0.742188 0.38375 0.734844 0.00166667 0.915312 0 0.920781 0.38125 0.8725 0.37125 0.78875 0.38125
15 0.917031 0 0.998906 0 0.998906 0.37125 0.924531 0.37375
15 0 0.40375 0 0.403542 0 0.401042 0 0.40375 0 0.40375 0.08 0.408542 0.161875 0.408542 0.172969 0.996458 0 0.99875 0 0.40375
15 0.16375 0.408542 0.345938 0.406042 0.360938 0.988958 0.180469 0.993958 0.167344 0.408542
15 0.351562 0.401042 0.532031 0.403542 0.55625 0.983958 0.366406 0.988958 0.349688 0.408542
15 0.545 0.393542 0.587812 0.38375 0.641719 0.37625 0.736719 0.37875 0.760781 0.964167 0.690156 0.973958 0.56 0.971458 0.543125 0.38875
15 0.740313 0.38625 0.779375 0.37875 0.842656 0.37625 0.920781 0.38125 0.94125 0.969167 0.846406 0.971458 0.766406 0.964167 0.744062 0.39125
15 0.926406 0.37875 1 0.37125 1 0.959167 0.943125 0.959167 0.928281 0.37875
