15 0.194219 0.0504167 0.220156 0.0404167 0.25 0.038125 0.289062 0.0479167 0.300156 0.0629167 0.305781 0.350625 0.194219 0.353125
15 0.300312 0.0541667 0.311563 0.0452083 0.32875 0.0402083 0.357187 0.0422917 0.385625 0.05125 0.396094 0.0702083 0.398281 0.35625 0.380312 0.35125 0.342187 0.348333 0.304063 0.355208 0.301875 0.053125
15 0.3975 0.0691667 0.411094 0.0591667 0.448437 0.0552083 0.476875 0.0652083 0.48875 0.0752083 0.491719 0.354167 0.472344 0.350208 0.422187 0.352292 0.402031 0.35625 0.399062 0.0691667
15 0.509687 0.0810417 0.549375 0.0810417 0.567969 0.095 0.567969 0.354167 0.493281 0.35625 0.489531 0.0870833
15 0.567344 0.093125 0.5875 0.0802083 0.614375 0.07125 0.639062 0.0741667 0.651719 0.083125 0.655469 0.359167 0.618906 0.354167 0.567344 0.35625 0.567969 0.093125
15 0.669375 0.0795833 0.692812 0.0652083 0.727812 0.0616667 0.744844 0.0735417 0.752031 0.358333 0.733125 0.351042 0.696406 0.351042 0.657813 0.361875 0.656875 0.086875
15 0.218125 0.661042 0.247187 0.6525 0.284844 0.646667 0.309688 0.651042 0.303281 0.661042 0.301094 0.963958 0.26125 0.971042 0.224688 0.969583 0.215937 0.963958 0.220312 0.661042
15 0.302187 0.666875 0.325781 0.649583 0.400156 0.6525 0.404375 0.953958 0.3775 0.979792 0.342031 0.985417 0.310781 0.98125 0.301094 0.975417 0.303281 0.666875
15 0.394687 0.646667 0.396875 0.635208 0.473281 0.638125 0.47875 0.887917 0.457188 0.897917 0.433437 0.900833 0.40125 0.899375 0.40125 0.6525
15 0.510938 0.6425 0.577656 0.645208 0.5875 0.945208 0.574531 0.959583 0.54 0.971042 0.503437 0.961042 0.489531 0.948125 0.488438 0.653958
15 0.566875 0.64 0.648281 0.64 0.65875 0.925208 0.644531 0.933125 0.625156 0.937083 0.58625 0.935 0.57875 0.643958
15 0.655781 0.642083 0.674531 0.632083 0.702813 0.632083 0.74625 0.642083 0.754531 0.921042 0.744062 0.932083 0.718594 0.936042 0.685625 0.931042 0.6625 0.917083
