15 0.0107813 0.000833333 0.2025 0 0.1875 0.559167 0.0665625 0.549167 0.0015625 0.561458
15 0.364219 0 0.369844 0.00354167 0.379219 0.563958 0.323437 0.559167 0.321563 0.561458 0.256406 0.559167 0.195 0.563958 0.2025 0
15 0.381406 0.00354167 0.563281 0.00354167 0.585625 0.563958 0.557813 0.559167 0.470313 0.554167 0.381094 0.563958 0.373594 0.0158333
15 0.567031 0.00833333 0.585625 0 0.734531 0.00354167 0.771719 0.563958 0.708437 0.561458 0.615469 0.566458 0.593125 0.573958 0.565156 0.00833333
15 0.741875 0.0133333 0.760469 0 0.933594 0 0.99125 0.554167 0.879531 0.549167 0.767969 0.561458 0.74 0.0158333
15 0.775469 0.573958 0.836875 0.559167 0.901875 0.556667 1 0.559167 0.998594 1 0.803281 1 0.777344 0.576458
15 0.585625 0.576458 0.773594 0.568958 0.795937 0.995625 0.611719 1 0.585625 0.578958
15 0.388437 0.566458 0.466563 0.554167 0.585625 0.563958 0.607969 1 0.394062 1 0.390313 0.568958
15 0.195 0.573958 0.269375 0.563958 0.379219 0.571458 0.386563 1 0.193125 1 0.195 0.583958
15 0 0.563958 0.0778125 0.551667 0.180156 0.559167 0.1875 0.563958 0.1875 1 0 1 0 0.563958
