15 0.10375 0.00375 0.227969 0 0.277656 0.0285417 0.252812 0.539167 0.184688 0.526875 0.119531 0.520625 0.0745313 0.530833
15 0.283906 0.00791667 0.304063 0 0.397031 0 0.426406 0.00583333 0.448125 0.0327083 0.431094 0.54125 0.364531 0.52875 0.291563 0.537083 0.259063 0.537083 0.283906 0.00583333
15 0.45125 0.01625 0.455937 0 0.620313 0.00166667 0.6125 0.52875 0.569063 0.522708 0.519531 0.522708 0.435781 0.535
15 0.621719 0.0225 0.663594 0.00166667 0.744219 0.00375 0.772188 0.0285417 0.786094 0.532917 0.727187 0.520625 0.623281 0.52875 0.624844 0.0225
15 0.776875 0.030625 0.823281 0.00166667 0.925625 0 0.945781 0.0204167 0.969063 0.537083 0.911719 0.522708 0.832656 0.52875 0.786094 0.539167 0.776875 0.0347917
15 0.0714063 0 0.0823438 0.00583333 0.0729687 0.520625 0.00015625 0.512292 0.00171875 0
15 0.789219 0.543333 0.863594 0.532917 0.924063 0.537083 0.969063 0.545417 0.990781 1 0.801562 1 0.792344 0.549583
15 0.621719 0.52875 0.680781 0.532917 0.750469 0.530833 0.779844 0.54125 0.793906 1 0.61875 1 0.617188 0.532917
15 0.435781 0.54125 0.499375 0.530833 0.562812 0.52875 0.609375 0.532917 0.615625 0.998125 0.429531 1 0.438906 0.545417
15 0.356719 0.537083 0.432656 0.545417 0.427969 1 0.243594 1 0.260625 0.537083
15 0.0729687 0.532917 0.138125 0.526875 0.259063 0.54125 0.242031 0.996042 0.0435938 1 0.0760938 0.535
15 0.0698438 0.52875 0.0435938 1 0 0.998125 0.00015625 0.521458
