15 0.178281 0.0141852 0.202188 0 0.380781 0 0.415781 0.00222743 0.444531 0.0130129 0.465313 0.0321219 0.48125 0.534584 0.431719 0.548886 0.358438 0.556038 0.281875 0.551231 0.215 0.541735 0.176719 0.0153576
15 0.485938 0.0345838 0.53375 0.0178195 0.599219 0.00586166 0.650156 0.00339977 0.696406 0.00586166 0.737812 0.0178195 0.755469 0.0369285 0.737812 0.528605 0.705937 0.539273 0.642188 0.547714 0.554531 0.54408 0.48125 0.528605 0.48125 0.0345838
15 0.125625 0.12544 0.183125 0.120633 0.208594 0.469988 0.154375 0.461547 0.127188 0.130246
15 0.790469 0.126612 0.827187 0.127784 0.860625 0.135053 0.838281 0.455569 0.806406 0.464009 0.741094 0.467526 0.75375 0.128839
15 0.875 0.13857 0.913281 0.132591 0.9675 0.130246 0.930781 0.461547 0.894063 0.459203 0.839844 0.451934 0.865469 0.139742
15 0.280781 0.775147 0.51875 0.772216 0.510781 1 0.284687 1 0.272813 0.775147 0.284687 0.772216
15 0.524687 0.771395 0.741563 0.766589 0.725625 1 0.518437 0.999766 0.521563 0.770106
15 0.743125 0.766589 0.894688 0.761782 0.865938 0.919695 0.83875 0.93646 0.805312 0.943611 0.762344 0.941266 0.733594 0.935287 0.741563 0.764127
15 0.891406 0.758148 1 0.756975 0.999844 0.933998 0.961562 0.932825 0.904219 0.920868 0.872344 0.904103 0.89625 0.759437
15 0.145313 0.783353 0.272813 0.778546 0.279219 0.953224 0.256875 0.960375 0.205938 0.960375 0.159688 0.945955 0.14375 0.780891
