15 0.0628125 0.0021102 0.078125 0.003517 0.158594 0.510199 0.14125 0.527433 0.101094 0.540445 0.0551562 0.551934 0 0.559086 0 0.00550996
15 0.104062 0 0.426094 0.0014068 0.434063 0.530129 0.419688 0.539625 0.381406 0.55041 0.327188 0.560023 0.269844 0.561196 0.220312 0.556389 0.177344 0.540914 0.162969 0.526495 0.105625 0.0014068
15 0.464375 0.000234467 0.795937 0.00375147 0.719375 0.53728 0.697031 0.555217 0.644531 0.568347 0.579063 0.570809 0.521719 0.566002 0.473906 0.551583 0.43875 0.532474 0.461094 0
15 0.998594 0.000234467 1 0.0851114 0.933281 0.439156 0.928438 0.443962 0.902969 0.453576 0.859844 0.458265 0.805625 0.459555 0.765781 0.45592 0.732344 0.447597 0.799219 0.000234467
15 1 0.0910903 1 0.447597 0.937969 0.426026 0.998594 0.0910903
15 0 0.568699 0.0370313 0.56354 0.0920312 0.551465 0.131094 0.535991 0.163281 0.516999 0.211406 0.882181 0.177031 0.90973 0.124219 0.930363 0.0553125 0.932122 0.0003125 0.920047 0 0.57034
15 0.165469 0.53939 0.21375 0.560023 0.273438 0.565182 0.349219 0.561782 0.392813 0.549707 0.439219 0.532122 0.439531 0.897538 0.417969 0.915944 0.397187 0.92626 0.366406 0.936694 0.334063 0.939625 0.294844 0.939039 0.262656 0.932122 0.235 0.918288 0.215 0.892263 0.165469 0.539625
15 0.442812 0.536577 0.45875 0.548535 0.491875 0.562485 0.535781 0.57245 0.603594 0.575498 0.65 0.569519 0.687188 0.560492 0.707188 0.548535 0.716406 0.540563 0.684531 0.908441 0.675312 0.927315 0.65 0.947245 0.64875 0.950293 0.600938 0.965182 0.531875 0.966237 0.483906 0.950293 0.449375 0.917351 0.442812 0.898476
15 0.734375 0.449004 0.771563 0.460023 0.824687 0.464947 0.879219 0.462954 0.925625 0.449004 0.932344 0.443025 0.877812 0.754045 0.860625 0.771981 0.827344 0.787925 0.776875 0.78898 0.738281 0.784994 0.70375 0.773974 0.695781 0.76905
15 0.937656 0.427081 1 0.449004 1 0.787925 0.961562 0.784994 0.922969 0.775967 0.887187 0.756975 0.879219 0.750059
