15 0.00484375 0 0.00484375 0 0.00203125 0 0.00484375 0 0.00484375 0 0.0598437 0.00480657 0.115 0.0152403 0.1425 0.0275498 0.214219 0.558851 0.170156 0.579484 0.104062 0.591911 0 0.600117 0.00484375 0
15 0.1675 0.00480657 0.164531 0.00480657 0.167344 0.0028136 0.1675 0.00480657 0.1675 0.00480657 0.395937 0.0007034 0.429063 0.00480657 0.484219 0.0255569 0.500625 0.556741 0.475938 0.573271 0.429063 0.583587 0.340938 0.587691 0.274844 0.585698 0.219687 0.565064 0.1675 0.00480657
15 0.500625 0.0172333 0.575156 0.0028136 0.677031 0.0007034 0.759687 0.00480657 0.806563 0.0213365 0.765156 0.550528 0.759687 0.567057 0.690781 0.581594 0.608125 0.583587 0.542031 0.571161 0.50625 0.554631 0.495156 0.0213365
15 0.809219 0.0399766 0.858906 0.02966 0.980312 0.017585 0.997812 0.017585 0.999531 0.559203 0.980781 0.563306 0.942031 0.566706 0.886719 0.566706 0.835781 0.560844 0.798125 0.553341 0.769219 0.542556 0.808437 0.0411489
15 0 0.832943 0.0509375 0.829426 0.0653125 0.909496 0.0604688 0.915475 0.0317188 0.935873 0 0.952638
15 0.055625 0.828136 0.232656 0.820985 0.240625 0.909496 0.19125 0.943025 0.132187 0.952638 0.095625 0.943025 0.07 0.929894 0.0540625 0.825791
15 0.238281 0.820985 0.423281 0.811372 0.423281 0.899883 0.413594 0.911841 0.375312 0.937046 0.324375 0.946542 0.273281 0.933411 0.247812 0.917819 0.239844 0.820985
15 0.426406 0.811372 0.589063 0.801876 0.589063 0.892732 0.57625 0.907151 0.54125 0.92626 0.493438 0.929894 0.455156 0.921454 0.429531 0.909496 0.424844 0.810199
15 0.598594 0.800703 0.770781 0.792263 0.757969 0.893904 0.735625 0.910668 0.673438 0.916647 0.624062 0.908324 0.597031 0.893904 0.598594 0.799414
15 0.773906 0.789918 0.935 0.782767 0.9175 0.889215 0.891875 0.899883 0.839375 0.904689 0.789844 0.897538 0.764375 0.88558 0.773906 0.788746
15 1 0.819226 0.999375 0.999648 0.895625 1 0.902187 0.89789 0.916875 0.891559 0.9225 0.872216 0.928906 0.811958 0.943594 0.809965 0.975938 0.811958 1 0.818992
