15 0.156719 0.0154748 0.195 0.00468933 0.237969 0 0.330469 0.0010551 0.379688 0.00867526 0.413906 0.0161782 0.430469 0.021102 0.443906 0.0320047 0.461719 0.53306 0.444375 0.543025 0.379219 0.558968 0.246406 0.560961 0.198594 0.541032 0.145469 0.0304807 0.157031 0.0185229
15 0.46375 0.0237984 0.494062 0.0141852 0.540312 0.007034 0.612031 0.00339977 0.653594 0.00468933 0.698125 0.00937866 0.733281 0.0178195 0.749219 0.0286049 0.714063 0.53939 0.659844 0.554865 0.527656 0.556038 0.482969 0.546542 0.465469 0.533411 0.4575 0.0309496
15 0.046875 0.112896 0.0946875 0.425909 0.0642188 0.43388 0.035 0.437866 0.00171875 0.269402 0.00171875 0.109027
15 0.003125 0.269402 0.0548438 0.523564 0.0389062 0.535522 0.00046875 0.547479 0.00171875 0.273388
15 1 0.0444314 0.99625 0.53388 0.936875 0.525322 0.879531 0.509496 0.858437 0.498007 0.925469 0.0601407 0.935 0.0559203 1 0.0430246
15 0.749375 0.078898 0.783906 0.0803048 0.822188 0.0903869 0.77625 0.459203 0.7475 0.469285 0.71875 0.472216 0.749375 0.0817116
15 0.829844 0.0903869 0.860469 0.0831184 0.921562 0.077374 0.862344 0.476436 0.818281 0.469285 0.778125 0.456389 0.822188 0.0989449
15 0.0510938 0.10762 0.0779688 0.103283 0.141094 0.106096 0.187031 0.437749 0.14875 0.437749 0.0951562 0.427667 0.0473438 0.110434
15 0.00140625 0.888042 0.0003125 0.761196 0.0817187 0.758851 0.100937 0.850645 0.0721875 0.872216 0.0320312 0.885111 0.00328125 0.889449
15 0.084375 0.759672 0.249375 0.75803 0.264844 0.846893 0.255469 0.858499 0.236563 0.870223 0.213125 0.880539 0.180625 0.886753 0.152344 0.887573 0.135156 0.885932 0.110469 0.87796 0.0835937 0.760258
15 0.42875 0.75803 0.42875 0.849355 0.423281 0.86272 0.402187 0.881008 0.363437 0.890973 0.321406 0.891794 0.288125 0.884291 0.271563 0.874326 0.259375 0.75803
15 0.591562 0.754748 0.590313 0.854396 0.561562 0.875967 0.525 0.889332 0.479687 0.885932 0.449844 0.872685 0.432031 0.85932 0.429844 0.756389
15 0.768594 0.752989 0.750938 0.864361 0.726562 0.880188 0.685625 0.885932 0.643594 0.87925 0.613594 0.867644 0.595938 0.853576 0.604844 0.754748
15 0.773125 0.751348 0.937969 0.750528 0.909219 0.866002 0.887031 0.877608 0.851719 0.881829 0.810781 0.877608 0.775312 0.861899 0.758594 0.848535 0.775312 0.751348
15 0.109531 0.878429 0.1275 0.883822 0.14625 0.886166 0.170156 0.886987 0.201719 0.882181 0.21875 0.877843 0.239063 0.868581 0.255156 0.857796 0.265313 0.847714 0.28125 0.999179 0.135 1 0.109844 0.879015
15 0 0.890739 0.0223438 0.888628 0.0703125 0.875498 0.100781 0.851934 0.133906 1 0.0979688 1 0.0878125 0.937046 0.0776563 0.919812 0.0620313 0.908675 0.0360938 0.903165 0.0129688 0.903283 0 0.907503
15 0.271719 0.87585 0.294844 0.88687 0.321563 0.893083 0.354844 0.89238 0.388906 0.886166 0.407344 0.87925 0.423125 0.866823 0.429531 0.851583 0.432344 0.999766 0.285625 0.999766 0.272656 0.87714
15 0.431406 0.859906 0.454375 0.87714 0.480312 0.885463 0.514375 0.889683 0.5375 0.88687 0.560469 0.876553 0.590938 0.854396 0.583594 0.999766 0.435937 0.999062 0.432344 0.862603
15 0.596562 0.8551 0.613125 0.870223 0.645469 0.88136 0.697969 0.88687 0.732187 0.879953 0.750625 0.863306 0.728437 0.999062 0.585469 0.999766 0.595625 0.857796
15 0.759844 0.850176 0.782969 0.86823 0.817969 0.88136 0.865938 0.885463 0.899219 0.874443 0.908438 0.867526 0.878906 1 0.733125 0.999766 0.757969 0.851583
15 0.997812 0.999766 0.880625 1 0.925938 0.798242 0.936094 0.795545 0.974844 0.794138 1 0.801055
