15 0.0034375 0.496366 0.0034375 0.115944 0.0704687 0.477726 0.0379688 0.492028 0 0.499179
15 0.0176563 0.0373974 0.115 0.0365768 0.206875 0.04068 0.261875 0.485932 0.219687 0.497421 0.147031 0.498828 0.0934375 0.490152 0.0704687 0.483001 0.0170313 0.0379836
15 0.208906 0.0297773 0.272656 0.0317702 0.518437 0.0288394 0.525156 0.529191 0.497188 0.545487 0.449375 0.562251 0.391875 0.56823 0.331406 0.563423 0.286719 0.550293 0.264375 0.532356 0.264375 0.518054 0.205469 0.0335287
15 0.541719 0.0335287 0.584844 0.0288394 0.739531 0.0240328 0.819219 0.0300117 0.784375 0.518171 0.782031 0.525322 0.763437 0.537163 0.710781 0.551465 0.640625 0.553927 0.587969 0.545487 0.554531 0.534818 0.529062 0.520399 0.532188 0.0491208
15 0.824062 0.0404455 1 0.0397421 0.994063 0.156389 0.946562 0.450059 0.927656 0.458382 0.897813 0.463306 0.852344 0.465064 0.801406 0.458382 0.788125 0.458382 0.822656 0.0384525
15 0 0.507268 0.030625 0.497773 0.0673438 0.481008 0.134375 0.784877 0.116719 0.801641 0.0896875 0.818288 0.0403125 0.832708 0 0.835053 0 0.50973
15 0.0721875 0.485815 0.112031 0.4966 0.150313 0.500117 0.206094 0.498945 0.260313 0.486987 0.296875 0.805158 0.269844 0.813599 0.217188 0.823095 0.178906 0.82075 0.148594 0.808792 0.134375 0.789566 0.070625 0.488159
15 0.265 0.538453 0.296875 0.552755 0.36875 0.569519 0.43875 0.564713 0.486719 0.551583 0.523281 0.532474 0.53125 0.875733 0.516875 0.892497 0.491406 0.912778 0.456406 0.926026 0.40375 0.930715 0.362344 0.923564 0.332031 0.909261 0.309688 0.886518 0.265 0.540797
15 0.527813 0.525322 0.559688 0.539625 0.610781 0.552755 0.663281 0.557562 0.727187 0.552755 0.755781 0.54197 0.779687 0.527667 0.747812 0.863775 0.739844 0.884174 0.720781 0.90211 0.688906 0.911606 0.649062 0.91524 0.605938 0.911606 0.569219 0.897304 0.539062 0.878195 0.531094 0.866237 0.52625 0.526495
15 0.799063 0.477608 0.808437 0.473857 0.833906 0.46905 0.875313 0.467878 0.945469 0.475029 0.98375 0.484642 0.999687 0.490621 1 0.642204 0.956406 0.864127 0.936406 0.882298 0.902187 0.891325 0.861719 0.892732 0.829375 0.887808 0.799844 0.877491 0.762031 0.857444 0.747188 0.847011 0.787813 0.482767
