15 0 0.0222743 0.0634375 0.0379836 0.117031 0.0595545 0.178125 0.54619 0.153281 0.560492 0.101719 0.574912 0.0404687 0.58347 0.0003125 0.586284 0.0003125 0.0236811
15 0.124687 0.0308324 0.182031 0.0150059 0.271875 0.00926143 0.361875 0.0179367 0.409687 0.0294256 0.434531 0.0480657 0.461406 0.557679 0.417344 0.574912 0.357969 0.586284 0.285312 0.589215 0.210781 0.586284 0.182031 0.569168 0.118906 0.0409144
15 0.45375 0.0294256 0.493906 0.0121923 0.545469 0.0021102 0.717656 0.003517 0.759844 0.0207503 0.773125 0.0379836 0.748281 0.566237 0.698594 0.580657 0.614375 0.587808 0.553125 0.586284 0.49 0.574912 0.465156 0.557679 0.447969 0.0409144 0.455625 0.0294256
15 0.782813 0.0280188 0.868906 0.0021102 1 0.0021102 0.997031 0.577726 0.962656 0.580657 0.870781 0.580657 0.792344 0.567644 0.750156 0.55041 0.778906 0.0294256
15 0.0278125 0.846542 0.0554687 0.9551 0.0370313 0.967175 0.0003125 0.982649 0.0003125 0.8517 0.0278125 0.850059
15 0.0375 0.8517 0.234531 0.841383 0.241406 0.941266 0.229844 0.9551 0.183906 0.97925 0.110469 0.986049 0.0645312 0.974091
15 0.238437 0.843142 0.416406 0.834232 0.425781 0.931887 0.415156 0.946776 0.389844 0.965768 0.340781 0.974795 0.300937 0.978781 0.274375 0.969754 0.247812 0.95381 0.237188 0.841149
15 0.421875 0.832122 0.60375 0.824267 0.601094 0.934818 0.593125 0.944783 0.563906 0.963775 0.512188 0.970809 0.473594 0.961782 0.447031 0.950762 0.428437 0.937866
15 0.611719 0.825205 0.7925 0.813247 0.779219 0.934818 0.755312 0.952872 0.710156 0.962837 0.66625 0.957796 0.635625 0.945838 0.609063 0.932825 0.610469 0.823212
15 0.795156 0.812309 0.970469 0.804338 0.949219 0.924853 0.930625 0.939859 0.885469 0.946776 0.837656 0.940797 0.801719 0.930832 0.784531 0.92286 0.79375 0.811254
