15 0.0009375 0 0.0934375 0.000586166 0.179531 0.531653 0.1525 0.542438 0.109375 0.554396 0.0425 0.566354 0.0009375 0.567526
15 0.106406 0 0.425 0.000586166 0.452187 0.535287 0.421875 0.547245 0.388437 0.554396 0.244844 0.560375 0.208281 0.554396 0.182812 0.540094
15 0.442656 0.000586166 0.750312 0 0.734375 0.525674 0.721562 0.53646 0.692969 0.5449 0.54625 0.54959 0.493594 0.542438 0.463281 0.530481
15 0.764687 0.0208675 0.802656 0.000234467 0.999219 0.000937866 0.999219 0.520281 0.980625 0.52626 0.938125 0.531301 0.875625 0.532239 0.818594 0.527315 0.767969 0.518288 0.73875 0.504338 0.762656 0.0219226
15 0 0.785229 0.0428125 0.785229 0.0696875 0.902931 0.0523438 0.91442 0 0.940211
15 0.0446875 0.785698 0.225156 0.778781 0.241094 0.900352 0.2 0.92626 0.162812 0.940211 0.122812 0.941266 0.095 0.934232 0.075 0.922274
15 0.230625 0.779836 0.419219 0.772802 0.421875 0.882415 0.413906 0.897421 0.397969 0.914302 0.365937 0.928253 0.323437 0.936225 0.288906 0.932239 0.262344 0.921336 0.249063 0.913365
15 0.420937 0.773388 0.589219 0.765182 0.593594 0.883118 0.5825 0.895545 0.56375 0.911372 0.519375 0.924619 0.474062 0.922157 0.444062 0.911372 0.4275 0.899648
15 0.786562 0.758265 0.772813 0.889215 0.754375 0.904689 0.701562 0.918406 0.635 0.906331 0.602969 0.885698 0.609844 0.763423
15 0.791406 0.757913 0.95875 0.752052 0.934375 0.889097 0.907813 0.905744 0.863594 0.912427 0.818125 0.905744 0.797187 0.89578 0.778281 0.883353
