15 0.00125 0.166237 0.0839063 0.543494 0.0632812 0.558968 0.0173437 0.576202 0 0.579719 0 0.169754
15 0.116094 0.0354045 0.155156 0.0215709 0.203281 0.0181712 0.274531 0.0181712 0.347969 0.0267292 0.396094 0.0388042 0.421406 0.0508792 0.439687 0.548652 0.405312 0.567644 0.343281 0.576202 0.265313 0.579719 0.205625 0.571043 0.180313 0.558968 0.109219 0.0354045
15 0.0495312 0.119812 0.109219 0.119812 0.157344 0.445369 0.132187 0.455686 0.0654687 0.464244 0.00125 0.147362 0.00359375 0.116647
15 0.45125 0.0370457 0.496563 0.0212192 0.5325 0.0152403 0.642813 0.0101993 0.674687 0.0132474 0.717187 0.0201641 0.742344 0.0311841 0.746406 0.03517 0.721094 0.555451 0.685312 0.571395 0.65875 0.575381 0.5325 0.578429 0.493906 0.567409 0.462031 0.552521 0.459375 0.547479 0.440781 0.0570926 0.44875 0.0411489
15 0.749062 0.0889801 0.857969 0.0820633 0.810156 0.483705 0.765 0.481712 0.726406 0.477726 0.747656 0.0889801
15 0.870781 0.0630715 0.906875 0.0541618 0.947344 0.047245 1 0.0430246 0.998906 0.530363 0.952656 0.532708 0.896875 0.530363 0.849062 0.52075 0.81875 0.50762 0.802812 0.496835 0.860156 0.0745604 0.869688 0.0662368
15 0.102188 0.807268 0.138906 0.961547 0.148438 0.967526 0.148438 0.99871 0.00015625 0.999883 0.00171875 0.813247 0.100625 0.808441
15 0.130937 0.919695 0.102188 0.810903 0.180313 0.804924 0.197813 0.883822 0.183438 0.89578 0.137344 0.919695
15 0.358906 0.797655 0.365313 0.873036 0.357344 0.881477 0.336562 0.89578 0.304688 0.912544 0.261563 0.919695 0.226562 0.912544 0.204219 0.902931 0.188281 0.806096
15 0.362344 0.797655 0.52625 0.786987 0.52625 0.852755 0.521563 0.873036 0.507188 0.889801 0.475312 0.90422 0.430625 0.90891 0.384375 0.89578 0.37 0.882649
15 0.527813 0.786987 0.696875 0.777374 0.687344 0.870692 0.680937 0.877843 0.660156 0.890973 0.625156 0.899414 0.583594 0.89578 0.551719 0.883822 0.532656 0.871864 0.529531 0.786987
15 0.701719 0.779719 0.865781 0.770223 0.849844 0.862251 0.841875 0.874209 0.816406 0.884994 0.781406 0.890973 0.752656 0.888628 0.714375 0.877843 0.693594 0.867057 0.701719 0.778546
15 0.998125 0.763072 0.996562 0.865533 0.964687 0.873857 0.914687 0.87245 0.886875 0.867409 0.86375 0.858617 0.85625 0.851583 0.8675 0.76905
15 0.1325 0.922157 0.165938 0.912544 0.199375 0.890973 0.215313 1 0.15 1 0.1325 0.924502
15 0.204219 0.906565 0.228125 0.916178 0.258437 0.919695 0.299844 0.914889 0.328594 0.902931 0.349375 0.890973 0.360469 0.879015 0.371563 0.99871 0.220156 0.999883 0.204219 0.907737
15 0.366875 0.883822 0.3875 0.898242 0.41625 0.907737 0.454531 0.911372 0.500781 0.898242 0.524687 0.862251 0.523125 0.919695 0.494375 0.918523 0.467344 0.922157 0.437031 0.935287 0.408281 0.979484 0.406719 1 0.376406 0.999883 0.368438 0.884994
15 0.531094 0.876671 0.567656 0.890973 0.605938 0.900586 0.649062 0.89578 0.679375 0.882649 0.685625 0.874209 0.674531 1 0.596406 0.99871 0.596406 0.969988 0.574062 0.941266 0.542188 0.924502 0.524687 0.919695 0.529531 0.876671
15 0.688906 0.87245 0.725625 0.886284 0.767031 0.890973 0.806875 0.890973 0.833906 0.882649 0.845156 0.876671 0.82375 0.999883 0.680781 0.999883
15 0.851562 0.857562 0.865312 0.867995 0.879219 0.874443 0.917344 0.881712 0.944219 0.882532 0.959219 0.881243 0.984844 0.873857 0.995 0.867057 0.96625 0.999883 0.832656 0.999883 0.853125 0.859906
