15 0.11375 0.0361079 0.159688 0.683822 0.14125 0.702696 0.1 0.728605 0.0448438 0.747479 0 0.754396 0 0.0260258
15 0.128906 0.0375147 0.190312 0.0370457 0.243906 0.543728 0.224688 0.559437 0.194062 0.573857 0.155781 0.585346 0.1175 0.0384525
15 0.201875 0.037163 0.197969 0.0370457 0.201719 0.0355217 0.201875 0.037163 0.201875 0.037163 0.525 0.0456038 0.511719 0.546542 0.477187 0.569519 0.419844 0.583939 0.360469 0.583939 0.30125 0.576671 0.247656 0.55381 0.201875 0.037163
15 0.555625 0.0252052 0.852812 0.0349355 0.7675 0.548886 0.735625 0.563892 0.666563 0.570809 0.601562 0.563892 0.547031 0.550879 0.5125 0.534936 0.551719 0.0284877
15 0.859688 0.0443142 1 0.0475967 0.998594 0.562251 0.973906 0.56612 0.915469 0.568933 0.848594 0.558617 0.810156 0.548769 0.772344 0.53095 0.858906 0.0443142
15 0 0.759086 0.0379688 0.7517 0.1 0.732591 0.136563 0.709261 0.159844 0.685229 0.203281 1 0.00125 1 0 0.758968
15 0.189375 0.578312 0.217969 0.565182 0.244844 0.544314 0.277344 0.881243 0.265469 0.899179 0.240156 0.920164 0.213594 0.93517 0.195 0.941149 0.155313 0.587691
15 0.249531 0.558265 0.277344 0.574326 0.331875 0.59027 0.398281 0.592263 0.456719 0.580305 0.488594 0.568347 0.5125 0.5483 0.501875 0.875264 0.487344 0.898242 0.452813 0.925205 0.391562 0.93517 0.330469 0.927198 0.298594 0.910199 0.28 0.87925 0.248125 0.558265
15 0.516563 0.540328 0.548438 0.558265 0.588281 0.573271 0.667969 0.578312 0.7225 0.573271 0.76625 0.552286 0.721094 0.872333 0.705156 0.895193 0.670625 0.914185 0.625469 0.922157 0.575 0.917233 0.543125 0.903165 0.520469 0.887222 0.505938 0.867292 0.513906 0.542321
15 0.771406 0.538453 0.81125 0.558382 0.872344 0.571395 0.946719 0.577374 0.999844 0.569402 1 0.611137 0.960781 0.748886 0.932188 0.880422 0.913594 0.897304 0.876406 0.908324 0.829844 0.907268 0.787344 0.898359 0.724844 0.864478 0.771406 0.542438
15 1 0.619461 1 0.888511 0.989219 0.885229 0.970469 0.875264 0.939531 0.853693 0.93875 0.851114 0.959375 0.754865 0.999219 0.61864
