15 0 0.120164 0.0882813 0.531653 0.0690625 0.5483 0.0245312 0.561547 0.0021875 0.571043 0 0.122509
15 0 0.0675264 0.0610938 0.0615475 0.115312 0.0603751 0.187031 0.483705 0.145625 0.484994 0.099375 0.480188 0.085 0.474209 0 0.0710434
15 0.110625 0.0100821 0.140781 0.0017585 0.357656 0.000468933 0.391094 0.00644783 0.413438 0.016061 0.418281 0.0220399 0.453281 0.526846 0.424687 0.545955 0.357656 0.560375 0.292344 0.56272 0.292344 0.561547 0.228594 0.556741 0.195 0.544783 0.108906 0.0137163
15 0.430938 0.0184056 0.497969 0 0.690937 0 0.719531 0.00644783 0.724375 0.0100821 0.706875 0.518406 0.687656 0.532825 0.592031 0.547128 0.520312 0.542321 0.467656 0.528019 0.46125 0.524385 0.429375 0.0220399
15 0.0053125 0.794607 0.176875 0.787456 0.199219 0.847245 0.185 0.870809 0.148125 0.892732 0.101875 0.904689 0.0620313 0.902345 0.0365625 0.896366
15 0.0390625 0.9 0.0948438 0.90551 0.117031 0.90211 0.144687 0.89449 0.169687 0.882649 0.188125 0.868816 0.197344 0.855686 0.225937 0.998242 0.07 0.999648
15 0.182031 0.786987 0.351875 0.777022 0.3625 0.85381 0.337188 0.877726 0.305312 0.890621 0.2575 0.893669 0.227031 0.888628 0.203125 0.877726
15 0.524531 0.770106 0.523281 0.845838 0.51125 0.86272 0.472813 0.881712 0.434219 0.887691 0.394375 0.879719 0.370469 0.865768 0.357187 0.779015
15 0.527187 0.823916 0.5325 0.807972 0.556406 0.792966 0.582969 0.788042 0.613594 0.788042 0.649531 0.796952 0.670781 0.816882 0.67875 0.837866 0.670781 1 0.529844 0.998359 0.527187 0.824853
15 0.369219 0.867761 0.390469 0.881712 0.420937 0.889683 0.466094 0.885698 0.499375 0.875733 0.516563 0.86272 0.523281 0.851817 0.527187 0.998359 0.381094 0.999297 0.367812 0.865768
15 0.205781 0.879719 0.221719 0.887691 0.25625 0.893669 0.294687 0.891676 0.331875 0.882649 0.3625 0.856741 0.38375 1 0.229687 0.999297 0.205781 0.882649
