15 0.00140625 0.00363423 0.0507812 0.00715123 0.0970312 0.0203986 0.141719 0.534701 0.090625 0.549121 0.0284375 0.559789 0 0.561079 0 0.00480657
15 0.103438 0.0084408 0.124063 0.00117233 0.321875 0.0024619 0.374375 0.00715123 0.4 0.0131301 0.40625 0.541852 0.358438 0.556272 0.282031 0.562251 0.222969 0.558617 0.170313 0.551465 0.144844 0.538335 0.0985938 0.0119578
15 0.40625 0.0084408 0.447813 0 0.674219 0.0024619 0.715625 0.0059789 0.722031 0.0084408 0.693281 0.551465 0.674219 0.567057 0.602344 0.579015 0.525938 0.577726 0.444531 0.56823 0.407969 0.550293 0.404687 0.0084408
15 0.733125 0.0167644 0.77625 0.00715123 0.84 0.00363423 0.919687 0.0024619 0.978594 0.00480657 1 0.0084408 0.999375 0.157913 0.946719 0.544314 0.911719 0.551465 0.838438 0.556272 0.760313 0.546659 0.704375 0.534701 0.693281 0.52755 0.731563 0.0179367
15 0.0715625 0.826495 0.08875 0.966002 0.0609375 0.981946 0.0370313 0.989918 0 0.99789 0.00109375 0.82544
15 0.0754688 0.82544 0.286719 0.823447 0.294687 0.960023 0.265469 0.981946 0.227031 0.99789 0.153906 0.99789 0.133906 0.995897 0.107344 0.985932 0.0928125 0.977022 0.0728125 0.82544
15 0.492656 0.82544 0.49 0.957093 0.458125 0.983001 0.407656 0.994959 0.354531 0.990973 0.314688 0.979953 0.29875 0.967995 0.292031 0.82544
15 0.497969 0.823447 0.70125 0.822509 0.687969 0.952052 0.68 0.966002 0.656094 0.984994 0.598906 0.991911 0.548438 0.984994 0.521875 0.975029 0.495312 0.962016 0.497969 0.822509
15 0.70375 0.822509 0.904531 0.822509 0.880625 0.967995 0.872656 0.977022 0.840781 0.989918 0.795625 0.989918 0.751719 0.981946 0.718594 0.971981 0.692031 0.954045
15 0.902031 0.821336 1 0.819343 1 0.991794 0.982969 0.990739 0.951094 0.982767 0.925938 0.973857 0.905937 0.962837 0.887344 0.9449 0.904687 0.821336
