15 0.0015625 0.0128957 0.0590625 0.0214537 0.11875 0.47796 0.0773438 0.491794 0.0176563 0.498593 0.0015625 0.388394 0.00390625 0.388394 0.0015625 0.0146542
15 0.0728125 0.0198124 0.104844 0.0094959 0.1875 0.0059789 0.219687 0.50211 0.182969 0.498593 0.1325 0.483118 0.123281 0.47796 0.075 0.0198124
15 0.187656 0.00433763 0.51125 0 0.513594 0.536577 0.467656 0.558968 0.391875 0.570926 0.316094 0.567526 0.251875 0.55721 0.222031 0.543376
15 0.864844 0.00257913 0.812031 0.534818 0.786719 0.555451 0.733906 0.564127 0.639844 0.564127 0.559531 0.55381 0.531875 0.543376 0.531875 0
15 0.949687 0.0214537 0.901563 0.484877 0.899219 0.484877 0.837187 0.467644 0.885469 0.0370457 0.9475 0.0249707
15 0.997969 0 0.995625 0.55721 0.977344 0.55721 0.977344 0.555451 0.922188 0.545135 0.894688 0.527902 0.958906 0.0059789 0.991094 0
15 0.00296875 0.866471 0.217813 0.862368 0.226094 0.99871 0.01125 0.99871 0.00296875 0.868581
15 0.223438 0.866471 0.43 0.858148 0.44375 0.99871 0.231562 0.99871 0.220625 0.862368
15 0.435625 0.860258 0.647656 0.856155 0.639375 0.99871 0.449219 0.99871
15 0.647656 0.854045 0.857031 0.849941 0.84875 0.99871 0.650312 1 0.650312 0.854045
15 0.870781 0.849941 0.920312 0.854045 0.892813 0.994607 0.857031 0.99871 0.867969 0.849941
15 0.925938 0.849941 0.9975 0.845838 1 1 0.887344 1 0.923125 0.845838
