16 0.673906 0.257512 0.658906 0.254695 0.675781 0.402113 0.694375 0.44554 0.471094 0.507512 0.466563 0.470892 0.483125 0.468075 0.501875 0.278404 0.510313 0.268779 0.642031 0.227934 0.672969 0.251878
16 0.351406 0.563615 0.38875 0.705399 0.409375 0.73216 0.322344 0.83169 0.205625 0.892254 0.1775 0.845775 0.165313 0.612676 0.190625 0.605634 0.236406 0.632394 0.284062 0.611268 0.3075 0.562207 0.318594 0.555164 0.341094 0.553756 0.352344 0.563615
16 0.28875 0.091784 0.289687 0.130986 0.302813 0.166197 0.306562 0.216667 0.317812 0.24061 0.320469 0.286854 0.328906 0.355634 0.338281 0.393662 0.241094 0.346009 0.187812 0.157746 0.189688 0.123944 0.286875 0.091784
7 0.302031 0.476291 0.309531 0.533803 0.303906 0.56338 0.284219 0.608216 0.26375 0.6223 0.227188 0.630751 0.182344 0.59554 0.176719 0.512676 0.185156 0.490376 0.23375 0.463615
7 0.374063 0.574413 0.328281 0.532394 0.313281 0.476291 0.313281 0.438263 0.339375 0.419953 0.373125 0.421362 0.420781 0.453756 0.440312 0.490376 0.424531 0.546479 0.370312 0.570423
7 0.263437 0.401408 0.264219 0.374413 0.289844 0.381455 0.345156 0.413146 0.314844 0.434038 0.307031 0.451643 0.322656 0.517136 0.331094 0.538263 0.310156 0.535915 0.303125 0.477465 0.245469 0.459859 0.243906 0.439906 0.262656 0.394366
7 0.326562 0.174413 0.298438 0.159155 0.290625 0.123944 0.285156 0.07723 0.323437 0.0199531 0.387969 0.0246479 0.410625 0.0619718 0.409844 0.111033 0.379531 0.142723 0.333437 0.176761
12 0.440156 0.156808 0.434688 0.183568 0.458125 0.197653 0.482344 0.248122 0.493125 0.311268 0.494688 0.35446 0.484687 0.393192 0.451875 0.438732 0.424687 0.458685 0.36625 0.419953 0.335781 0.40493 0.331094 0.389671 0.323437 0.234038 0.309375 0.205869 0.310156 0.165023 0.348281 0.170892 0.415313 0.112207 0.41375 0.0924883 0.43125 0.115258
11 0.256406 0.0948357 0.2275 0 0.374063 0 0.384844 0.0258216 0.321875 0.0223005 0.283594 0.07723 0.284375 0.0901408 0.254844 0.0995305
4 0.534531 0.00821596 0.569531 0.235211 0.564844 0.250469 0.505625 0.271362 0.499375 0.284272 0.500156 0.303052 0.493906 0.30892 0.483125 0.257512 0.458906 0.197653 0.433906 0.181455 0.441719 0.15446 0.430156 0.112207 0.408281 0.0889671 0.409844 0.0584507 0.40125 0.0384977 0.433906 0 0.535313 0
