16 0.526094 0.453756 0.515313 0.673239 0.525625 0.703991 0.447187 0.705634 0.3525 0.699061 0.365469 0.673239 0.387656 0.43662 0.445 0.426056 0.465625 0.415493 0.518594 0.428638 0.526094 0.449765
16 0.259531 0.784507 0.299063 0.95446 0.235625 1 0.1275 0.999765 0.095625 0.789437 0.102656 0.788498 0.118906 0.842254 0.161562 0.851174 0.215625 0.801643 0.260625 0.78216
16 0.0723437 0.318779 0.229219 0.301878 0.219531 0.324648 0.22375 0.346479 0.1875 0.390376 0.183281 0.419718 0.18375 0.449765 0.201563 0.506573 0.15625 0.512207 0.0728125 0.330986 0.0745313 0.318779
7 0.243281 0.342488 0.281719 0.358685 0.290937 0.443897 0.271875 0.474883 0.252969 0.498357 0.217813 0.505869 0.198906 0.489437 0.181563 0.443897 0.188594 0.383803 0.222656 0.348826 0.24375 0.341549
7 0.255781 0.634272 0.294687 0.647887 0.314063 0.670657 0.313125 0.729343 0.295156 0.752817 0.24875 0.765023 0.228594 0.74061 0.2075 0.708216 0.217344 0.65939 0.23625 0.638967 0.257344 0.634977
7 0.14 0.692723 0.177812 0.683803 0.207031 0.706573 0.218438 0.751174 0.210312 0.801643 0.158906 0.847183 0.118281 0.832394 0.102031 0.780516 0.112344 0.73662 0.128125 0.699061 0.141094 0.691784
7 0.161094 0.599296 0.17625 0.57723 0.203281 0.575587 0.229687 0.602582 0.243281 0.629343 0.214062 0.665023 0.207031 0.700704 0.164375 0.680516 0.147031 0.63169 0.159375 0.599296
11 0.272187 0.211737 0.267031 0.267371 0.271563 0.29554 0.289531 0.352817 0.283281 0.36338 0.246719 0.339906 0.227188 0.344601 0.220156 0.321127 0.22875 0.303756 0.159531 0.308451 0.0870313 0.173709 0.167187 0.0544601 0.225625 0.1
4 0.4025 0.183099 0.44375 0.365728 0.418125 0.428873 0.39 0.438263 0.382969 0.452347 0.344844 0.454695 0.274688 0.302582 0.270156 0.234742 0.294219 0.179577 0.324531 0.158685 0.363594 0.158685 0.403281 0.18662
12 0.308594 0.41338 0.321719 0.421362 0.354063 0.469014 0.375469 0.520657 0.370312 0.57723 0.337812 0.631925 0.305469 0.651408 0.295625 0.651408 0.240469 0.627934 0.222969 0.560798 0.198281 0.491549 0.218438 0.504225 0.26125 0.500235 0.2925 0.440845 0.288125 0.380516
