16 0.554219 0.558685 0.664531 0.650235 0.647031 0.665023 0.556875 0.894131 0.559375 0.9223 0.384844 0.760563 0.412812 0.74108 0.519219 0.53615 0.554219 0.557746
16 0.282344 0.756573 0.240156 0.957512 0.0720313 0.909624 0.069375 0.879577 0.143437 0.617136 0.138125 0.714789 0.159531 0.735211 0.261563 0.737089 0.281562 0.750704
16 0.432812 0.330516 0.406875 0.31784 0.374531 0.316901 0.350469 0.331455 0.328437 0.370423 0.329688 0.434742 0.306875 0.424178 0.288125 0.226056 0.28875 0.183333 0.401094 0.262207 0.414062 0.256338 0.433594 0.277934 0.430938 0.328638
7 0.37375 0.4777 0.334219 0.458216 0.330313 0.416197 0.332344 0.369484 0.340781 0.352817 0.360156 0.328638 0.388125 0.318779 0.430938 0.333333 0.442656 0.35 0.453594 0.392019 0.428281 0.465023 0.37375 0.475822
7 0.298438 0.603521 0.340781 0.611268 0.365313 0.664085 0.362812 0.718545 0.346562 0.751643 0.327031 0.753756 0.280938 0.738967 0.260937 0.64061 0.297187 0.600704
7 0.211563 0.568545 0.246563 0.591784 0.264688 0.624883 0.251094 0.685446 0.228437 0.713615 0.194062 0.725352 0.157656 0.7 0.142031 0.660094 0.147344 0.61338 0.166719 0.584977
7 0.244688 0.527465 0.275156 0.492254 0.305 0.484507 0.329688 0.512911 0.336875 0.559624 0.331562 0.596714 0.291406 0.599531 0.27 0.623005 0.245312 0.572066
12 0.456875 0.392019 0.465938 0.436854 0.480938 0.471831 0.493281 0.527465 0.493281 0.580047 0.484219 0.605399 0.449688 0.664085 0.40625 0.675587 0.379062 0.66784 0.362812 0.647418 0.352969 0.614319 0.330937 0.503052 0.334219 0.48169 0.330937 0.447418 0.356875 0.471831 0.379062 0.478638 0.434219 0.463146 0.4575 0.388967
11 0.505 0.236854 0.484844 0.269953 0.475 0.31784 0.47375 0.408451 0.462812 0.414319 0.432188 0.324648 0.433594 0.279812 0.418594 0.25446 0.402969 0.260329 0.380938 0.24554 0.352969 0.0612676 0.475 0.0185446 0.499688 0.0875587 0.509531 0.234977
4 0.613906 0.248592 0.636094 0.288498 0.635469 0.34507 0.625 0.501174 0.599688 0.537324 0.564688 0.557746 0.546406 0.557746 0.491875 0.520657 0.482812 0.48169 0.477031 0.430986 0.475 0.31385 0.486094 0.25939 0.514062 0.230047 0.562656 0.21831 0.593281 0.228169 0.614687 0.244601
