20 0.687222 0.00520833 0.693669 0.0258333 0.689801 0.04625 0.714185 0.157917 0.709027 0.347083 0.70129 0.351667 0.629543 0.358542 0.633411 0.1625 0.656506 0.0577083 0.651348 0.0439583 0.655217 0.00520833
20 0.587222 0.0395833 0.615475 0.035 0.623095 0.0577083 0.614185 0.0804167 0.635991 0.164792 0.633411 0.353958 0.611606 0.365417 0.558968 0.363125 0.561547 0.185417 0.585932 0.0804167 0.579484 0.06 0.585932 0.035
20 0.543611 0.107917 0.565416 0.0964583 0.569285 0.12375 0.587222 0.20125 0.584642 0.360833 0.525674 0.372083 0.532122 0.230833 0.54619 0.139792 0.541032 0.110208
20 0.457679 0.07375 0.487222 0.0714583 0.485932 0.110208 0.509027 0.205833 0.506448 0.369792 0.433294 0.376667 0.435873 0.210417 0.457679 0.110208 0.4551 0.0714583
20 0.403869 0.0895833 0.429543 0.091875 0.429543 0.12375 0.4449 0.194375 0.442321 0.369792 0.376905 0.376667 0.383353 0.221875 0.40129 0.128333 0.402579 0.091875
20 0.397421 0.119167 0.396131 0.151042 0.414068 0.230833 0.410317 0.38125 0.350059 0.38125 0.352521 0.230833 0.373036 0.157917 0.371747 0.119167
20 0.638453 0.45875 0.63728 0.502083 0.656506 0.590833 0.652638 0.816458 0.612896 0.830208 0.571864 0.811875 0.576905 0.595417 0.602579 0.492917 0.600234 0.456458
20 0.679484 0.447292 0.720633 0.449583 0.716764 0.4975 0.7449 0.611458 0.739859 0.816458 0.706448 0.837083 0.651348 0.825625 0.658968 0.593125 0.679484 0.486042
20 0.532122 0.45875 0.573154 0.461042 0.565416 0.4975 0.579484 0.58875 0.574443 0.786875 0.548769 0.809583 0.509027 0.796042 0.505158 0.764167 0.512896 0.58875 0.530832 0.492917 0.532122 0.492917
20 0.474326 0.45875 0.507737 0.463333 0.507737 0.495208 0.525674 0.584167 0.514185 0.764167 0.493669 0.782292 0.447479 0.782292 0.446659 0.763333 0.430832 0.773125 0.397421 0.761875 0.39109 0.734583 0.393552 0.734583 0.397421 0.584167 0.417937 0.4975 0.423095 0.463333 0.45381 0.463333 0.451348 0.490625 0.462603 0.531667 0.473154 0.495208 0.471981 0.45875
20 0.358968 0.45875 0.392263 0.45875 0.388511 0.486042 0.410317 0.565833 0.40129 0.73 0.378195 0.766458 0.341032 0.757292 0.330715 0.732292 0.337163 0.577292 0.360258 0.495208
