20 0.73306 0.17875 0.744783 0.191875 0.754045 0.2325 0.752872 0.261042 0.674912 0.322708 0.624267 0.324792 0.614302 0.329167 0.608206 0.322708 0.604455 0.29625 0.619226 0.288542 0.6551 0.231458 0.734349 0.177708
20 0.741735 0.157917 0.733646 0.175417 0.655803 0.227083 0.611841 0.23375 0.595193 0.24125 0.592028 0.23375 0.586518 0.194167 0.602579 0.188542 0.632943 0.138125 0.708324 0.0820833 0.724971 0.0820833 0.73306 0.0897917 0.739273 0.107292 0.741735 0.136875
20 0.571161 0.0970833 0.58476 0.0925 0.622509 0.0310417 0.698593 0 0.710317 0 0.721454 0.0320833 0.718992 0.05625 0.715944 0.0683333 0.629894 0.133333 0.587339 0.137708 0.580422 0.144167 0.574326 0.144167 0.568699 0.0947917
20 0.366471 0.245417 0.384408 0.237708 0.417233 0.18375 0.443142 0.160625 0.500703 0.124375 0.511841 0.136458 0.520516 0.181667 0.520516 0.212292 0.513716 0.223333 0.443845 0.275 0.390035 0.277292 0.389449 0.284792 0.37456 0.288125 0.364713 0.244167
20 0.346776 0.143125 0.364009 0.133333 0.400586 0.0804167 0.472216 0.0310417 0.485815 0.034375 0.492028 0.0497917 0.500117 0.109167 0.492028 0.124375 0.419109 0.171667 0.372685 0.179375 0.356038 0.188125 0.343611 0.139792
20 0.325088 0.0420833 0.339977 0.0277083 0.373974 0 0.451817 0 0.461782 0 0.472216 0 0.482181 0.00458333 0.474091 0.025625 0.39871 0.0727083 0.35041 0.0783333 0.331887 0.088125 0.32204 0.0454167
20 0.153693 0.204583 0.169754 0.194792 0.202579 0.13875 0.284877 0.0827083 0.295897 0.0860417 0.303986 0.1025 0.318171 0.181667 0.229191 0.239792 0.179719 0.241042 0.16612 0.250833 0.152521 0.207917
20 0.150059 0.110208 0.163658 0.106875 0.192732 0.051875 0.26694 0.0025 0.271864 0.01125 0.280539 0.0727083 0.210668 0.123333 0.162368 0.150833 0.153107 0.13875 0.148769 0.106875
20 0.178429 0.309167 0.195193 0.29375 0.198828 0.300208 0.232825 0.241042 0.312661 0.186042 0.319461 0.194792 0.330598 0.236458 0.337397 0.288125 0.255803 0.336458 0.208089 0.336458 0.206917 0.341042 0.192028 0.3475 0.179132 0.312292
20 0.225674 0.376875 0.238804 0.37375 0.255569 0.339167 0.334584 0.279792 0.337866 0.285625 0.341735 0.306458 0.351817 0.336042 0.35932 0.367292 0.287456 0.415625 0.235287 0.417708 0.234936 0.421875 0.226026 0.426667 0.220399 0.426667 0.21653 0.420833 0.212309 0.405 0.21313 0.386042
