20 0.447597 0.800208 0.453576 0.76625 0.448183 0.674583 0.480774 0.496667 0.492145 0.494583 0.53517 0.510208 0.536811 0.524583 0.512309 0.69375 0.478546 0.774167 0.481829 0.776875 0.479719 0.811875 0.474209 0.814583 0.462251 0.812708 0.449824 0.806042
20 0.490035 0.79625 0.475381 0.791458 0.462251 0.777917 0.490035 0.586458 0.528136 0.516042 0.523212 0.511042 0.522626 0.491875 0.552052 0.494583 0.552052 0.513125 0.543376 0.515 0.547714 0.614583 0.526964 0.767292 0.520985 0.7925 0.517233 0.798333 0.492732 0.79625
20 0.54279 0.7625 0.54279 0.746042 0.547128 0.731458 0.539508 0.640625 0.559672 0.504375 0.607503 0.517917 0.615123 0.525625 0.593904 0.674583 0.567292 0.735417 0.571043 0.736458 0.565651 0.769167 0.543376 0.761458
20 0.566237 0.745 0.568933 0.726667 0.563423 0.680208 0.583001 0.525625 0.616764 0.531458 0.628722 0.542917 0.60973 0.673542 0.58687 0.725833 0.587925 0.740208 0.584642 0.755625 0.566237 0.750833
20 0.611489 0.457292 0.615944 0.35 0.638687 0.212708 0.677374 0.228125 0.679015 0.23875 0.657796 0.389583 0.63388 0.442708 0.63388 0.463958 0.61313 0.459167
20 0.591911 0.445625 0.595193 0.416667 0.589215 0.334375 0.618054 0.192292 0.64959 0.201042 0.656155 0.209792 0.636577 0.354792 0.608792 0.423333 0.608324 0.448542 0.592497 0.444583
20 0.57714 0.432917 0.581594 0.410833 0.583236 0.288125 0.609379 0.160417 0.645838 0.172083 0.64959 0.195208 0.622978 0.346042 0.597421 0.411875 0.595193 0.44375
20 0.557444 0.41875 0.554396 0.408958 0.554396 0.39625 0.561547 0.399167 0.562603 0.295833 0.594138 0.126667 0.627902 0.138125 0.635522 0.151667 0.610434 0.326667 0.578312 0.406042 0.582181 0.407917 0.577257 0.428125
20 0.529894 0.402083 0.532122 0.381875 0.534818 0.374167 0.532122 0.287083 0.566354 0.0985417 0.578898 0.0908333 0.593083 0.0897917 0.612661 0.104375 0.619109 0.116042 0.596366 0.301667 0.557093 0.387708 0.560961 0.3925 0.556038 0.418542 0.532122 0.410833
20 0.496249 0.398333 0.502696 0.364375 0.506565 0.357708 0.502696 0.225208 0.528253 0.0589583 0.543494 0.044375 0.565299 0.0454167 0.579484 0.0579167 0.587104 0.07625 0.561547 0.271667 0.527198 0.366458 0.523916 0.407917 0.49027 0.400208
