20 0.635991 0.992917 0.627081 0.986667 0.624385 0.962917 0.555803 0.912292 0.490856 0.773125 0.496131 0.744583 0.530012 0.659167 0.538921 0.668542 0.615475 0.818958 0.636811 0.918542 0.643142 0.915417 0.659086 0.942292 0.659086 0.959792 0.65381 0.985 0.638687 0.99625
20 0.608675 0.993958 0.607503 1 0.599062 1 0.52415 0.961667 0.486753 0.88 0.464361 0.821042 0.478312 0.7775 0.498593 0.7775 0.56272 0.8875 0.594725 0.965417 0.608675 0.988333
20 0.667409 0.908542 0.657796 0.916042 0.63857 0.904792 0.558382 0.762292 0.53388 0.665417 0.523095 0.646458 0.528488 0.625625 0.540211 0.602708 0.545604 0.608542 0.553107 0.6275 0.590504 0.673125 0.607503 0.684375 0.680188 0.813542 0.68558 0.840208 0.664244 0.910417
20 0.689801 0.735625 0.677022 0.722292 0.677022 0.709167 0.623564 0.673125 0.572333 0.561042 0.576553 0.538125 0.585111 0.513542 0.599062 0.48875 0.60973 0.48875 0.616061 0.492708 0.67163 0.5875 0.694138 0.675 0.710082 0.693958 0.711254 0.712917 0.691911 0.7375
20 0.701876 0.677917 0.695193 0.671042 0.693083 0.659792 0.654513 0.62375 0.599062 0.521042 0.592614 0.48875 0.601172 0.456458 0.618288 0.439375 0.631067 0.448958 0.688746 0.549583 0.705862 0.6275 0.71653 0.633125 0.719695 0.642708 0.719695 0.653958 0.713365 0.671042
20 0.587222 0.39 0.599062 0.412917 0.580891 0.43 0.572333 0.424167 0.529543 0.375 0.468699 0.255208 0.480422 0.238125 0.48898 0.219167 0.499648 0.211667 0.509261 0.211667 0.56483 0.306458 0.581946 0.39
20 0.554162 0.42625 0.56694 0.439375 0.56483 0.462292 0.554162 0.473542 0.547714 0.473542 0.538101 0.452708 0.504924 0.420417 0.449355 0.310417 0.4483 0.27625 0.451583 0.259167 0.466471 0.243958 0.476084 0.245833 0.534936 0.340625 0.553107 0.43
20 0.548535 0.483958 0.540211 0.509792 0.528488 0.509792 0.52415 0.503958 0.51993 0.48875 0.485698 0.441458 0.419461 0.308333 0.422743 0.29125 0.440914 0.259167 0.456858 0.272292 0.513482 0.376875 0.53388 0.450833 0.543494 0.466042
20 0.530598 0.521042 0.512427 0.557292 0.506096 0.555208 0.494256 0.534375 0.458968 0.496458 0.393787 0.357708 0.386401 0.333125 0.390621 0.312292 0.409848 0.28375 0.428019 0.2875 0.494256 0.411042 0.513482 0.500208 0.527433 0.513542 0.526377 0.525
20 0.499648 0.564792 0.502814 0.5875 0.480422 0.617917 0.466471 0.610417 0.467526 0.5875 0.421571 0.534375 0.337163 0.376875 0.341501 0.359792 0.352169 0.336875 0.371395 0.312292 0.387456 0.317917 0.464361 0.448958 0.486753 0.549583 0.492145 0.553333 0.499648 0.572292
20 0.469754 0.646458 0.44408 0.690208 0.431301 0.6825 0.424853 0.675 0.428019 0.665417 0.36823 0.598958 0.29449 0.460417 0.289097 0.42625 0.295545 0.401458 0.305158 0.384375 0.322274 0.369167 0.336108 0.369167 0.351114 0.376875 0.423798 0.511667 0.44619 0.616042 0.450528 0.614167 0.467526 0.646458
20 0.396835 0.185208 0.383587 0.159375 0.346659 0.10125 0.297186 0 0.31653 0 0.339273 0 0.377491 0.056875 0.402814 0.131042 0.414185 0.1475 0.416178 0.155833 0.412075 0.173333 0.406917 0.183333 0.39871 0.185208
20 0.44279 0.15625 0.435873 0.171458 0.425205 0.175417 0.417937 0.169167 0.414889 0.1525 0.374091 0.0975 0.339742 0.0295833 0.330715 0.00666667 0.335404 0 0.341852 0 0.354748 0 0.405862 0.049375 0.423095 0.110417 0.426026 0.128125 0.4449 0.159375
20 0.451348 0.16 0.445369 0.150833 0.44408 0.137292 0.418288 0.100625 0.373271 0.0235417 0.359086 0 0.359086 0 0.364244 0 0.369754 0 0.381829 0 0.432474 0.028125 0.455686 0.106667 0.468581 0.124167 0.471981 0.135625 0.466823 0.145625 0.451348 0.157708
20 0.487925 0.127292 0.482767 0.135625 0.473271 0.134167 0.46905 0.125 0.46905 0.117292 0.434584 0.080625 0.402814 0.0258333 0.383939 0.00291667 0.383118 0 0.384877 0 0.393435 0 0.401993 0 0.451348 0.0120833 0.46905 0.0510417 0.478898 0.0929167 0.482298 0.09375 0.490504 0.109792 0.490504 0.124167
