20 0.267644 0.809792 0.287222 0.793958 0.312192 0.7275 0.3932 0.635833 0.424385 0.618333 0.461782 0.711667 0.461782 0.715 0.365651 0.809792 0.29789 0.833542 0.302345 0.84 0.281946 0.860417 0.271278 0.847917 0.266823 0.809792
20 0.478546 0.545417 0.537397 0.475208 0.645252 0.378333 0.663423 0.402917 0.668816 0.437083 0.654865 0.458125 0.599297 0.528333 0.566237 0.555 0.506331 0.575833 0.50211 0.589167 0.484994 0.598542 0.470106 0.551042 0.480774 0.541667
20 0.49789 0.619583 0.508324 0.604375 0.533763 0.53625 0.651231 0.439375 0.667292 0.459167 0.673505 0.480208 0.676553 0.513125 0.673505 0.52625 0.581946 0.627292 0.52626 0.640625 0.528136 0.645 0.512661 0.659167 0.508324 0.652708 0.497186 0.620833
20 0.516413 0.670208 0.567057 0.604375 0.660492 0.519583 0.674091 0.532917 0.67714 0.550417 0.678429 0.576875 0.661079 0.602083 0.596131 0.6725 0.539859 0.685625 0.541735 0.692292 0.536225 0.704375 0.523212 0.709792 0.512075 0.673542
20 0.531887 0.714167 0.543025 0.702083 0.582532 0.646042 0.659203 0.573542 0.671043 0.574583 0.682767 0.604375 0.682767 0.622917 0.679015 0.633958 0.667878 0.641667 0.63388 0.676875 0.60422 0.714167 0.554162 0.729583 0.554162 0.737292 0.538687 0.745 0.531184 0.715208
20 0.539273 0.748333 0.552872 0.73625 0.575733 0.691042 0.661665 0.610833 0.684642 0.646042 0.683353 0.664792 0.610434 0.747083 0.565299 0.761458 0.560258 0.768125 0.548535 0.769167 0.538687 0.748333
20 0.555334 0.802083 0.596131 0.738333 0.682767 0.665833 0.690739 0.682292 0.692614 0.718542 0.61653 0.803125 0.573857 0.816458 0.56272 0.82625 0.554748 0.801042
20 0.463775 0.704375 0.474912 0.693333 0.486049 0.719583 0.465651 0.732917 0.429777 0.806458 0.341383 0.913125 0.316061 0.910833 0.289449 0.859167 0.297538 0.841667 0.398945 0.750417 0.463189 0.706458
20 0.372098 0.930208 0.386049 0.91625 0.42075 0.831667 0.485111 0.77 0.495897 0.768125 0.510199 0.794792 0.522743 0.845 0.450059 0.933958 0.399297 0.95375 0.400352 0.961458 0.383822 0.976042 0.378546 0.970833 0.373154 0.947292 0.371747 0.929583
20 0.397421 0.968958 0.407151 0.95875 0.438921 0.893333 0.506213 0.814375 0.52204 0.829167 0.538101 0.876042 0.462954 0.964583 0.41864 0.979792 0.420399 0.982917 0.416061 0.98875 0.417819 0.993125 0.401758 0.997708 0.396366 0.970833
20 0.733998 0.6325 0.775264 0.583125 0.844314 0.516458 0.850528 0.529167 0.855451 0.550833 0.8483 0.576042 0.796366 0.631667 0.752052 0.648125 0.747362 0.664375 0.73939 0.663958 0.73517 0.660417 0.733646 0.631667
20 0.738218 0.69875 0.734467 0.672708 0.746893 0.666042 0.782181 0.619167 0.827198 0.567917 0.841383 0.577292 0.844314 0.59 0.843376 0.61 0.788159 0.674375 0.751934 0.681042 0.750645 0.689375 0.738218 0.699583
20 0.734936 0.546042 0.748652 0.531042 0.785463 0.477292 0.858851 0.413958 0.86483 0.466042 0.856741 0.483333 0.802227 0.544375 0.756506 0.558333 0.757093 0.565 0.742321 0.57875 0.733529 0.5475
20 0.737515 0.579167 0.778546 0.514375 0.847597 0.462917 0.8551 0.481667 0.8551 0.506667 0.850762 0.516875 0.7932 0.579167 0.7449 0.596042 0.7449 0.602708 0.741149 0.608333 0.733529 0.611458 0.72837 0.605 0.731067 0.586667
