20 0.41102 0.590833 0.422743 0.590833 0.426026 0.675417 0.417819 0.676042 0.412778 0.636042 0.410668 0.588958
20 0.401993 0.595417 0.414185 0.592708 0.41524 0.665833 0.416764 0.673542 0.408441 0.675417 0.409496 0.665208 0.403165 0.635417 0.402345 0.596042
20 0.405627 0.596042 0.409496 0.672917 0.407386 0.676667 0.402345 0.675417 0.403517 0.666458 0.397773 0.64375 0.397069 0.599375
20 0.38558 0.602292 0.397069 0.600417 0.399531 0.645625 0.398476 0.666458 0.400586 0.668542 0.400938 0.674167 0.398828 0.678542 0.391676 0.679375 0.391676 0.665208 0.386284 0.638542 0.385346 0.602292
20 0.394842 0.72 0.407737 0.71875 0.409496 0.776042 0.407737 0.7975 0.408792 0.805208 0.406331 0.810208 0.401993 0.807708 0.400586 0.800833 0.401993 0.799375 0.394842 0.770208 0.395545 0.7225
20 0.388394 0.72375 0.403869 0.721875 0.404572 0.770833 0.400586 0.79625 0.401641 0.803333 0.398828 0.807083 0.39449 0.802083 0.395897 0.795 0.389097 0.767083 0.389097 0.724375
20 0.385932 0.793125 0.384174 0.786042 0.384174 0.802708 0.377022 0.803333 0.37163 0.758125 0.37163 0.725 0.397069 0.723125 0.397773 0.771458 0.393435 0.7925 0.392732 0.805833 0.385932 0.805833
20 0.368347 0.802708 0.368699 0.789375 0.363775 0.769583 0.363072 0.726875 0.376671 0.72625 0.376671 0.773333 0.373036 0.7925 0.374795 0.802083 0.37163 0.802708
20 0.363072 0.793125 0.358382 0.776042 0.357679 0.726875 0.373388 0.72625 0.374091 0.768333 0.368347 0.795625 0.370223 0.803333 0.361899 0.803333
20 0.408792 0.921667 0.409965 0.90875 0.403165 0.884583 0.400938 0.837708 0.420985 0.83625 0.421336 0.880833 0.416764 0.924167 0.409496 0.923542
20 0.393787 0.913958 0.394842 0.908125 0.389566 0.885417 0.389097 0.838333 0.406682 0.840208 0.407737 0.890417 0.40129 0.911458 0.400586 0.922917 0.393435 0.922917
20 0.385229 0.914583 0.381243 0.883958 0.380891 0.835 0.397773 0.838958 0.399531 0.886667 0.392732 0.908125 0.392028 0.918958 0.384877 0.919583
20 0.367995 0.910208 0.367292 0.851667 0.371278 0.843333 0.37163 0.822292 0.379836 0.821667 0.379836 0.840208 0.384174 0.874583 0.38347 0.89875 0.379836 0.913958 0.366589 0.911458
20 0.363775 0.905625 0.364127 0.894792 0.360141 0.877708 0.359789 0.831875 0.372333 0.83 0.374091 0.879583 0.369871 0.90875 0.363423 0.910208
