20 0.662251 0.0277083 0.69449 0.025 0.689918 0.0797917 0.7068 0.197292 0.682181 0.396875 0.603751 0.380417 0.623798 0.178125 0.652989 0.0741667 0.660727 0.0195833
20 0.583705 0.03875 0.617585 0.03875 0.609965 0.0852083 0.623798 0.175417 0.603751 0.377708 0.526846 0.372292 0.551465 0.158958 0.577608 0.0741667 0.583705 0.033125
20 0.525322 0.0933333 0.557562 0.104375 0.549941 0.148125 0.559086 0.221875 0.539156 0.372292 0.491442 0.369583 0.483705 0.350417 0.5068 0.208333 0.522157 0.142708
20 0.366823 0.0441667 0.36061 0.0852083 0.369871 0.150833 0.346776 0.323125 0.29449 0.325833 0.286753 0.30125 0.309848 0.153542 0.334467 0.0825 0.337515 0.0441667
20 0.379132 0.0195833 0.409848 0.0277083 0.405275 0.0660417 0.4068 0.148125 0.375967 0.345 0.320633 0.328542 0.345252 0.139792 0.379132 0.06875 0.371395 0.060625 0.380657 0.0277083
20 0.466823 0.03875 0.47456 0.060625 0.466823 0.0741667 0.477608 0.189167 0.456038 0.350417 0.382181 0.339583 0.405275 0.15625 0.44068 0.06875 0.434467 0.0495833 0.440445 0.0283333
20 0.291442 0.41875 0.320633 0.424167 0.316061 0.446042 0.326729 0.522708 0.305275 0.730417 0.280657 0.763333 0.239039 0.744167 0.232943 0.708542 0.256038 0.544583 0.289801 0.443333 0.289801 0.421458
20 0.36061 0.437917 0.389918 0.454375 0.385229 0.481667 0.385229 0.582917 0.356038 0.76875 0.332943 0.785208 0.309848 0.771458 0.30211 0.736042 0.322157 0.571875 0.354513 0.484375 0.36061 0.4325
20 0.417585 0.446042 0.451465 0.457083 0.4483 0.498125 0.451465 0.610208 0.420633 0.8125 0.385229 0.815208 0.385229 0.8125 0.368347 0.790625 0.362134 0.757917 0.383705 0.582917 0.419109 0.492708 0.414537 0.484375 0.419109 0.454375
20 0.489918 0.470833 0.516061 0.478958 0.513013 0.52 0.514537 0.52 0.523798 0.618333 0.499179 0.837083 0.483705 0.864583 0.431419 0.831667 0.42837 0.798958 0.452989 0.6075 0.485229 0.503542 0.489918 0.465208
20 0.559086 0.478958 0.599179 0.492708 0.596014 0.541875 0.611489 0.648542 0.589918 0.875417 0.588394 0.872708 0.573036 0.891875 0.516061 0.875417 0.499179 0.834375 0.522157 0.629375 0.556038 0.530833 0.557562 0.484375
20 0.64068 0.495417 0.680657 0.511667 0.679132 0.569167 0.700703 0.673125 0.679132 0.897292 0.652989 0.930208 0.599179 0.911042 0.582181 0.861667 0.6068 0.648542 0.637632 0.561042 0.64068 0.503542
