20 0.0077374 0.5975 0.0173505 0.5925 0.0245018 0.5925 0.031653 0.5975 0.033177 0.616667 0.0309496 0.624167 0.0460727 0.680833 0.0456038 0.788958 0.0403283 0.801042 0.0263775 0.808542 0.0087925 0.81125 0 0.807917 0 0.687083 0.0101993 0.622917 0.0052755 0.610833
20 0.00410317 0.287708 0.0273154 0.287708 0.0273154 0.312917 0.0389215 0.368542 0.036694 0.489167 0.022626 0.498333 0 0.492083 0 0.37625 0.00410317 0.313542 0.00234467 0.3075 0.00328253 0.286875
20 0.0475967 0.286042 0.0716295 0.288333 0.0716295 0.314375 0.07034 0.314375 0.082415 0.367708 0.0827667 0.48375 0.0785463 0.492917 0.0724502 0.498958 0.0381008 0.4975 0.0364596 0.484583 0.0342321 0.374583 0.0493552 0.312917 0.0445487 0.299167 0.0467761 0.29375
20 0.0905041 0.290625 0.114185 0.29 0.115826 0.30375 0.114537 0.314375 0.12755 0.369375 0.140797 0.315833 0.136928 0.298333 0.140328 0.295208 0.16272 0.296875 0.163072 0.31125 0.16143 0.314375 0.176436 0.377708 0.177257 0.484583 0.174678 0.496042 0.160141 0.50125 0.132239 0.500625 0.127902 0.490625 0.127667 0.475208 0.127433 0.492917 0.110668 0.503542 0.0845252 0.500625 0.0819461 0.489792 0.0801876 0.37625 0.0956624 0.313542 0.091442 0.304375 0.091442 0.291458
20 0.186753 0.312917 0.188863 0.292917 0.210317 0.29375 0.210317 0.314375 0.207737 0.316667 0.223212 0.376875 0.225322 0.484583 0.221923 0.495208 0.217233 0.500625 0.179836 0.502083 0.177257 0.4875 0.177257 0.373958 0.189332 0.316667
20 0.169285 0.0479167 0.168933 0.0285417 0.171747 0.02625 0.187925 0.0277083 0.193083 0.03375 0.190856 0.0541667 0.207034 0.118125 0.208558 0.235 0.206682 0.238542 0.158382 0.238542 0.156624 0.227292 0.156975 0.111042 0.172333 0.0522917
20 0.105862 0.0425 0.106565 0.016875 0.109144 0.0133333 0.141149 0.0139583 0.148183 0.0166667 0.151583 0.021875 0.156506 0.157083 0.143494 0.224167 0.146307 0.231458 0.145604 0.245625 0.12075 0.245417 0.121571 0.206667 0.1068 0.155833 0.10551 0.0402083
20 0.0838218 0.232708 0.0848769 0.130417 0.0961313 0.0683333 0.09449 0.0622917 0.0947245 0.04375 0.0943728 0.0429167 0.10891 0.0391667 0.113716 0.0427083 0.125205 0.137292 0.122626 0.237292 0.0957796 0.237917 0.0838218 0.232708 0.0590856 0.227292 0.0553341 0.238333 0.00468933 0.235625 0.00234467 0.109375 0.0182884 0.0435417 0.015592 0.0427083 0.0158265 0.0214583 0.0158265 0.0222917 0.0255569 0.0202083 0.0409144 0.028125 0.0411489 0.0466667 0.0393904 0.0510417 0.0560375 0.110208 0.0590856 0.227292
20 0.0446659 0.0395833 0.0660023 0.041875 0.0660023 0.0604167 0.0811254 0.120417 0.0819461 0.225417 0.0749121 0.233958 0.0573271 0.234792 0.0481829 0.232083 0.0419695 0.225 0.0389215 0.114583 0.0468933 0.0639583 0.0446659 0.05625 0.0444314 0.044375
20 0.191442 0.0479167 0.20211 0.049375 0.20211 0.0672917 0.217233 0.13625 0.219226 0.233958 0.212544 0.239167 0.195897 0.242292 0.169988 0.233958 0.166237 0.112083 0.184174 0.06125 0.184408 0.04625 0.195311 0.0479167
