20 0.715944 0.185625 0.742204 0.2075 0.751348 0.240417 0.728253 0.265 0.70211 0.420833 0.591325 0.62875 0.506682 0.486458 0.61442 0.286875 0.689801 0.223958 0.71442 0.185625
20 0.646776 0.04625 0.672919 0.0735417 0.674443 0.111875 0.651348 0.144583 0.619109 0.278542 0.51442 0.464583 0.431301 0.322292 0.531301 0.152917 0.617468 0.0845833 0.643728 0.0489583
20 0.857562 0.450833 0.891442 0.48375 0.89449 0.505625 0.879132 0.549375 0.874443 0.535625 0.856038 0.675208 0.765182 0.9075 0.742204 0.904792 0.663658 0.76 0.742204 0.573958 0.829894 0.4975 0.851348 0.456458 0.859086 0.448125
20 0.945252 0.573958 0.982181 0.617708 0.980657 0.650625 0.963775 0.675208 0.96061 0.669583 0.949824 0.822708 0.871395 1 0.825205 0.997708 0.766823 0.904792 0.857562 0.683333 0.923681 0.617708 0.942204 0.568542
20 0.754513 0.393542 0.734467 0.42625 0.712896 0.554792 0.637515 0.707917 0.579015 0.603958 0.642087 0.461875 0.71442 0.390833 0.728253 0.360625 0.752872 0.390833
20 0.328253 0.363333 0.375967 0.431875 0.36823 0.456458 0.35592 0.45375 0.308206 0.639583 0.172802 0.896667 0.145135 0.904792 0.0758499 0.79 0.0743259 0.757083 0.0943728 0.686042 0.215944 0.48375 0.308206 0.412708 0.331301 0.371667
20 0.415944 0.516458 0.452872 0.579375 0.428253 0.631458 0.425205 0.62875 0.388277 0.809167 0.283587 1 0.235873 1 0.172802 0.937708 0.180539 0.86375 0.311254 0.653333 0.389801 0.57125 0.399062 0.554792 0.415944 0.51375
20 0.542087 0.729792 0.515944 0.77625 0.509848 0.773542 0.486753 0.948542 0.363658 1 0.332825 1 0.282063 1 0.283587 0.989583 0.388277 0.800833 0.480539 0.707917 0.480539 0.699792 0.499883 0.660208
20 0.580891 0.80375 0.579015 0.800833 0.582181 0.800833 0.580891 0.80375 0.580891 0.80375 0.628253 0.874792 0.608324 0.92125 0.599062 0.918542 0.575967 1 0.46823 1 0.437515 1 0.379015 1 0.380539 1 0.480539 0.95125 0.562134 0.858333 0.563658 0.844583 0.580891 0.80375
20 0.545252 0.139167 0.435991 0.314167 0.365182 0.193958 0.46823 0.0325 0.540563 0.00791667 0.566706 0 0.592849 0.0025 0.589801 0.024375 0.563658 0.054375 0.560141 0.079375
