20 0.228722 0.480833 0.251934 0.471667 0.294725 0.471667 0.304572 0.5 0.306565 0.52375 0.301055 0.523542 0.302462 0.530208 0.261782 0.534792 0.237046 0.512917 0.230363 0.5175 0.227198 0.51375 0.225791 0.501667 0.218992 0.504583 0.217468 0.483542
20 0.23857 0.559583 0.242204 0.532083 0.249355 0.5375 0.267409 0.528333 0.310199 0.528333 0.318406 0.56875 0.273623 0.572292 0.247831 0.556875 0.240094 0.557708
20 0.244549 0.572083 0.244197 0.577917 0.242204 0.572292 0.244549 0.572083 0.244549 0.572083 0.245252 0.555833 0.27925 0.544792 0.314889 0.544792 0.32415 0.5825 0.280305 0.586042 0.254045 0.571458 0.244549 0.572083
20 0.344197 0.579583 0.343728 0.563125 0.369402 0.553125 0.417351 0.563125 0.417351 0.591667 0.369988 0.591667 0.349824 0.579583
20 0.33388 0.490833 0.332825 0.477083 0.345721 0.477083 0.365885 0.459792 0.41993 0.466042 0.420516 0.51 0.368933 0.508333 0.341618 0.493542 0.332825 0.492708
20 0.334467 0.492708 0.345252 0.492708 0.373623 0.484375 0.41993 0.499167 0.421454 0.532083 0.367409 0.5275 0.345252 0.511875 0.335287 0.512708
20 0.33857 0.511042 0.371981 0.502708 0.41993 0.511042 0.418875 0.543958 0.371981 0.543958 0.347245 0.529375 0.33857 0.527917
20 0.340563 0.543125 0.341149 0.529375 0.3483 0.530208 0.369402 0.522917 0.416295 0.531042 0.418406 0.559583 0.370457 0.558542 0.349824 0.544792 0.339625 0.543125
20 0.341618 0.55125 0.343728 0.536667 0.351934 0.5375 0.376671 0.525625 0.418406 0.535625 0.418406 0.566875 0.373623 0.567708 0.35041 0.553125 0.342087 0.553958
20 0.454513 0.552292 0.461665 0.55125 0.481243 0.539375 0.518875 0.553958 0.514771 0.581458 0.480774 0.575 0.455569 0.564167 0.453927 0.553125
20 0.450176 0.565 0.449355 0.56875 0.448769 0.564167 0.450176 0.565 0.450176 0.565 0.452989 0.553958 0.47456 0.552292 0.516295 0.563125 0.512192 0.583333 0.508324 0.582917 0.509144 0.595208 0.47925 0.598958 0.458617 0.584167 0.449824 0.584167 0.452989 0.56875 0.462837 0.571458 0.450176 0.565
20 0.447831 0.59625 0.4483 0.581458 0.454982 0.583333 0.483353 0.576875 0.510668 0.58875 0.50551 0.615417 0.471981 0.608958 0.452989 0.598958
