20 0.587573 0.692708 0.610317 0.695 0.622743 0.709375 0.627902 0.707083 0.631301 0.710208 0.63177 0.718542 0.627902 0.723958 0.624502 0.720833 0.609379 0.723125 0.587104 0.720833 0.587104 0.694167
20 0.620633 0.744583 0.606448 0.745208 0.583236 0.738333 0.584994 0.713333 0.611137 0.719375 0.627081 0.735417 0.626143 0.746875
20 0.624502 0.749792 0.624502 0.76125 0.618406 0.758958 0.603869 0.762083 0.580657 0.756042 0.579836 0.7475 0.584525 0.728542 0.621923 0.748333
20 0.573388 0.768125 0.575498 0.7575 0.581946 0.762083 0.590973 0.759792 0.618875 0.77125 0.619695 0.778125 0.618875 0.785833 0.615475 0.791875 0.591442 0.780417 0.578546 0.769792 0.57245 0.769792
20 0.57245 0.78125 0.574209 0.774375 0.611137 0.787292 0.614537 0.785 0.616764 0.78875 0.615006 0.799583 0.609027 0.795625 0.596952 0.799583 0.57245 0.794167
20 0.526964 0.690417 0.57374 0.7025 0.572919 0.7125 0.551934 0.717083 0.524853 0.70875 0.526964 0.68875
20 0.524853 0.7225 0.524853 0.70875 0.570809 0.7125 0.56905 0.723958 0.550176 0.72625 0.524385 0.7225
20 0.562837 0.741042 0.547831 0.744792 0.523916 0.736667 0.524385 0.723125 0.526495 0.71625 0.558382 0.728958 0.562603 0.727083 0.567526 0.729583 0.565768 0.742292
20 0.559672 0.755833 0.547245 0.759375 0.522392 0.755208 0.523329 0.73625 0.547831 0.739792 0.55932 0.74625 0.565064 0.744792 0.564478 0.756875
20 0.558499 0.77125 0.545721 0.774583 0.524033 0.768333 0.521336 0.7625 0.522274 0.750625 0.536342 0.751667 0.563306 0.760208 0.562954 0.77125
20 0.55592 0.779792 0.545369 0.783958 0.520868 0.77625 0.52075 0.763125 0.524385 0.759583 0.544314 0.763333 0.555451 0.771042 0.561196 0.770625 0.560375 0.782292
20 0.503048 0.694167 0.503165 0.705625 0.483353 0.708125 0.461547 0.704792 0.458734 0.686875 0.461782 0.663125 0.482649 0.665833 0.497773 0.674167 0.503986 0.672083 0.503986 0.686875 0.499062 0.685 0.488863 0.689375 0.496835 0.693333
20 0.503986 0.675417 0.497655 0.672708 0.481477 0.678333 0.47034 0.676042 0.460375 0.671667 0.457444 0.655417 0.458851 0.651875 0.483587 0.655833 0.503634 0.665
20 0.503048 0.659583 0.497773 0.656875 0.460375 0.660208 0.457679 0.648542 0.458734 0.630417 0.463892 0.6275 0.484525 0.630417 0.498007 0.644792 0.504924 0.645833 0.50551 0.658542
