20 0.823281 0.35625 0.830781 0.350833 0.867969 0.350833 0.869219 0.377292 0.863125 0.381875 0.887813 0.467083 0.880937 0.624583 0.874844 0.634583 0.862344 0.638333 0.806094 0.638333 0.79375 0.626458 0.799219 0.461458 0.828125 0.38 0.823906 0.376458 0.8225 0.368125
20 0.623437 0.354375 0.659844 0.354375 0.659844 0.384583 0.657031 0.388333 0.679063 0.466042 0.674844 0.621875 0.664531 0.63375 0.612344 0.628125 0.596562 0.614375 0.6 0.463333 0.623437 0.388333 0.621406 0.381875 0.623437 0.357083
20 0.565 0.3525 0.579375 0.354375 0.582188 0.360833 0.580781 0.38375 0.577344 0.387292 0.597969 0.463333 0.595938 0.608125 0.589687 0.622708 0.574688 0.627292 0.542969 0.627292 0.525938 0.620833 0.5225 0.608958 0.525156 0.456042 0.547187 0.389167 0.542969 0.384583 0.544375 0.353542
20 0.466094 0.349792 0.505312 0.350833 0.507969 0.360833 0.504531 0.364375 0.503906 0.385625 0.525156 0.4625 0.5225 0.608958 0.516875 0.625417 0.499844 0.631042 0.455156 0.627292 0.444844 0.618125 0.443438 0.611667 0.446875 0.463333 0.470313 0.384583 0.466875 0.376458 0.466094 0.350833
20 0.396719 0.347083 0.4325 0.347083 0.434531 0.358125 0.4325 0.375417 0.429063 0.379167 0.450313 0.457917 0.449688 0.6025 0.438594 0.611667 0.416719 0.62 0.386406 0.615417 0.374063 0.603542 0.376875 0.457917 0.400156 0.377292 0.394062 0.368958 0.396719 0.345208
20 0.335625 0.343333 0.373437 0.3425 0.374844 0.378125 0.370625 0.379167 0.394687 0.461458 0.391875 0.604375 0.388437 0.61625 0.381562 0.624583 0.368594 0.629167 0.3225 0.628125 0.316406 0.62 0.311563 0.603542 0.311563 0.451458 0.335 0.379167 0.332813 0.345208
20 0.250469 0.3325 0.290313 0.331458 0.292344 0.347083 0.290937 0.361667 0.286875 0.368958 0.312344 0.449583 0.312969 0.610833 0.303281 0.621875 0.275156 0.629167 0.240781 0.627292 0.227813 0.60625 0.230469 0.438542 0.254531 0.364375 0.249063 0.357083 0.251094 0.3325
20 0.224375 0.351667 0.256562 0.349792 0.257344 0.373542 0.2525 0.381042 0.274531 0.447708 0.268281 0.597917 0.26 0.607083 0.225 0.611667 0.209219 0.6025 0.207813 0.451458 0.232656 0.38 0.228437 0.379167 0.226406 0.351667
20 0.131875 0.333333 0.165625 0.336042 0.165313 0.370833 0.1625 0.372708 0.189375 0.456042 0.187969 0.618125 0.178281 0.621875 0.135 0.625417 0.106875 0.625417 0.102031 0.621875 0.0996875 0.587083 0.0996875 0.451458 0.126406 0.372708 0.121719 0.36625 0.120938 0.335208
20 0.596719 0.358958 0.604219 0.355208 0.625625 0.35625 0.628281 0.37 0.624219 0.385625 0.646875 0.465208 0.646875 0.613542 0.628281 0.62 0.598125 0.622708 0.573438 0.607083 0.574688 0.461458 0.598125 0.388333 0.591875 0.385625 0.590469 0.376458 0.595313 0.355208
20 0.527344 0.363542 0.554844 0.365417 0.554844 0.382708 0.551406 0.388333 0.5775 0.461458 0.572656 0.601667 0.566563 0.608125 0.527344 0.610833 0.50125 0.608125 0.50875 0.45875 0.531406 0.391875 0.525312 0.384583 0.526719 0.362708
20 0.195 0.344375 0.19625 0.373542 0.192812 0.377292 0.215469 0.450625 0.211406 0.599792 0.179062 0.60625 0.135156 0.604375 0.131094 0.587917 0.131719 0.443125 0.157812 0.376458 0.155781 0.344375 0.195 0.347917
