20 0.25875 0.305833 0.297812 0.308542 0.299219 0.325 0.297187 0.34625 0.32125 0.425 0.32125 0.587917 0.297187 0.594375 0.240156 0.5925 0.238125 0.415833 0.262188 0.3425 0.25875 0.335208 0.257969 0.305833
20 0.355469 0.321458 0.387813 0.321458 0.387188 0.350833 0.408437 0.428542 0.405625 0.574167 0.385 0.580625 0.350781 0.5825 0.338438 0.573333 0.339062 0.423125 0.358906 0.350833 0.354844 0.34625 0.354844 0.319583
20 0.38375 0.302292 0.422813 0.302292 0.422813 0.335208 0.41875 0.337917 0.442812 0.415833 0.444844 0.583333 0.434531 0.59625 0.408437 0.60625 0.378281 0.60625 0.362344 0.58875 0.361094 0.416667 0.388437 0.333333 0.382344 0.3325 0.382344 0.30125
20 0.464687 0.311458 0.501875 0.309583 0.504531 0.3425 0.501094 0.34625 0.52375 0.427708 0.521719 0.5825 0.512813 0.597917 0.499062 0.6025 0.454375 0.598958 0.442031 0.587917 0.44 0.423958 0.466875 0.34625 0.46125 0.33875 0.463438 0.310417
20 0.525156 0.31875 0.542969 0.315 0.560937 0.317708 0.562344 0.347917 0.558906 0.347917 0.576719 0.423958 0.574688 0.576875 0.568438 0.58875 0.527969 0.591667 0.512188 0.583333 0.507344 0.575 0.507344 0.414792 0.529375 0.347083 0.525156 0.341667 0.52375 0.317708
20 0.601406 0.315 0.622656 0.311458 0.64125 0.315833 0.639844 0.347917 0.637813 0.3525 0.659844 0.433125 0.655 0.589792 0.651563 0.600833 0.643281 0.60625 0.623437 0.608958 0.591875 0.60625 0.5725 0.591667 0.576719 0.430417 0.600781 0.35625 0.597969 0.343333 0.6 0.315833
20 0.683125 0.316875 0.722969 0.315 0.72375 0.349792 0.718125 0.351667 0.740781 0.428542 0.738125 0.589792 0.726406 0.601667 0.710625 0.60625 0.689375 0.60625 0.661875 0.59625 0.652969 0.587083 0.659844 0.426667 0.683125 0.353542 0.679688 0.348958 0.6825 0.311458
20 0.767656 0.315833 0.792969 0.312292 0.811562 0.315 0.811562 0.349792 0.808125 0.349792 0.833594 0.435833 0.828125 0.604375 0.8225 0.610833 0.8075 0.618125 0.76 0.613542 0.73875 0.599792 0.743594 0.432292 0.7725 0.349792 0.766875 0.349792 0.769062 0.315833
20 0.736094 0.319583 0.766875 0.31875 0.7725 0.321458 0.770312 0.350833 0.767656 0.350833 0.796406 0.438542 0.792969 0.595208 0.780625 0.601667 0.733906 0.605208 0.715469 0.594375 0.712031 0.430417 0.735313 0.351667 0.73125 0.344375 0.733906 0.316875
20 0.323281 0.321458 0.32125 0.349792 0.346562 0.428542 0.340469 0.575 0.30125 0.583333 0.276562 0.57875 0.261406 0.571458 0.259375 0.414792 0.289531 0.3425 0.290937 0.331458 0.288906 0.316875
