21 0.134375 0.152083 0.139063 0.239583 0.315625 0.21875 0.309375 0.125
21 0.551562 0.0458333 0.55 0.04375 0.573438 0.0770833 0.578125 0.164583 0.55625 0.160417 0.301563 0.19375 0.295312 0.0916667
21 0.929688 0.266667 0.929688 0.0958333 0.56875 0.15625 0.570312 0.314583
21 0.559375 0.304167 0.560937 0.154167 0.282813 0.2 0.29375 0.3375
21 0.0671875 0.358333 0.310937 0.335417 0.298438 0.185417 0.05625 0.235417
21 0.0765625 0.48125 0.303125 0.475 0.345313 0.46875 0.340625 0.38125 0.0703125 0.4
21 0.326562 0.85 0.59375 0.885417 0.589063 0.74375 0.323437 0.735417
21 0.9375 0.93125 0.942187 0.775 0.910937 0.76875 0.6 0.74375 0.582812 0.75625 0.589063 0.891667
21 0.9375 0.616667 0.939063 0.45 0.904687 0.4375 0.59375 0.454167 0.576562 0.466667 0.584375 0.610417
21 0.94375 0.76875 0.945312 0.602083 0.910937 0.589583 0.6 0.60625 0.582812 0.61875 0.589063 0.754167
21 0.3125 0.60625 0.58125 0.604167 0.576562 0.4625 0.307812 0.477083
21 0.321875 0.725 0.5875 0.741667 0.582812 0.6 0.314063 0.614583
21 0.0890625 0.597917 0.307812 0.597917 0.335938 0.585417 0.33125 0.46875 0.0828125 0.485417 0.0765625 0.485417
21 0.0984375 0.708333 0.323437 0.729167 0.339062 0.71875 0.335938 0.595833 0.0890625 0.602083
21 0.115625 0.820833 0.326562 0.845833 0.345313 0.833333 0.332813 0.71875 0.104688 0.70625
