21 0.0859375 0.63125 0.392188 0.60625 0.390625 0.4875 0.08125 0.495833
21 0.646875 0.6 0.646875 0.4875 0.39375 0.4875 0.396875 0.608333
21 0.889062 0.472917 0.884375 0.589583 0.654687 0.595833 0.654687 0.464583
21 0.865625 0.364583 0.857812 0.475 0.629687 0.46875 0.628125 0.35
21 0.628125 0.470833 0.628125 0.358333 0.375 0.358333 0.378125 0.479167
21 0.125 0.46875 0.398438 0.470833 0.392188 0.352083 0.121875 0.352083
21 0.103125 0.779167 0.403125 0.747917 0.4 0.679167 0.096875 0.7
21 0.120313 0.904167 0.403125 0.8625 0.403125 0.739583 0.104688 0.779167
21 0.653125 0.725 0.6375 0.69375 0.385937 0.716667 0.401562 0.752083 0.403125 0.860417 0.653125 0.839583
21 0.673438 0.829167 0.684375 0.829167 0.88125 0.810417 0.8875 0.702083 0.854688 0.679167 0.645312 0.704167 0.654687 0.727083 0.651563 0.827083
21 0.657813 0.935417 0.875 0.90625 0.879687 0.802083 0.651563 0.835417
21 0.407813 0.977083 0.657813 0.933333 0.651563 0.822917 0.404687 0.870833
