21 0.0796875 0.120833 0.08125 0.216667 0.345313 0.235417 0.34375 0.122917 0.0859375 0.10625 0.075 0.1125
21 0.373437 0.71875 0.101562 0.75 0.107813 0.866667 0.370312 0.827083
21 0.367188 0.497917 0.0875 0.516667 0.09375 0.633333 0.370312 0.60625
21 0.373437 0.6125 0.09375 0.63125 0.1 0.747917 0.376563 0.720833
21 0.08125 0.44375 0.0828125 0.510417 0.376563 0.495833 0.36875 0.402083 0.078125 0.41875
21 0.529687 0.133333 0.573438 0.135417 0.575 0.25 0.33125 0.235417 0.3375 0.116667
21 0.75625 0.154167 0.790625 0.160417 0.782813 0.258333 0.573438 0.247917 0.573438 0.135417
21 0.798438 0.35625 0.596875 0.358333 0.595313 0.239583 0.804688 0.254167
21 0.554688 0.36875 0.357812 0.36875 0.357812 0.220833 0.604688 0.252083 0.601562 0.366667
21 0.0828125 0.364583 0.382812 0.370833 0.379688 0.235417 0.0671875 0.23125 0.0609375 0.225 0.06875 0.360417
21 0.6 0.702083 0.585938 0.66875 0.370312 0.683333 0.367188 0.710417 0.376563 0.820833 0.59375 0.795833
21 0.6 0.4875 0.585938 0.454167 0.370312 0.46875 0.367188 0.495833 0.376563 0.60625 0.59375 0.58125
21 0.603125 0.6 0.589063 0.566667 0.373437 0.58125 0.370312 0.608333 0.379688 0.71875 0.596875 0.69375
21 0.8 0.575 0.796875 0.6625 0.595313 0.679167 0.589063 0.589583 0.575 0.5625 0.765625 0.55625
21 0.804688 0.472917 0.801562 0.560417 0.6 0.577083 0.59375 0.4875 0.579688 0.460417 0.770312 0.454167
21 0.770312 0.752083 0.770312 0.752083 0.59375 0.779167 0.585938 0.672917 0.767188 0.660417 0.7875 0.664583
21 0.335938 0.985417 0.548438 0.94375 0.548438 0.85625 0.332813 0.902083
