21 0.121875 0.152083 0.379688 0.145833 0.401562 0.141667 0.398438 0.0770833 0.115625 0.0833333 0.109375 0.0979167 0.114062 0.154167
21 0.657813 0.516667 0.398438 0.522917 0.39375 0.408333 0.657813 0.402083
21 0.407813 0.520833 0.154688 0.527083 0.145313 0.4125 0.4 0.402083
21 0.390625 0.28125 0.135937 0.29375 0.120313 0.160417 0.382812 0.15
21 0.398438 0.4 0.145313 0.40625 0.128125 0.291667 0.390625 0.28125
21 0.657813 0.272917 0.39375 0.285417 0.378125 0.152083 0.6625 0.135417
21 0.654687 0.395833 0.395313 0.402083 0.390625 0.2875 0.660937 0.277083
21 0.665625 0.395833 0.939063 0.38125 0.945312 0.25625 0.65625 0.26875 0.659375 0.39375
21 0.929688 0.516667 0.942187 0.38125 0.65625 0.391667 0.654687 0.520833
21 0.173437 0.716667 0.3875 0.714583 0.389062 0.614583 0.15625 0.61875
21 0.6125 0.620833 0.614062 0.729167 0.389062 0.71875 0.3875 0.614583
21 0.834375 0.602083 0.829688 0.70625 0.610938 0.704167 0.614062 0.60625
21 0.882812 0.760417 0.879687 0.85625 0.634375 0.858333 0.626563 0.747917 0.61875 0.722917 0.864062 0.73125
21 0.623437 0.958333 0.873437 0.975 0.875 0.85625 0.615625 0.85625
21 0.385937 0.747917 0.395313 0.71875 0.61875 0.720833 0.625 0.760417 0.625 0.85 0.389062 0.847917
21 0.3875 0.952083 0.625 0.960417 0.61875 0.85 0.379688 0.854167
21 0.15 0.747917 0.178125 0.716667 0.389062 0.71875 0.378125 0.747917 0.385937 0.83125 0.160938 0.83125
21 0.15625 0.94375 0.392188 0.947917 0.382812 0.847917 0.145313 0.841667
