21 0.585938 0.0666667 0.58125 0.175 0.779687 0.202083 0.775 0.09375
21 0.340625 0.19375 0.340625 0.283333 0.0359375 0.252083 0.0390625 0.1625 0.339062 0.191667
21 0.323437 0.141667 0.579688 0.179167 0.578125 0.05625 0.335938 0.0229167
21 0.339062 0.641667 0.0546875 0.658333 0.0484375 0.525 0.34375 0.527083
21 0.339062 0.4 0.05 0.391667 0.04375 0.258333 0.345313 0.28125
21 0.340625 0.522917 0.0546875 0.520833 0.0484375 0.3875 0.34375 0.408333
21 0.459375 0.29375 0.582812 0.304167 0.573438 0.410417 0.345313 0.4 0.346875 0.2875
21 0.775 0.310417 0.767188 0.40625 0.571875 0.404167 0.571875 0.295833
21 0.770312 0.508333 0.578125 0.514583 0.578125 0.408333 0.775 0.410417
21 0.742188 0.608333 0.565625 0.620833 0.571875 0.514583 0.767188 0.50625 0.75625 0.604167
21 0.467187 0.629167 0.335938 0.633333 0.339062 0.522917 0.575 0.514583 0.578125 0.622917
21 0.396875 0.510417 0.340625 0.5125 0.340625 0.395833 0.575 0.414583 0.576562 0.50625
21 0.726562 0.791667 0.704688 0.766667 0.521875 0.795833 0.54375 0.835417 0.540625 0.916667 0.726562 0.883333
21 0.521875 0.708333 0.3 0.739583 0.303125 0.841667 0.51875 0.802083
21 0.278125 0.741667 0.028125 0.766667 0.028125 0.889583 0.303125 0.847917 0.301563 0.73125
21 0.314063 0.86875 0.3125 0.970833 0.542188 0.920833 0.5375 0.83125 0.525 0.8 0.303125 0.839583
