21 0.257812 0.45625 0.259375 0.525 0.407813 0.520833 0.404687 0.45
21 0.5375 0.454167 0.539062 0.522917 0.395313 0.525 0.39375 0.454167
21 0.679688 0.45 0.540625 0.452083 0.540625 0.514583 0.679688 0.514583
21 0.6875 0.51875 0.689063 0.585417 0.551562 0.589583 0.546875 0.520833
21 0.545312 0.589583 0.545312 0.520833 0.396875 0.522917 0.4 0.595833
21 0.245312 0.53125 0.245312 0.60625 0.403125 0.595833 0.398438 0.525
21 0.254688 0.679167 0.404687 0.666667 0.403125 0.625 0.25 0.633333
21 0.25625 0.745833 0.407813 0.735417 0.407813 0.66875 0.251563 0.679167
21 0.553125 0.6625 0.54375 0.65 0.403125 0.654167 0.409375 0.675 0.407813 0.735417 0.553125 0.729167
21 0.692187 0.654167 0.68125 0.64375 0.546875 0.65 0.554688 0.664583 0.554688 0.729167 0.692187 0.71875
21 0.692187 0.78125 0.553125 0.791667 0.554688 0.73125 0.69375 0.720833
21 0.685937 0.847917 0.551562 0.858333 0.553125 0.791667 0.689063 0.783333
21 0.409375 0.797917 0.553125 0.791667 0.554688 0.73125 0.409375 0.7375
21 0.4125 0.866667 0.55 0.860417 0.551562 0.791667 0.410938 0.802083
21 0.257812 0.8125 0.410938 0.802083 0.407813 0.73125 0.253125 0.745833
21 0.260937 0.885417 0.410938 0.872917 0.409375 0.8 0.257812 0.816667
21 0.39375 0.977083 0.25 0.997917 0.246875 0.93125 0.392188 0.91875
21 0.529687 0.960417 0.39375 0.977083 0.392188 0.916667 0.53125 0.904167
21 0.539062 0.9625 0.660937 0.952083 0.65 0.927083 0.529687 0.941667
