21 0.442188 0.435417 0.4375 0.602083 0.942187 0.710417 0.95 0.427083 0.484375 0.408333 0.440625 0.427083
21 0.5125 0.235417 0.514062 0.40625 0.93125 0.41875 0.932813 0.197917
21 0.204687 0.25 0.207813 0.402083 0.49375 0.404167 0.510938 0.39375 0.507812 0.227083 0.46875 0.227083
21 0.0171875 0.26875 0.0234375 0.391667 0.214062 0.40625 0.195312 0.245833
21 0.173437 0.55625 0.435937 0.602083 0.426563 0.414583 0.15625 0.414583 0.164062 0.54375
21 0.429688 0.783333 0.467187 0.76875 0.4625 0.602083 0.179688 0.539583 0.164062 0.560417 0.165625 0.689583
21 0.714063 0.902083 0.907813 0.966667 0.928125 0.935417 0.9375 0.710417 0.4625 0.597917 0.429688 0.620833 0.440625 0.802083
21 0.176563 0.977083 0.178125 0.85 0.015625 0.7875 0.0265625 0.891667
21 0.398438 0.99375 0.426563 0.970833 0.429688 0.902083 0.176563 0.783333 0.15625 0.80625 0.170313 0.866667
21 0.0078125 0.71875 0.0078125 0.78125 0.170313 0.8625 0.198437 0.835417 0.198437 0.78125
