21 0.567187 0.102083 0.701562 0.125 0.703125 0.0520833 0.567187 0.0270833
21 0.567187 0.1875 0.701562 0.202083 0.701562 0.129167 0.567187 0.10625
21 0.40625 0.08125 0.404687 0.16875 0.576562 0.1875 0.570312 0.10625
21 0.220312 0.133333 0.403125 0.164583 0.4125 0.0729167 0.207813 0.0520833
21 0.214062 0.235417 0.410938 0.258333 0.40625 0.16875 0.217188 0.147917
21 0.554688 0.264583 0.403125 0.25625 0.404687 0.164583 0.560937 0.189583 0.564063 0.266667
21 0.692187 0.272917 0.560937 0.264583 0.5625 0.189583 0.692187 0.202083
21 0.670312 0.477083 0.54375 0.4875 0.54375 0.422917 0.665625 0.414583
21 0.66875 0.545833 0.542188 0.55625 0.539062 0.485417 0.664062 0.483333
21 0.392188 0.420833 0.396875 0.502083 0.539062 0.489583 0.534375 0.41875
21 0.632812 0.35 0.635938 0.416667 0.517188 0.41875 0.51875 0.34375
21 0.210938 0.504167 0.20625 0.420833 0.390625 0.429167 0.39375 0.508333
21 0.207813 0.595833 0.203125 0.5125 0.389062 0.514583 0.3875 0.585417
21 0.203125 0.422917 0.198437 0.339583 0.382812 0.347917 0.385937 0.427083
21 0.38125 0.345833 0.382812 0.43125 0.526563 0.427083 0.523438 0.34375
21 0.407813 0.572917 0.410938 0.572917 0.542188 0.564583 0.539062 0.48125 0.384375 0.5 0.385937 0.58125
21 0.65625 0.633333 0.648438 0.702083 0.520312 0.722917 0.526563 0.660417
21 0.532813 0.78125 0.535937 0.78125 0.653125 0.75 0.646875 0.685417 0.51875 0.71875
21 0.189062 0.7125 0.190625 0.7125 0.373437 0.68125 0.370312 0.639583 0.179688 0.672917
21 0.467187 0.6625 0.370312 0.677083 0.370312 0.635417 0.520312 0.61875 0.520312 0.65625
21 0.601562 0.602083 0.645312 0.59375 0.646875 0.629167 0.526563 0.652083 0.525 0.614583
21 0.370312 0.75625 0.195312 0.79375 0.189062 0.710417 0.376563 0.685417
21 0.3875 0.825 0.2125 0.872917 0.203125 0.78125 0.385937 0.752083
21 0.515625 0.795833 0.389062 0.820833 0.385937 0.754167 0.529687 0.722917 0.532813 0.7875
21 0.4125 0.679167 0.375 0.6875 0.373437 0.75625 0.525 0.73125 0.523438 0.664583
21 0.392188 0.897917 0.529687 0.852083 0.525 0.7875 0.379688 0.827083
21 0.314063 0.920833 0.209375 0.952083 0.210938 0.875 0.385937 0.825 0.389062 0.897917
21 0.614062 0.83125 0.653125 0.820833 0.648438 0.75 0.520312 0.7875 0.528125 0.854167
