21 0.598437 0.410417 0.598437 0.4125 0.595313 0.541667 0.282813 0.602083 0.260937 0.59375 0.248438 0.410417 0.579688 0.39375
21 0.8375 0.422917 0.820312 0.535417 0.584375 0.552083 0.565625 0.529167 0.576562 0.397917 0.795312 0.391667
21 0.80625 0.28125 0.792188 0.389583 0.5625 0.40625 0.570312 0.260417
21 0.539062 0.25625 0.235937 0.24375 0.242188 0.414583 0.5625 0.414583 0.56875 0.258333
21 0.576562 0.689583 0.259375 0.76875 0.257812 0.602083 0.585938 0.564583
21 0.754687 0.652083 0.570312 0.69375 0.570312 0.554167 0.809375 0.53125 0.801562 0.6375
21 0.973437 0.610417 0.782813 0.639583 0.790625 0.51875 0.984375 0.510417
21 0.903125 0.808333 0.751563 0.86875 0.753125 0.754167 0.907813 0.7125 0.929688 0.729167
21 0.895312 0.889583 0.734375 0.960417 0.745313 0.872917 0.910937 0.814583
21 0.573438 0.841667 0.534375 0.852083 0.53125 0.95625 0.745313 0.88125 0.754687 0.785417
21 0.7375 0.74375 0.532813 0.791667 0.53125 0.85625 0.757812 0.789583 0.764062 0.735417
21 0.867188 0.702083 0.764062 0.729167 0.767188 0.777083 0.925 0.71875 0.917188 0.685417
21 0.440625 0.802083 0.223438 0.875 0.225 0.947917 0.529687 0.85625 0.523438 0.789583
