21 0.264062 0.370833 0.267188 0.4375 0.404687 0.435417 0.40625 0.366667
21 0.546875 0.366667 0.546875 0.435417 0.398438 0.4375 0.395313 0.364583
21 0.69375 0.3625 0.69375 0.433333 0.551562 0.43125 0.551562 0.364583
21 0.698438 0.502083 0.553125 0.50625 0.551562 0.43125 0.701562 0.43125
21 0.546875 0.50625 0.398438 0.510417 0.4 0.435417 0.55 0.435417
21 0.253125 0.508333 0.40625 0.508333 0.4 0.43125 0.245312 0.439583
21 0.259375 0.58125 0.40625 0.577083 0.404687 0.5375 0.25625 0.539583
21 0.259375 0.65 0.4125 0.645833 0.409375 0.575 0.25625 0.58125
21 0.55 0.566667 0.554688 0.579167 0.554688 0.641667 0.409375 0.645833 0.409375 0.577083 0.414062 0.564583
21 0.701562 0.577083 0.69375 0.564583 0.55 0.56875 0.55625 0.583333 0.55625 0.641667 0.7 0.641667
21 0.40625 0.70625 0.267188 0.708333 0.267188 0.65 0.407813 0.647917
21 0.698438 0.702083 0.559375 0.704167 0.559375 0.645833 0.703125 0.641667
21 0.553125 0.704167 0.414062 0.70625 0.414062 0.647917 0.554688 0.645833
21 0.409375 0.772917 0.270313 0.775 0.270313 0.716667 0.410938 0.714583
21 0.551562 0.76875 0.4125 0.770833 0.4125 0.7125 0.553125 0.710417
21 0.69375 0.766667 0.554688 0.76875 0.554688 0.710417 0.695312 0.708333
21 0.404687 0.879167 0.396875 0.9125 0.4 0.958333 0.542188 0.954167 0.539062 0.895833 0.542188 0.877083
21 0.260937 0.883333 0.253125 0.916667 0.25625 0.9625 0.398438 0.958333 0.395313 0.9 0.398438 0.88125
21 0.673438 0.895833 0.665625 0.870833 0.535937 0.877083 0.5375 0.897917 0.539062 0.954167 0.66875 0.947917
21 0.396875 0.877083 0.398438 0.81875 0.259375 0.829167 0.2625 0.889583
21 0.532813 0.86875 0.534375 0.810417 0.401562 0.81875 0.398438 0.88125
