22 0.625156 0.001875 0.870469 0.000208333 0.871719 0.125208 0.849531 0.136875 0.754531 0.145 0.747188 0.141667 0.706406 0.138542 0.692812 0.131875 0.681719 0.131875 0.666875 0.125208 0.659531 0.125208 0.639844 0.115417 0.635625 0.11 0.635625 0.340208 0.30125 0.340208 0.30125 0.08375 0.631719 0.08375
22 0.625 0.100417 0.62875 0.0920833 0.634844 0.116875 0.642344 0.125 0.653438 0.13 0.680469 0.131667 0.705156 0.138125 0.768125 0.144792 0.8175 0.144792 0.828594 0.139792 0.849531 0.138125 0.856875 0.133333 0.870469 0.131667 0.871719 0.361875 0.842187 0.371667 0.742188 0.368542 0.689219 0.34875 0.649687 0.3225 0.637344 0.309167 0.62375 0.111875
22 0.634844 0.301042 0.650938 0.323958 0.653438 0.323958 0.654687 0.328958 0.663281 0.335625 0.664531 0.340417 0.671875 0.342083 0.674375 0.347083 0.696562 0.355208 0.705156 0.355208 0.712656 0.360208 0.728594 0.361875 0.733594 0.366875 0.745937 0.368542 0.758281 0.375 0.768125 0.375 0.770625 0.378333 0.806406 0.38 0.840938 0.368542 0.849531 0.368542 0.860625 0.361875 0.872969 0.361875 0.872969 0.578958 0.863125 0.585625 0.853281 0.587292 0.839687 0.597083 0.8075 0.597083 0.768125 0.592083 0.753281 0.585625 0.715 0.578958 0.71375 0.575625 0.684219 0.565833 0.662031 0.551042 0.654687 0.539583 0.644688 0.53125 0.644688 0.52625 0.642344 0.52625 0.634844 0.513125 0.63125 0.29125
22 0.641094 0.529583 0.654687 0.554375 0.654687 0.559167 0.659531 0.560833 0.662031 0.565833 0.669375 0.5675 0.669375 0.570833 0.674375 0.570833 0.695312 0.585625 0.729844 0.59875 0.81 0.59875 0.842187 0.592083 0.852031 0.585625 0.858125 0.585625 0.858125 0.582292 0.861875 0.580625 0.872969 0.580625 0.869219 0.784583 0.864375 0.789583 0.819844 0.809167 0.777969 0.809167 0.734844 0.802708 0.72 0.796042 0.685469 0.768125 0.674375 0.75 0.659531 0.735208 0.645937 0.700625 0.642344 0.532917 0.637344 0.53125 0.637344 0.519792
22 0.299687 0.00375 0.62 0.00166667 0.625 0.0789583 0.610156 0.0920833 0.590469 0.100417 0.587969 0.105208 0.580625 0.106875 0.578125 0.111875 0.570781 0.111875 0.563281 0.118542 0.486875 0.136458 0.405469 0.135 0.397969 0.131667 0.373437 0.131667 0.335156 0.118542 0.328906 0.111875 0.321563 0.110208 0.314219 0.102083 0.314219 0.09875 0.310469 0.09875 0.309219 0.09375
22 0.311719 0.112917 0.32 0.121042 0.355 0.129375 0.381719 0.140208 0.431094 0.140208 0.472187 0.134792 0.4825 0.130625 0.517344 0.129375 0.527656 0.125208 0.546094 0.12375 0.5975 0.101875 0.616094 0.0910417 0.619219 0.0854167 0.628437 0.0854167 0.625312 0.0910417 0.625312 0.103333 0.6325 0.269167 0.610938 0.288333 0.591406 0.299375 0.558437 0.310208 0.541094 0.32125 0.497813 0.332083 0.398125 0.332083 0.357031 0.32125 0.3375 0.310208 0.324063 0.295208 0.307656 0.118333 0.304531 0.10875
22 0.324063 0.304792 0.330313 0.319792 0.336406 0.326667 0.357031 0.337708 0.473125 0.33625 0.504063 0.330833 0.521563 0.3225 0.577031 0.308958 0.612969 0.285625 0.629375 0.285625 0.635625 0.473333 0.624219 0.482917 0.624219 0.485625 0.62125 0.485625 0.619219 0.49125 0.585156 0.513125 0.556406 0.525417 0.554375 0.529583 0.546094 0.530833 0.543125 0.535 0.510156 0.544583 0.398125 0.546042 0.371406 0.535 0.341562 0.511667 0.330313 0.489792 0.324063 0.310208 0.316875 0.306042 0.316875 0.299375
22 0.331875 0.507083 0.33625 0.516875 0.339219 0.516875 0.339219 0.520833 0.345156 0.522917 0.348125 0.52875 0.3525 0.52875 0.358438 0.536667 0.365781 0.536667 0.377656 0.544583 0.386563 0.544583 0.398438 0.5525 0.4725 0.5525 0.506406 0.544583 0.522813 0.536667 0.534531 0.536667 0.542031 0.530833 0.574531 0.520833 0.580469 0.515 0.592344 0.511042 0.59375 0.507083 0.599688 0.505 0.599688 0.50125 0.608594 0.497292 0.614531 0.489375 0.63375 0.487292 0.64125 0.672917 0.629375 0.68875 0.629375 0.6925 0.623437 0.696458 0.623437 0.700417 0.6175 0.7025 0.605625 0.71625 0.570156 0.74 0.558281 0.741875 0.552344 0.747917 0.539062 0.749792 0.522813 0.757708 0.497656 0.761667 0.494688 0.765625 0.451719 0.769583 0.398125 0.74875 0.369375 0.729583 0.353906 0.710417 0.344687 0.693958 0.335469 0.518542 0.328281 0.507708 0.328281 0.498125 0.33125 0.496667
22 0.128281 0.0025 0.299531 0.00166667 0.305312 0.0814583 0.2675 0.100625 0.228125 0.111042 0.201094 0.112917 0.158906 0.121458 0.1275 0.121458 0.126875 0.000625
22 0.134688 0.1225 0.164688 0.120625 0.241719 0.108125 0.2725 0.100625 0.294531 0.0872917 0.305312 0.0891667 0.307344 0.0920833 0.319531 0.271875 0.268125 0.297708 0.216094 0.316667 0.1875 0.321458 0.168281 0.328958 0.1275 0.330833 0.126875 0.123542
22 0.13625 0.334792 0.161094 0.330208 0.197031 0.316458 0.207344 0.316458 0.24 0.307292 0.304219 0.27875 0.317969 0.28 0.320469 0.302708 0.323906 0.310833 0.329844 0.460417 0.311094 0.475208 0.3025 0.47625 0.289687 0.484375 0.237344 0.50375 0.185938 0.512917 0.168906 0.519792 0.127656 0.518542 0.127656 0.333542
22 0.155156 0.522083 0.21 0.510625 0.22625 0.510625 0.270781 0.49 0.3025 0.480833 0.312812 0.47625 0.322969 0.465 0.329844 0.465 0.338438 0.645417 0.322187 0.66375 0.309375 0.672708 0.285312 0.684167 0.285312 0.686458 0.24 0.704792 0.181719 0.71625 0.139688 0.717292 0.127656 0.713958 0.125156 0.522083