22 0.509062 0.00395833 0.694063 0.00229167 0.687969 0.171875 0.684219 0.168542 0.604063 0.173333 0.592969 0.18 0.560937 0.186667 0.521406 0.212917 0.506563 0.234375 0.506563 0.239167 0.501719 0.247292 0.506719 0.00854167
22 0.501719 0.250833 0.507812 0.231042 0.521406 0.21625 0.521406 0.212917 0.525156 0.212917 0.52875 0.20625 0.554688 0.193125 0.569531 0.181667 0.590469 0.175 0.6275 0.171875 0.639844 0.166875 0.684219 0.166875 0.685469 0.171875 0.689219 0.173333 0.690469 0.185 0.692812 0.186667 0.692812 0.20625 0.678125 0.469583 0.668125 0.464583 0.6275 0.467917 0.578125 0.4875 0.552187 0.494167 0.5375 0.502292 0.526406 0.513958 0.517656 0.517083 0.515313 0.522083 0.511562 0.522083 0.510313 0.527083 0.505312 0.52875 0.496719 0.540208 0.488125 0.541875 0.497969 0.260625
22 0.486875 0.556667 0.497969 0.538542 0.504063 0.532083 0.507812 0.532083 0.510313 0.527083 0.517656 0.525417 0.517656 0.522083 0.53 0.508958 0.5375 0.505625 0.542344 0.499167 0.568281 0.485833 0.62625 0.472708 0.639844 0.46625 0.674375 0.46625 0.680469 0.472708 0.681719 0.500833 0.675625 0.77375 0.647188 0.77875 0.587969 0.782083 0.548594 0.795208 0.5375 0.795208 0.518906 0.803333 0.517656 0.808333 0.514062 0.808333 0.495469 0.828125 0.488125 0.828125 0.488125 0.568125
22 0.489375 0.839583 0.496719 0.828125 0.511562 0.821458 0.525156 0.808333 0.5375 0.801667 0.544844 0.801667 0.547344 0.798333 0.565781 0.795208 0.585625 0.785208 0.62375 0.775417 0.668125 0.775417 0.673125 0.788542 0.673125 0.803333 0.665781 0.994167 0.489375 0.9925 0.490625 0.851042
22 0.328906 0.895417 0.330156 0.890625 0.338906 0.883958 0.34625 0.883958 0.359844 0.877292 0.365937 0.870833 0.383281 0.864167 0.420312 0.857708 0.448594 0.857708 0.462188 0.852708 0.484375 0.852708 0.486875 0.854375 0.485625 0.995833 0.331406 0.995833 0.327813 0.907083
22 0.326562 0.628958 0.327813 0.624167 0.331406 0.624167 0.332656 0.619167 0.336406 0.6175 0.337656 0.610833 0.354844 0.592917 0.399219 0.573125 0.426406 0.568125 0.459687 0.568125 0.475781 0.571458 0.488125 0.578125 0.488125 0.854375 0.382031 0.854375 0.35 0.875833 0.3475 0.880625 0.324063 0.880625 0.321563 0.877292 0.327813 0.640625
22 0.337656 0.356042 0.34625 0.344583 0.3475 0.33625 0.35 0.33625 0.357344 0.324792 0.368438 0.316458 0.375781 0.316458 0.390625 0.31 0.395625 0.303333 0.409219 0.296875 0.491875 0.296875 0.488125 0.58125 0.478281 0.573125 0.465938 0.569792 0.44 0.569792 0.435 0.573125 0.425156 0.573125 0.400469 0.58125 0.385781 0.592917 0.368438 0.599375 0.337656 0.620833 0.327813 0.632292 0.335156 0.3675
22 0.331406 0.0795833 0.333906 0.073125 0.338906 0.0697917 0.338906 0.0647917 0.34375 0.0583333 0.34375 0.0516667 0.34625 0.0516667 0.35125 0.0385417 0.369688 0.0204167 0.391875 0.010625 0.393125 0.00729167 0.500469 0.005625 0.491875 0.305 0.477031 0.295208 0.446094 0.295208 0.427656 0.301667 0.406719 0.303333 0.388125 0.314792 0.379531 0.316458 0.367188 0.326458 0.357344 0.339583 0.352344 0.34125 0.34375 0.352708 0.331406 0.354375 0.328906 0.09125
22 0.193281 0.005625 0.336406 0.000833333 0.331406 0.150417 0.328906 0.147083 0.310469 0.142083 0.25125 0.145417 0.235156 0.152083 0.208125 0.171875 0.188281 0.203125 0.193281 0.000833333
22 0.197813 0.196667 0.217031 0.169167 0.245625 0.149167 0.313437 0.147292 0.328437 0.15875 0.327031 0.411875 0.309063 0.407083 0.282656 0.407083 0.247031 0.412708 0.213438 0.428125 0.204219 0.439375 0.194219 0.460417 0.187031 0.46125 0.192812 0.205208
22 0.188437 0.478542 0.196406 0.456667 0.210625 0.43 0.23125 0.416667 0.258437 0.408125 0.322031 0.412708 0.327031 0.424167 0.329844 0.442292 0.324844 0.655417 0.289844 0.653542 0.263437 0.662083 0.227031 0.66875 0.207031 0.686042 0.197813 0.706042 0.191406 0.711667 0.189844 0.49
22 0.192031 0.726875 0.196406 0.706042 0.202031 0.695417 0.234844 0.671667 0.287031 0.654583 0.317031 0.655417 0.327656 0.660208 0.322656 0.907708 0.250625 0.915417 0.207813 0.935417 0.196406 0.945833 0.192812 0.945833 0.193437 0.737292
22 0.196406 0.944792 0.207813 0.933542 0.237812 0.919167 0.27625 0.911458 0.32125 0.90875 0.329062 0.99625 0.195625 0.999167 0.196406 0.963958 0.194219 0.955417
22 0.13375 0.0260417 0.149219 0.0214583 0.174844 0.0214583 0.19625 0.0260417 0.190312 0.2625 0.183438 0.257917 0.160312 0.260208 0.126875 0.272708 0.127812 0.0329167
22 0.135469 0.275 0.155156 0.267083 0.180781 0.267083 0.191094 0.270417 0.191094 0.511458 0.128594 0.51375 0.127812 0.279583
22 0.134531 0.518333 0.15 0.510208 0.190312 0.5125 0.191094 0.7375 0.18 0.731875 0.144063 0.731875 0.128594 0.73875 0.126094 0.518333
22 0.13375 0.736458 0.135469 0.734167 0.192031 0.735208 0.19625 0.960208 0.169687 0.956875 0.126875 0.967083 0.125156 0.7375
22 0.137344 0.968333 0.151719 0.961458 0.192812 0.961458 0.195938 0.995833 0.130156 0.997083 0.129062 0.9725