22 0.872031 0.640625 0.872031 0.960417 0.860625 0.972708 0.859219 0.671042 0.862813 0.651042 0.871406 0.640625
22 0.785 0.65875 0.785625 0.651042 0.789219 0.64625 0.802812 0.637708 0.838438 0.639583 0.857812 0.651042 0.858437 0.968958 0.849219 0.963333 0.819219 0.963333 0.8 0.967917 0.789219 0.978542 0.782031 0.669167
22 0.734219 0.725208 0.744219 0.711875 0.77 0.705208 0.783594 0.705208 0.785 0.985208 0.77 0.975625 0.735625 0.978542 0.734219 0.737708 0.734219 0.725208 0.5 0.5 0.5 0.5
22 0.69 0.782292 0.695781 0.771042 0.705781 0.763333 0.734219 0.764375 0.732812 0.979375 0.721406 0.983125 0.715781 0.994583 0.698594 0.998542 0.695781 0.998542 0.688594 0.792917
22 0.627969 0.788958 0.634375 0.776667 0.64 0.77375 0.68 0.776667 0.685781 0.782292 0.688594 0.998542 0.634375 0.9975 0.627969 0.799583
22 0.615781 0.788125 0.625781 0.79375 0.629375 0.996458 0.608594 0.9975 0.604375 0.788125
22 0.535781 0.757708 0.537188 0.75 0.544375 0.743333 0.566563 0.7425 0.599375 0.751042 0.605781 0.759583 0.603594 0.9975 0.540781 0.999375 0.535156 0.768125
22 0.470781 0.771875 0.479375 0.758542 0.515781 0.759583 0.532969 0.767083 0.540156 0.9975 0.480781 0.9975 0.470156 0.782292
22 0.455937 0.764375 0.469375 0.771875 0.480781 0.998542 0.452969 0.9975 0.447969 0.760417
22 0.37375 0.735833 0.375156 0.72625 0.37875 0.7225 0.400156 0.721458 0.42875 0.72625 0.437344 0.731875 0.445937 0.743333 0.451562 0.9975 0.38375 1 0.373125 0.74625
22 0.310312 0.745208 0.315937 0.73375 0.320156 0.731042 0.360938 0.732917 0.373125 0.740417 0.384531 0.996458 0.321719 0.998542 0.309531 0.755833
22 0.246719 0.749167 0.254531 0.741458 0.290937 0.7425 0.300937 0.744375 0.310312 0.751875 0.320156 0.9975 0.255938 0.995625 0.243906 0.759583
22 0.231719 0.807083 0.237344 0.800417 0.245938 0.800417 0.255938 0.9975 0.238125 0.9975 0.230938 0.817708
22 0.171719 0.817708 0.176094 0.805208 0.191719 0.802292 0.226719 0.808125 0.230938 0.81375 0.240313 0.998542 0.179531 0.999375 0.1725 0.825208
22 0.161719 0.817708 0.173125 0.821458 0.180313 0.9975 0.148906 0.995625 0.141094 0.817708
22 0.133125 0.79 0.141094 0.797708 0.148125 0.998542 0.1275 0.996458 0.126719 0.783333