22 0.263594 0.253333 0.312969 0.275208 0.364375 0.28625 0.415781 0.288958 0.479375 0.279375 0.512344 0.264167 0.575 0.246458 0.623281 0.224583 0.624375 0.221667 0.645937 0.215 0.69125 0.16 0.714844 0.38625 0.710781 0.405417 0.688125 0.439792 0.664531 0.4575 0.634687 0.468542 0.624375 0.479375 0.606875 0.487708 0.562656 0.495833 0.5575 0.5 0.52875 0.505417 0.524687 0.509583 0.498906 0.516458 0.391094 0.511042 0.367344 0.502708 0.337656 0.5 0.307812 0.483542 0.294375 0.464375 0.287188 0.460208 0.283125 0.450625 0.275938 0.427292 0.266719 0.373958 0.2625 0.299792 0.255312 0.251875
22 0.300625 0.485 0.3325 0.505417 0.364375 0.516458 0.458906 0.517917 0.529844 0.511042 0.567812 0.494583 0.632656 0.476667 0.655156 0.465833 0.679844 0.445208 0.7025 0.412292 0.715938 0.40125 0.736406 0.605625 0.735469 0.615208 0.73125 0.62875 0.717969 0.645208 0.651094 0.693333 0.63875 0.697292 0.633594 0.702917 0.559688 0.730208 0.540156 0.734375 0.429063 0.734375 0.376719 0.724792 0.357187 0.716458 0.336562 0.701458 0.320156 0.675417 0.294375 0.478125
22 0.320156 0.694583 0.352969 0.719375 0.391094 0.735833 0.549375 0.734375 0.6275 0.708333 0.67375 0.68375 0.685 0.675417 0.698438 0.658958 0.701406 0.658958 0.703594 0.653542 0.70875 0.650833 0.718906 0.637083 0.722031 0.637083 0.733281 0.622083 0.74875 0.861875 0.73125 0.88375 0.727187 0.88375 0.723125 0.889167 0.672656 0.922083 0.572031 0.960625 0.493906 0.964583 0.429063 0.955 0.392031 0.944167 0.377656 0.934583 0.342656 0.894792 0.336562 0.876875 0.329375 0.8275 0.328281 0.778333 0.324219 0.745417 0.317031 0.717917 0.315937 0.685
22 0.117969 0.964792 0.126875 0.727917 0.17125 0.725625 0.240469 0.687708 0.25125 0.673333 0.254688 0.673333 0.263594 0.661667 0.268906 0.659167 0.268906 0.654375 0.307969 0.602292 0.3275 0.87 0.320469 0.879375 0.315156 0.879375 0.313281 0.884167 0.302656 0.888958 0.297344 0.896042 0.288438 0.898333 0.285 0.905625 0.265469 0.912708 0.263594 0.917292 0.256562 0.917292 0.254688 0.922083 0.240469 0.926875 0.231719 0.93625 0.210312 0.945833 0.205 0.952917 0.1925 0.955208 0.189062 0.96 0.178281 0.96 0.17125 0.964792
22 0.121562 0.718333 0.119687 0.491042 0.157031 0.48625 0.162344 0.481667 0.17125 0.481667 0.185469 0.472083 0.1925 0.472083 0.194375 0.467292 0.199687 0.467292 0.201406 0.462708 0.213906 0.457917 0.213906 0.453125 0.220938 0.453125 0.276094 0.389167 0.30625 0.616667 0.292031 0.635625 0.285 0.642708 0.281406 0.642708 0.277813 0.649792 0.274219 0.649792 0.26 0.661667 0.25125 0.663958 0.249375 0.66875 0.240469 0.671042 0.231719 0.680625 0.224531 0.682917 0.220938 0.69 0.213906 0.692292 0.210312 0.699375 0.205 0.699375 0.196094 0.708958 0.190781 0.708958 0.185469 0.716042 0.178281 0.718333
22 0.121562 0.462708 0.128594 0.235208 0.160625 0.225833 0.172969 0.225833 0.180156 0.21875 0.194375 0.211667 0.194375 0.206875 0.201406 0.206875 0.203281 0.202083 0.212031 0.197292 0.244062 0.157083 0.263594 0.39625 0.26 0.39625 0.26 0.401042 0.249375 0.412917 0.242344 0.415208 0.224531 0.431875 0.213906 0.436667 0.212031 0.44125 0.185469 0.455625 0.178281 0.462708 0.155313 0.472083 0.117969 0.469792
22 0.123281 0.0197917 0.219219 0.0172917 0.229844 0.157083 0.228125 0.166667 0.220938 0.168958 0.219219 0.176042 0.205 0.187917 0.1925 0.192708 0.190781 0.197292 0.18375 0.197292 0.176563 0.204375 0.144531 0.21625 0.123281 0.21625
22 0.251719 0.235208 0.249375 0.235208 0.249375 0.230625 0.251719 0.235208 0.255625 0.235208 0.255625 0.235208 0.256562 0.244792 0.251719 0.235208 0.255625 0.235208 0.255625 0.235208 0.22625 0.015 0.245781 0.0197917 0.254688 0.026875 0.261875 0.026875 0.270781 0.03625 0.286719 0.03875 0.290313 0.0433333 0.313281 0.048125 0.31875 0.0529167 0.36125 0.06 0.412812 0.06 0.423438 0.0577083 0.423438 0.0552083 0.44125 0.0552083 0.444844 0.050625 0.451875 0.050625 0.457188 0.0458333 0.466094 0.0458333 0.519375 0.0172917 0.682813 0.0102083 0.693438 0.157083 0.691719 0.157083 0.69 0.168958 0.675781 0.183125 0.675781 0.187917 0.672187 0.187917 0.666875 0.197292 0.65625 0.202083 0.654375 0.206875 0.649062 0.206875 0.64375 0.211667 0.634844 0.211667 0.629531 0.21625 0.620625 0.21625 0.615313 0.221042 0.604688 0.223333 0.604688 0.225833 0.594062 0.225833 0.590469 0.230625 0.583281 0.230625 0.57625 0.235208 0.562031 0.235208 0.556719 0.24 0.546094 0.242292 0.546094 0.244792 0.535469 0.244792 0.522969 0.254167 0.512344 0.254167 0.510469 0.258958 0.505156 0.258958 0.503437 0.26375 0.494531 0.26375 0.490937 0.268333 0.483906 0.268333 0.478594 0.273125 0.450156 0.277917 0.42 0.277917 0.42 0.280208 0.338281 0.277917 0.313281 0.268333 0.311563 0.26375 0.30625 0.26375 0.295625 0.254167 0.285 0.251875 0.283125 0.247083 0.256562 0.237708 0.256562 0.235208 0.255625 0.235208
22 0.697031 0.154792 0.690156 0.0204167 0.872344 0.0170833 0.878281 0.209167 0.84625 0.21625 0.808906 0.21625 0.798281 0.211667 0.755625 0.206875 0.734375 0.195 0.730781 0.187917 0.725469 0.185625 0.725469 0.180833 0.718281 0.178333 0.714844 0.17125 0.707656 0.168958 0.704219 0.161875 0.697031 0.159375
22 0.714219 0.423958 0.716562 0.424792 0.697031 0.17125 0.709531 0.180833 0.71125 0.187917 0.714844 0.187917 0.720156 0.197292 0.72375 0.197292 0.729063 0.206875 0.7325 0.206875 0.739687 0.21625 0.750312 0.21625 0.755625 0.221042 0.803594 0.223333 0.803594 0.221042 0.847969 0.21625 0.85875 0.211667 0.85875 0.209167 0.878281 0.211667 0.874687 0.467292 0.8675 0.472083 0.856875 0.472083 0.84625 0.481667 0.819531 0.481667 0.810781 0.479167 0.810781 0.476875 0.784062 0.474375 0.784062 0.472083 0.777031 0.472083 0.771719 0.465 0.762813 0.462708 0.760938 0.457917 0.746719 0.450833 0.741406 0.44375 0.7325 0.44125 0.718281 0.424792 0.714844 0.424792
22 0.728594 0.455 0.728594 0.458958 0.741875 0.474792 0.76125 0.482708 0.77 0.482708 0.774531 0.486667 0.842656 0.486667 0.848437 0.482708 0.875156 0.47875 0.876563 0.739167 0.85 0.733333 0.795156 0.731458 0.783438 0.723542 0.7775 0.723542 0.750781 0.701667 0.747812 0.668125 0.733125 0.605 0.731563 0.4925 0.727187 0.480625 0.722656 0.447083
22 0.750781 0.889167 0.749375 0.849792 0.743437 0.833958 0.738906 0.69 0.749375 0.699792 0.75375 0.699792 0.755312 0.70375 0.771563 0.711667 0.772969 0.715625 0.778906 0.715625 0.790781 0.723542 0.801094 0.723542 0.805625 0.7275 0.83375 0.733333 0.875156 0.731458 0.87375 0.976042 0.842656 0.976042 0.836719 0.970208 0.811562 0.960417 0.808594 0.954375 0.801094 0.9525 0.795156 0.944583 0.790781 0.944583 0.787813 0.938542 0.772969 0.930625 0.765625 0.920833 0.762656 0.920833 0.756719 0.908958 0.756719 0.897083