0 0.0310937 0.524583 0.0785937 0.498125 0.137656 0.495 0.182188 0.514167 0.221406 0.552708 0.243594 0.614583 0.24125 0.686042 0.227344 0.727708 0.202031 0.773542 0.155156 0.806458 0.09375 0.814375 0.0696875 0.80875 0.0473438 0.796042 0.0178125 0.747917 0.00875 0.720417 0 0.702917 0 0.566458 0.0028125 0.551042 0.0214062 0.531042
11 0.0492187 0.515 0.0521875 0.445208 0.122031 0.448333 0.137031 0.454792 0.136406 0.495 0.075625 0.498125 0.0528125 0.5125
9 0.238281 0.6 0.358594 0.610625 0.382812 0.628958 0.397813 0.653125 0.399062 0.730208 0.382812 0.76625 0.350156 0.7975 0.3225 0.799167 0.277969 0.783958 0.216562 0.748542 0.22625 0.731042 0.241875 0.6875 0.243594 0.616042
20 0.378594 0.627292 0.433281 0.599375 0.530312 0.603333 0.562812 0.61125 0.588125 0.629792 0.607344 0.662708 0.613438 0.719792 0.603125 0.755833 0.5875 0.792708 0.557969 0.816042 0.528438 0.820833 0.428437 0.782292 0.383906 0.763125 0.399062 0.728542 0.397813 0.651458 0.382812 0.630625
4 0.232813 0.508958 0.231406 0.482917 0.236563 0.460833 0.252344 0.429167 0.328281 0.384792 0.348438 0.386667 0.369531 0.39625 0.389688 0.419375 0.396875 0.444375 0.395469 0.461875 0.384687 0.487917 0.289219 0.507083 0.238594 0.51
5 0.300156 0.402083 0.305938 0.293125 0.334844 0.254583 0.336875 0.218125 0.353594 0.2075 0.366563 0.208542 0.375937 0.213333 0.373125 0.401042 0.362187 0.393333 0.337656 0.385625 0.3225 0.384792 0.307344 0.398333
6 0.389688 0.485833 0.396094 0.462708 0.40625 0.443333 0.420781 0.428958 0.5075 0.402083 0.526875 0.406875 0.542188 0.42125 0.556562 0.453125 0.561562 0.478125 0.560156 0.508958 0.557344 0.518542 0.519688 0.530208 0.49375 0.56875 0.490156 0.543542 0.479219 0.523333 0.467656 0.517708 0.454688 0.521458 0.440156 0.504167 0.418594 0.48875 0.396094 0.484792
13 0.559531 0.520417 0.578906 0.499375 0.605625 0.490625 0.624531 0.490625 0.648281 0.500208 0.663438 0.5225 0.665625 0.536875 0.649062 0.537917 0.633906 0.562917 0.610781 0.552292 0.594844 0.533958 0.564531 0.5225
15 0.760313 0.646667 0.818906 0.651458 0.84125 0.66125 0.858594 0.694792 0.863594 0.738333 0.854219 0.777708 0.835469 0.80375 0.815938 0.8125 0.673594 0.771042 0.688125 0.749792 0.699688 0.72375 0.704688 0.675625 0.703281 0.648542 0.713438 0.651458 0.723437 0.660208 0.737969 0.660208 0.751719 0.654375 0.755938 0.645833
22 0.736094 0.567083 0.737812 0.537083 0.745625 0.513958 0.760469 0.496667 0.768281 0.493125 0.886094 0.488542 0.90875 0.506875 0.917344 0.541667 0.918281 0.569375 0.910469 0.600625 0.901719 0.614583 0.893906 0.621458 0.893125 0.601875 0.8775 0.586667 0.869688 0.571667 0.849687 0.5625 0.757812 0.584375 0.740469 0.569375
15 0.852812 0.78875 0.863125 0.756667 0.863906 0.735417 0.858281 0.6925 0.848281 0.672083 0.884062 0.650208 0.929688 0.656875 0.961094 0.673542 0.978125 0.699583 0.984062 0.72875 0.98125 0.767292 0.971562 0.78875 0.953438 0.809583 0.935625 0.815208 0.9175 0.8125 0.852812 0.792083
8 1 0.542917 1 0.60125 0.911406 0.5975 0.919375 0.56875 0.916875 0.537708 0.93875 0.549792 0.973125 0.540625 1 0.540625
18 0.761406 0.585 0.850469 0.565833 0.865781 0.571042 0.881094 0.594583 0.890625 0.602917 0.892969 0.627708 0.882031 0.65125 0.851406 0.666667 0.828906 0.653333 0.759531 0.645625 0.767656 0.623958 0.767656 0.606042 0.761406 0.585625
