6 0 0.8525 0.02375 0.852917 0.0991667 0.920417 0.107292 0.934583 0.107292 0.973125 0.078125 1 0 1 0 0.853958
16 0.115833 0.866042 0.169375 0.864792 0.276875 0.915417 0.300417 0.8925 0.315833 1 0.116875 1 0.108958 0.877083 0.1125 0.869375
16 0.27625 0.915208 0.165 0.862917 0.161875 0.829792 0.262083 0.74 0.272083 0.74 0.343125 0.780208 0.335417 0.788125 0.326042 0.8075 0.327708 0.835417 0.335417 0.843333 0.299792 0.891875 0.278125 0.91375
13 0.127292 0.865417 0.116042 0.835833 0.126042 0.820625 0.168958 0.795 0.196875 0.785 0.215417 0.782292 0.160208 0.830833 0.163958 0.865417 0.129375 0.865833
18 0.32875 1 0.311458 0.9675 0.300625 0.89125 0.334792 0.84375 0.397708 0.93 0.43375 0.964167 0.44125 1 0.333542 1
15 0.439375 1 0.434792 0.965417 0.415417 0.947292 0.437917 0.948958 0.448333 0.94625 0.468542 0.936458 0.482083 0.920625 0.492917 0.929167 0.528125 1 0.440208 1
22 0.330208 0.84 0.324375 0.831042 0.325 0.810417 0.340625 0.7825 0.372292 0.761042 0.405417 0.764583 0.48625 0.860417 0.493542 0.88 0.492292 0.904167 0.4825 0.921875 0.468333 0.9375 0.441042 0.948542 0.414167 0.946875 0.3975 0.93 0.334792 0.843542
14 0.124375 0.859167 0.127083 0.867083 0.114167 0.867083 0.109792 0.875833 0.116458 1 0.0814583 1 0.105417 0.973958 0.1075 0.937292 0.0985417 0.920625 0.0675 0.893125 0.0629167 0.889792 0.124375 0.859167 0.323333 0.769792 0.458958 0.700833 0.463125 0.687708 0.479375 0.7175 0.4225 0.739792 0.429583 0.775208 0.420208 0.768542 0.375 0.761875 0.366042 0.763542 0.343125 0.780208 0.326042 0.770833 0.323333 0.769792
8 0.422917 0.740833 0.479167 0.716875 0.528958 0.705625 0.578958 0.699583 0.659375 0.769167 0.671667 0.804375 0.700625 0.866875 0.702292 0.885833 0.554583 0.908125 0.464792 0.822708 0.42625 0.778125 0.423958 0.744583
23 0.665 0.89625 0.688333 0.9825 0.68375 1 0.554792 1 0.576458 0.995 0.582917 0.989583 0.6 0.968333 0.601875 0.957708 0.601875 0.945417 0.56125 0.905417 0.66625 0.894583
1 0.630833 0.661667 0.745 0.621458 0.870208 0.91375 0.865417 0.923333 0.732917 0.966667 0.626875 0.683333 0.628542 0.667292
