7 0.334063 0.9025 0.338906 0.888333 0.347969 0.875417 0.366875 0.868125 0.379062 0.870625 0.387344 0.876042 0.395156 0.897083 0.3925 0.920625 0.389219 0.9275 0.364219 0.940417 0.346094 0.94125 0.334687 0.922083
4 0.383906 0.87125 0.381094 0.791458 0.384844 0.774583 0.397813 0.759792 0.417187 0.751458 0.434375 0.751875 0.449844 0.757083 0.458125 0.770208 0.460313 0.859583 0.453125 0.887708 0.452656 0.903542 0.448281 0.908333 0.426875 0.917708 0.415781 0.918333 0.394687 0.9075 0.395937 0.896042 0.387188 0.874583
5 0.460156 0.83125 0.460938 0.855208 0.460781 0.851042 0.460156 0.83125 0.460156 0.83125 0.454063 0.656458 0.450469 0.597083 0.454063 0.572708 0.483594 0.53375 0.483594 0.52875 0.478125 0.527292 0.477187 0.49375 0.491406 0.485417 0.515781 0.487917 0.519375 0.521458 0.51625 0.526875 0.524531 0.538958 0.528906 0.819167 0.511406 0.801667 0.493906 0.798333 0.4675 0.812708 0.460156 0.83125
6 0.312344 0.778958 0.320625 0.766042 0.338594 0.754167 0.362656 0.751667 0.37375 0.755 0.383437 0.768958 0.384219 0.775208 0.380625 0.793125 0.383594 0.872083 0.366094 0.8675 0.346562 0.875208 0.337344 0.889375 0.33375 0.899792 0.324375 0.894792 0.330469 0.884375 0.331094 0.869583 0.329062 0.85625 0.324219 0.849167 0.326406 0.834167 0.3225 0.828333 0.323281 0.814375 0.317812 0.800833 0.3175 0.784583
9 0.178906 0.816458 0.181875 0.666875 0.177344 0.662708 0.176094 0.633333 0.184062 0.623958 0.194062 0.620417 0.214688 0.621458 0.218125 0.625 0.220938 0.654583 0.219375 0.663542 0.251719 0.793333 0.247969 0.837292 0.251875 0.848333 0.249531 0.85375 0.252188 0.865625 0.24875 0.878542 0.251094 0.894167 0.254375 0.895833 0.257188 0.909167 0.249688 0.92 0.238906 0.928958 0.217031 0.93625 0.200156 0.931458 0.192344 0.926042 0.178594 0.816042
11 0.239531 0.70625 0.256094 0.681042 0.312344 0.684167 0.317656 0.768958 0.311094 0.78 0.304375 0.783125 0.290937 0.779375 0.2775 0.780208 0.266406 0.791875 0.251406 0.791875 0.246094 0.770625 0.239531 0.707917
12 0.467969 0.964792 0.460156 0.954792 0.4525 0.925417 0.453594 0.885625 0.4625 0.858125 0.46125 0.838958 0.464219 0.825 0.468281 0.813542 0.493281 0.799792 0.512188 0.802917 0.528281 0.8225 0.531094 0.956458 0.494531 0.955 0.470156 0.967292
14 0.960156 0.998958 0.578594 1 0.59625 0.994167 0.649687 0.994167 0.931875 0.96375 0.937813 0.956458 0.961406 0.998958
0 0.975625 0.999375 0.972188 0.950625 0.988906 0.785417 0.999531 0.740625 0.999844 0.998958 0.976562 1
16 0.231562 0.237083 0.296406 0.235208 0.301094 0.321667 0.257031 0.358125 0.257031 0.365208 0.242344 0.364375 0.230938 0.2375
16 0.306875 0.236667 0.312344 0.313958 0.301875 0.321667 0.296875 0.236042
20 0.123906 0.808542 0.115781 0.763333 0.129531 0.685625 0.125156 0.681042 0.124531 0.653125 0.131562 0.647083 0.140781 0.644375 0.154062 0.6475 0.159062 0.649583 0.16375 0.671875 0.161719 0.677917 0.180625 0.720625 0.177969 0.814792 0.174375 0.810833 0.124531 0.81
22 0.155938 0.232292 0.197969 0.222708 0.227344 0.226042 0.229531 0.230417 0.242969 0.3725 0.230938 0.380625 0.208594 0.384792 0.184219 0.383958 0.168437 0.378125 0.155156 0.230833
13 0.312344 0.308125 0.303906 0.173958 0.306094 0.162708 0.310781 0.153958 0.324531 0.153125 0.33625 0.321042 0.330625 0.32125 0.314531 0.3125
