0 0.764844 0.792083 0.7675 0.771667 0.774531 0.757708 0.78 0.705208 0.799375 0.619583 0.809375 0.599375 0.849844 0.563958 0.855625 0.536458 0.869688 0.533125 0.879219 0.537708 0.883594 0.546458 0.8775 0.5775 0.892969 0.632083 0.894375 0.651042 0.886562 0.686875 0.859844 0.775 0.860313 0.786875 0.849062 0.819792 0.846875 0.838125 0.837031 0.853542 0.798594 0.855833 0.77625 0.835 0.775625 0.816667 0.765937 0.795208
1 0.931719 0.80375 0.999531 0.789167 0.999219 0.888542 0.967031 0.894583 0.969688 0.883125 0.953438 0.846875 0.939219 0.830417 0.935156 0.806042
2 0.841094 0.85 0.862031 0.902292 0.859062 0.914583 0.855469 0.91875 0.803906 0.923542 0.788594 0.92625 0.78 0.931458 0.768281 0.919583 0.767969 0.910625 0.772969 0.901875 0.773281 0.890833 0.76875 0.876667 0.758437 0.864583 0.765 0.860208 0.838125 0.854375
3 0.785 0.929167 0.799375 0.949167 0.800156 0.957708 0.797344 0.963542 0.733594 0.984375 0.719375 1 0.695625 1 0.674063 0.968333 0.676875 0.956875 0.687656 0.936667 0.69 0.92375 0.686094 0.893958 0.678438 0.876458 0.669687 0.865833 0.684063 0.86375 0.700313 0.846667 0.723437 0.830833 0.724688 0.841875 0.737812 0.860625 0.722344 0.872292 0.718281 0.878542 0.720781 0.8925 0.727031 0.905833 0.744688 0.924792 0.768906 0.922292 0.779375 0.932292
4 0.347187 0.832708 0.344375 0.76375 0.347344 0.751042 0.35875 0.73625 0.370312 0.730208 0.392188 0.730417 0.4 0.73625 0.409375 0.747292 0.413281 0.7625 0.409062 0.844375 0.394531 0.861042 0.379531 0.865 0.373906 0.8625 0.3725 0.853958 0.363906 0.847917 0.347031 0.849375 0.347031 0.832292
5 0.401719 0.735833 0.401719 0.635417 0.482812 0.6075 0.480781 0.759375 0.466875 0.75625 0.453906 0.761667 0.445156 0.77 0.439844 0.780625 0.439844 0.801875 0.43 0.831667 0.410625 0.829792 0.414687 0.763333 0.407969 0.742083 0.401719 0.738542
6 0.28 0.805208 0.280313 0.781875 0.29 0.764167 0.306562 0.758333 0.325156 0.758333 0.336562 0.769375 0.342187 0.783958 0.344844 0.799167 0.346094 0.850417 0.339531 0.853958 0.33125 0.864167 0.324219 0.885 0.316875 0.885417 0.316875 0.84125 0.308906 0.832292 0.307188 0.820417 0.279062 0.82 0.28 0.80625
7 0.3475 0.915417 0.337344 0.912083 0.329688 0.896667 0.327344 0.88375 0.329375 0.87375 0.338438 0.857083 0.346875 0.852292 0.363437 0.849375 0.372188 0.854792 0.373594 0.863333 0.377812 0.867083 0.380156 0.874167 0.379688 0.886875 0.370312 0.904792 0.356094 0.915625
7 0.718906 0.878125 0.725781 0.87 0.740156 0.861458 0.751563 0.863333 0.767344 0.876042 0.772969 0.895208 0.771875 0.903958 0.768437 0.907083 0.765469 0.919375 0.745469 0.92375 0.728437 0.906042 0.722031 0.892708 0.719219 0.878542
8 0.89125 0.674583 0.894375 0.660208 0.905625 0.658125 0.999219 0.700625 1 0.749583 0.985 0.79 0.954688 0.798333 0.939531 0.7925 0.963438 0.734167 0.961875 0.715 0.949375 0.698958 0.939844 0.694167 0.921094 0.695208 0.896094 0.760208 0.909531 0.705833 0.906406 0.69 0.899219 0.680833 0.892031 0.679375
9 0.185625 0.91375 0.18375 0.895208 0.185625 0.79625 0.179531 0.765625 0.182812 0.752292 0.194687 0.745208 0.212031 0.745208 0.218281 0.7575 0.219687 0.788125 0.251719 0.871042 0.259844 0.944375 0.254531 0.960833 0.235 0.9775 0.21875 0.979375 0.212969 0.934792 0.206719 0.914375 0.199063 0.909167 0.186563 0.91625
10 0.738125 0.858542 0.725 0.838542 0.7225 0.814583 0.725625 0.799375 0.733437 0.788542 0.739844 0.784375 0.752188 0.785417 0.763125 0.792708 0.775 0.817708 0.774687 0.84625 0.770156 0.853958 0.7575 0.864792 0.737969 0.859583
11 0.215 0.749583 0.264844 0.734375 0.275938 0.819167 0.264531 0.82875 0.255781 0.842917 0.251563 0.867292 0.220781 0.786875 0.219375 0.757708
12 0.440937 0.798125 0.44125 0.78125 0.445469 0.771667 0.454375 0.762708 0.466719 0.757292 0.48375 0.762917 0.490781 0.77375 0.4925 0.797917 0.500156 0.819167 0.497969 0.855417 0.495 0.867292 0.482344 0.880625 0.465781 0.887708 0.449219 0.882083 0.435937 0.866042 0.431094 0.829583 0.441094 0.80125
15 0.895312 0.765208 0.921094 0.698333 0.941875 0.696667 0.958125 0.713125 0.961719 0.725833 0.959688 0.739583 0.935937 0.799375 0.932031 0.801875 0.927969 0.79875 0.915469 0.7775 0.901094 0.769583
15 0.887813 0.763542 0.872969 0.769375 0.862187 0.779583 0.860781 0.775417 0.887969 0.682292 0.895 0.682708 0.903438 0.689375 0.907656 0.708542 0.8925 0.764167
16 0.206719 0.410833 0.267031 0.398333 0.274062 0.413125 0.28125 0.504583 0.277656 0.509167 0.236094 0.52125 0.225 0.427917 0.20875 0.413125
16 0.15875 0.405417 0.269687 0.378542 0.274844 0.396875 0.174219 0.413125 0.157969 0.419375
20 0.118125 0.953542 0.112344 0.945833 0.0992187 0.884792 0.1 0.853542 0.11 0.827083 0.102813 0.802708 0.10375 0.791458 0.116719 0.779583 0.127344 0.777917 0.137969 0.785208 0.142969 0.812292 0.1525 0.818125 0.163125 0.833542 0.174531 0.88 0.17875 0.919583 0.1225 0.948542
22 0.155313 0.43375 0.165 0.421458 0.181406 0.415208 0.198437 0.413333 0.211563 0.418125 0.22375 0.428125 0.238906 0.548542 0.23375 0.564375 0.215625 0.58125 0.195156 0.583125 0.175781 0.575833 0.154531 0.435417
13 0.28875 0.325208 0.291719 0.31375 0.30625 0.301667 0.324531 0.296875 0.346094 0.297292 0.356094 0.302083 0.364375 0.469167 0.346875 0.480625 0.321563 0.478542 0.302656 0.465208 0.287969 0.434583 0.285312 0.334375
14 0.728281 0.714583 0.739062 0.728542 0.738906 0.78375 0.732187 0.788125 0.724844 0.799167 0.721406 0.830625 0.70125 0.843958 0.682813 0.862083 0.665469 0.863958 0.642969 0.851667 0.621406 0.848333 0.613594 0.85125 0.597344 0.864167 0.590469 0.883333 0.5875 0.907083 0.575469 0.884792 0.564531 0.876458 0.543438 0.867917 0.545625 0.857292 0.721406 0.734792 0.727031 0.714792
