0 0.102917 0.732708 0.105417 0.719583 0.116667 0.70625 0.125625 0.703125 0.165625 0.719583 0.234583 0.717292 0.254792 0.725833 0.380833 0.815625 0.42125 0.831667 0.448333 0.849167 0.469167 0.872083 0.469167 0.89125 0.462292 0.905 0.431458 0.9225 0.432917 0.942292 0.429167 0.959167 0.416042 0.971458 0.404167 0.973542 0.364375 0.957083 0.312917 0.91875 0.254792 0.886875 0.175625 0.8375 0.153333 0.807292 0.14 0.7775 0.143333 0.75625 0.135833 0.745625 0.120417 0.736458 0.117708 0.743333 0.102292 0.733958
5 0.158958 0.616042 0.151875 0.604583 0.148125 0.403333 0.15375 0.3925 0.165208 0.387917 0.226458 0.382292 0.250208 0.395625 0.257083 0.418542 0.248125 0.60875 0.235417 0.627292 0.220208 0.635417 0.203542 0.634792 0.158333 0.620208
7 0.53375 0.78125 0.530625 0.799792 0.51625 0.812708 0.504375 0.815 0.483125 0.81125 0.476042 0.805833 0.469375 0.79 0.470208 0.766042 0.4825 0.751875 0.497917 0.745833 0.508333 0.746042 0.520625 0.752708 0.533333 0.778542
6 0.435625 0.673958 0.4375 0.656458 0.451458 0.62125 0.461875 0.607292 0.469375 0.603333 0.55125 0.637917 0.551042 0.649792 0.541458 0.685417 0.534583 0.700417 0.52125 0.716042 0.434583 0.676667
8 0.650208 0.55875 0.693333 0.545833 0.72125 0.555625 0.74625 0.569375 0.76375 0.58625 0.778958 0.610833 0.788542 0.646042 0.782917 0.64625 0.778542 0.642292 0.761667 0.647708 0.731458 0.630208 0.736042 0.624167 0.733125 0.616667 0.663333 0.569583 0.646042 0.567708
1 0.7475 0.535833 0.82125 0.507292 0.883958 0.657083 0.832708 0.680208 0.808958 0.686042 0.802083 0.678958 0.785833 0.635208 0.782292 0.61625 0.7675 0.58875 0.749375 0.535833
9 0.428958 0.778542 0.520208 0.831667 0.516667 0.852083 0.502917 0.881875 0.4825 0.907917 0.46625 0.901667 0.471042 0.891042 0.470625 0.87125 0.449792 0.848542 0.430833 0.835208 0.39625 0.821458 0.427292 0.777708
20 0.527292 0.757292 0.617292 0.807917 0.62625 0.818542 0.617708 0.856875 0.597708 0.88375 0.581042 0.882708 0.518333 0.848542 0.520833 0.830625 0.491875 0.813958 0.517292 0.81375 0.531875 0.800208 0.535417 0.778542 0.526458 0.757708
13 0.47875 0.604583 0.542917 0.574792 0.547917 0.580417 0.549792 0.612917 0.54875 0.617083 0.538542 0.620625 0.538542 0.632292 0.47875 0.605833
16 0.552917 0.550625 0.61875 0.586667 0.628542 0.637917 0.620417 0.646875 0.55 0.607083 0.549167 0.560833 0.5525 0.55125
16 0.5625 0.615833 0.612292 0.643125 0.643333 0.68125 0.642917 0.69125 0.637083 0.694792 0.586458 0.694792 0.575417 0.68375 0.55375 0.65125 0.551875 0.636875 0.542292 0.633125 0.540833 0.621458 0.562917 0.61625
18 0.629375 0.621458 0.725417 0.684583 0.725625 0.696667 0.699167 0.726667 0.690208 0.725208 0.642917 0.694167 0.642917 0.676875 0.6175 0.649167 0.626875 0.642917 0.629792 0.63625 0.6275 0.621458
22 0.62625 0.60625 0.638125 0.582083 0.650833 0.57 0.658542 0.569375 0.733125 0.618542 0.733125 0.625417 0.707292 0.666667 0.700833 0.666875 0.626875 0.616875
23 0.779167 0.6475 0.808333 0.692083 0.801042 0.7025 0.782292 0.711667 0.76 0.712083 0.75 0.706458 0.722708 0.668958 0.760833 0.68875 0.781042 0.669583 0.784167 0.662292 0.767917 0.650417 0.778958 0.6475
15 0.730833 0.689583 0.756667 0.714792 0.75375 0.729167 0.735 0.748542 0.714792 0.756458 0.704583 0.749583 0.710208 0.7375 0.70875 0.7325 0.700833 0.726458 0.727708 0.695417
15 0.638958 0.694167 0.688333 0.726042 0.707917 0.734792 0.70375 0.753542 0.69 0.779792 0.678958 0.789167 0.626667 0.75375 0.640208 0.730625 0.607708 0.695833 0.63875 0.695208
12 0.256667 0.572708 0.261042 0.554167 0.277083 0.54375 0.301667 0.543125 0.314583 0.547917 0.322292 0.55625 0.322292 0.583333 0.329583 0.591667 0.33 0.605625 0.308333 0.634167 0.300625 0.663333 0.280417 0.66375 0.26 0.654375 0.241042 0.635 0.23875 0.625625 0.248333 0.608542 0.253542 0.578125
11 0.195208 0.998958 0.19625 0.971875 0.234583 0.904375 0.407708 0.97625 0.399375 0.998958 0.194583 1
14 0.568125 0.555625 0.606875 0.536875 0.64 0.574167 0.617292 0.585625 0.57 0.5575
