0 0.362031 0.740208 0.3575 0.65375 0.348281 0.630833 0.328125 0.457708 0.343594 0.384375 0.367812 0.33375 0.374063 0.311667 0.3675 0.292917 0.369688 0.261667 0.376563 0.249792 0.391719 0.244167 0.409531 0.244167 0.417187 0.255208 0.422031 0.292083 0.417187 0.304792 0.4675 0.395 0.475781 0.414167 0.500469 0.691667 0.489531 0.739375 0.486094 0.777917 0.477187 0.807292 0.454375 0.814792 0.416406 0.818333 0.394375 0.815625 0.375781 0.794583 0.362812 0.75125
1 0.619062 0.705 0.79125 0.635417 0.840156 0.709583 0.833906 0.780833 0.646875 0.850417 0.649219 0.795625 0.627188 0.752917 0.628594 0.728542 0.623437 0.713333
2 0.502188 0.910417 0.371406 0.964583 0.357344 0.961875 0.351406 0.940625 0.347812 0.874167 0.361875 0.856667 0.478281 0.814167 0.500938 0.909375
3 0.136719 0.997917 0.141719 0.958125 0.14 0.929792 0.132656 0.91125 0.132969 0.886875 0.178594 0.894375 0.21375 0.889792 0.282187 0.834167 0.288906 0.833542 0.306719 0.857083 0.2925 0.8625 0.267969 0.890417 0.265937 0.923125 0.271875 0.944375 0.29375 0.967917 0.322656 0.964375 0.343906 0.955417 0.349688 0.943125 0.355938 0.965208 0.381562 0.971042 0.396094 0.9975 0.137031 0.999375
7 0.300469 0.963958 0.288125 0.959792 0.270937 0.9325 0.270156 0.895625 0.275938 0.884583 0.288125 0.874792 0.293125 0.865625 0.316094 0.859792 0.326406 0.860625 0.338594 0.873542 0.34625 0.890417 0.349375 0.936458 0.345313 0.94875 0.334375 0.956875 0.3025 0.964792
8 0.568438 0.499167 0.701875 0.526458 0.711406 0.515625 0.721875 0.51375 0.708594 0.66625 0.655469 0.687292 0.641094 0.677708 0.639219 0.666875 0.643906 0.562917 0.638281 0.54375 0.622656 0.533958 0.590313 0.529375 0.572187 0.53875 0.565156 0.550417 0.561562 0.564375 0.561875 0.622917 0.556875 0.533333 0.547656 0.523125 0.536875 0.51875
10 0.296875 0.840208 0.289687 0.827708 0.288281 0.806042 0.29 0.773125 0.3 0.752708 0.314375 0.737708 0.339844 0.734792 0.357812 0.750625 0.366406 0.776458 0.37 0.811875 0.368281 0.834375 0.360781 0.853125 0.336719 0.870208 0.326562 0.85875 0.312188 0.857917 0.30125 0.84875
15 0.564063 0.654583 0.564063 0.562708 0.569375 0.545625 0.579688 0.537083 0.59375 0.532292 0.609844 0.532292 0.624219 0.537083 0.637969 0.549792 0.640313 0.567708 0.636875 0.694375 0.619531 0.7025 0.611719 0.697292 0.583281 0.665208 0.564375 0.65375
15 0.48875 0.54 0.503125 0.525 0.530625 0.522083 0.549219 0.527917 0.556562 0.54 0.561094 0.653125 0.514844 0.669583 0.501563 0.687292 0.489687 0.541875
18 0.999375 0.432292 0.996406 0.66125 0.967187 0.738542 0.915469 0.697917 0.9775 0.439167 0.985625 0.433125 0.997656 0.431458
23 0.894844 0.526458 0.909219 0.460625 0.918906 0.450625 0.941875 0.442917 0.948906 0.405417 0.953438 0.398542 0.983906 0.4025 0.989531 0.410833 0.99125 0.420833 0.988438 0.43 0.975781 0.439167 0.969531 0.454583 0.919531 0.670417 0.904844 0.665417 0.925625 0.589792 0.926094 0.562083 0.91875 0.532917 0.909062 0.527292 0.900625 0.53
14 0.175313 0.773333 0.327656 0.648125 0.356406 0.681667 0.359063 0.73 0.356719 0.743333 0.342344 0.73375 0.326875 0.732708 0.306094 0.74 0.289531 0.764792 0.283125 0.8025 0.2875 0.828542 0.214062 0.886667 0.175625 0.892083 0.12875 0.883125 0.12875 0.910208 0.0998437 0.882708 0.0364063 0.892917 0.00109375 0.915 0.00140625 0.901875
