0 0.25875 0.645625 0.26 0.633542 0.264688 0.623125 0.269062 0.578333 0.280156 0.532708 0.298594 0.50375 0.323125 0.496042 0.332969 0.482917 0.342031 0.481042 0.351719 0.484167 0.35875 0.494583 0.359687 0.509375 0.375937 0.548125 0.375156 0.573958 0.367812 0.609375 0.328594 0.703542 0.32125 0.706875 0.311719 0.701667 0.290469 0.7075 0.274375 0.697708 0.268437 0.686042 0.266719 0.676667 0.257812 0.668958 0.257969 0.644792
1 0.409062 0.726458 0.410313 0.716042 0.543438 0.745833 0.540625 0.82375 0.527656 0.836875 0.393437 0.807083 0.397344 0.768542 0.405469 0.756042 0.408906 0.745 0.409062 0.731042
2 0.287656 0.783125 0.238281 0.766458 0.214688 0.76875 0.2075 0.76125 0.208281 0.750208 0.213125 0.742917 0.216562 0.729583 0.216719 0.700208 0.22625 0.693125 0.234063 0.692708 0.290313 0.708958 0.311406 0.702917 0.3225 0.708125 0.319844 0.735208 0.302813 0.748958 0.289687 0.78375
3 0.207031 0.748125 0.207187 0.764167 0.217031 0.77125 0.216875 0.804792 0.213125 0.807292 0.182031 0.809792 0.156406 0.80625 0.13625 0.799375 0.084375 0.817917 0.08 0.813125 0.0828125 0.734375 0.0879687 0.715833 0.08875 0.679167 0.093125 0.644583 0.0971875 0.637083 0.132969 0.665833 0.152188 0.659375 0.170938 0.645208 0.19875 0.640833 0.19875 0.681875 0.176875 0.689167 0.168594 0.699375 0.163281 0.714792 0.167344 0.743542 0.178437 0.755208 0.192812 0.758333 0.205625 0.749375
7 0.206406 0.746042 0.192812 0.7575 0.178437 0.754583 0.168281 0.74375 0.164375 0.713958 0.168906 0.700417 0.176719 0.691042 0.202344 0.682083 0.203906 0.690833 0.209844 0.690833 0.214844 0.702083 0.215313 0.730417 0.209531 0.746042
8 0.415469 0.583958 0.429219 0.569167 0.422031 0.565208 0.425469 0.55625 0.452813 0.555625 0.501875 0.6225 0.52375 0.66375 0.534531 0.664167 0.517031 0.690833 0.480781 0.729792 0.469375 0.726042 0.465313 0.720625 0.465938 0.707708 0.452969 0.690208 0.463125 0.671042 0.462344 0.65125 0.454844 0.635208 0.441406 0.6225 0.43125 0.6225 0.42 0.628542 0.420312 0.593958 0.415469 0.584167
10 0.199844 0.654583 0.204531 0.631458 0.214844 0.614583 0.242656 0.605 0.244219 0.611667 0.252812 0.623333 0.255312 0.652292 0.251406 0.671667 0.237656 0.689583 0.213281 0.693958 0.211875 0.686042 0.200781 0.670833 0.2 0.655625
15 0.399219 0.674583 0.426875 0.627083 0.434844 0.625 0.445469 0.629792 0.453125 0.636458 0.460938 0.652083 0.461562 0.667917 0.457813 0.68 0.437344 0.709792 0.424375 0.719167 0.411562 0.712083 0.409062 0.696458 0.402656 0.6825
15 0.350312 0.663958 0.377812 0.585 0.39625 0.5775 0.411094 0.583333 0.417344 0.589583 0.419375 0.601042 0.416563 0.631042 0.40875 0.651875 0.398594 0.668958 0.371094 0.66125 0.350156 0.669167
18 0.627656 0.868542 0.616563 0.8675 0.607969 0.851875 0.604688 0.830208 0.608281 0.819375 0.682813 0.76875 0.691094 0.770417 0.705469 0.785 0.714063 0.80875 0.712656 0.832708 0.706875 0.840417 0.645625 0.86625 0.629063 0.87
23 0.624375 0.747708 0.66125 0.717917 0.670625 0.716458 0.700469 0.73 0.708281 0.743333 0.700469 0.765208 0.7 0.777292 0.690781 0.76875 0.6825 0.76875 0.621875 0.80875 0.618281 0.79875 0.630781 0.783542 0.634375 0.770625 0.630781 0.7575 0.624375 0.750417
14 0 0.591042 0.244219 0.541458 0.269844 0.524792 0.272344 0.561458 0.263125 0.623958 0.259531 0.632708 0.242656 0.6025 0.231562 0.603333 0.212969 0.613125 0.201094 0.633542 0.201094 0.638958 0.169063 0.643958 0.151562 0.658542 0.1325 0.665 0.095625 0.635 0.0914062 0.643125 0.0867187 0.683333 0.0740625 0.658958 0.0592188 0.645 0.0426562 0.637708 0.0173437 0.637917 0.0003125 0.652292 0.001875 0.592292
