0 0.277813 0.727292 0.276719 0.686042 0.270937 0.658958 0.263437 0.568542 0.274375 0.518125 0.296719 0.4875 0.309375 0.48375 0.309375 0.461458 0.317969 0.444583 0.327656 0.439167 0.349531 0.442292 0.357031 0.457708 0.360469 0.479167 0.388594 0.512708 0.4 0.549583 0.404063 0.583958 0.398906 0.622292 0.398281 0.685833 0.39375 0.714792 0.388594 0.731667 0.374219 0.753125 0.365625 0.774583 0.344375 0.772292 0.331719 0.779167 0.317969 0.779167 0.313281 0.77375 0.300156 0.768333 0.291563 0.75625 0.286406 0.740833 0.28125 0.737083
1 0.47875 0.780625 0.480938 0.77 0.661875 0.784583 0.670469 0.889375 0.652031 0.91 0.470625 0.89625 0.468281 0.836458 0.475781 0.823542 0.483281 0.7975 0.480938 0.788333
2 0.227656 0.791667 0.233594 0.776667 0.242969 0.769167 0.252188 0.766458 0.315312 0.778333 0.338906 0.780625 0.360938 0.774375 0.365937 0.779375 0.358281 0.798333 0.358281 0.808542 0.337969 0.833333 0.33125 0.847917 0.324688 0.879792 0.247187 0.869583 0.238594 0.874167 0.227656 0.873125 0.219062 0.866042 0.222344 0.847083 0.23 0.830208 0.233594 0.813333 0.228906 0.793125
3 0.219062 0.866667 0.226719 0.873542 0.23875 0.875 0.241406 0.908125 0.239687 0.918333 0.231719 0.92375 0.201563 0.9275 0.183594 0.934375 0.143281 0.927917 0.128906 0.93 0.0878125 0.946042 0.0751563 0.956667 0.063125 0.953542 0.0665625 0.781458 0.0728125 0.721667 0.102656 0.738542 0.125156 0.758333 0.142344 0.748542 0.154375 0.733958 0.206562 0.711042 0.202969 0.738125 0.214844 0.751042 0.220625 0.765 0.217656 0.771667 0.199063 0.767917 0.182656 0.772708 0.167187 0.784583 0.162031 0.802292 0.165625 0.8375 0.171719 0.854167 0.188281 0.864167 0.215781 0.866042
7 0.230781 0.816875 0.225781 0.836458 0.215156 0.849375 0.197969 0.860417 0.187188 0.860417 0.169687 0.84375 0.162969 0.806667 0.167187 0.790833 0.175937 0.779167 0.187656 0.772083 0.212812 0.770417 0.224531 0.778958 0.23125 0.815625
10 0.204062 0.735833 0.212812 0.68625 0.227813 0.668542 0.247812 0.660417 0.260781 0.666667 0.273438 0.685417 0.273906 0.737083 0.259844 0.76375 0.241875 0.768958 0.226406 0.782292 0.219219 0.773958 0.220938 0.766042 0.218281 0.756458 0.20375 0.7375
15 0.46125 0.71625 0.468906 0.679375 0.477813 0.651458 0.496094 0.637292 0.512656 0.638542 0.526406 0.647083 0.539219 0.673542 0.537969 0.698958 0.510469 0.769792 0.479844 0.769792 0.477187 0.780417 0.46125 0.719167
15 0.405 0.708125 0.41 0.619583 0.414687 0.594792 0.430938 0.582917 0.447187 0.582917 0.457969 0.586875 0.473125 0.603125 0.475781 0.625 0.474531 0.650208 0.458906 0.717083 0.444531 0.703333 0.417031 0.705 0.405781 0.71125
18 0.756719 0.883125 0.7625 0.870833 0.841719 0.798125 0.866406 0.780417 0.880781 0.786667 0.90375 0.811042 0.918594 0.841667 0.915781 0.860833 0.905469 0.874583 0.88875 0.886875 0.829688 0.920625 0.793438 0.933542 0.778594 0.933542 0.761875 0.912083 0.756094 0.884583
23 0.781406 0.760625 0.785469 0.760625 0.820469 0.716875 0.831875 0.713125 0.850313 0.719167 0.857187 0.726875 0.866406 0.718542 0.8825 0.723958 0.89 0.74 0.89 0.754375 0.881875 0.772083 0.883594 0.787292 0.864062 0.779792 0.857187 0.782083 0.778594 0.853125 0.775156 0.853125 0.771094 0.841042 0.789531 0.816458 0.791719 0.800417 0.788906 0.783542 0.774531 0.769792 0.783125 0.762083
8 0.47 0.594583 0.488438 0.571667 0.476406 0.568542 0.48 0.55625 0.490781 0.5525 0.515156 0.551458 0.525 0.558958 0.613594 0.655625 0.622812 0.671667 0.631875 0.675833 0.619219 0.704583 0.584531 0.761458 0.573281 0.774792 0.555781 0.772708 0.550938 0.77 0.555 0.751875 0.533438 0.734792 0.527813 0.725417 0.540937 0.694583 0.539844 0.667917 0.527031 0.645625 0.503594 0.635 0.490781 0.63875 0.474844 0.650417 0.477187 0.61375 0.47 0.595625
14 0.00015625 0.66875 0.263281 0.578958 0.27 0.665 0.274219 0.681667 0.26 0.66375 0.242188 0.657917 0.227344 0.666875 0.210156 0.687917 0.203437 0.710208 0.147969 0.735208 0.133594 0.753125 0.125937 0.756875 0.0825 0.725 0.0709375 0.721042 0.06375 0.769583 0.0651562 0.777917 0.0532813 0.785 0.0335937 0.751042 0.0164063 0.737083 0.00015625 0.72875 0 0.6675
