0 0.00015625 0.622292 0.019375 0.6125 0.0420312 0.61125 0.0884375 0.621875 0.117031 0.645417 0.143906 0.680833 0.148594 0.697083 0.154062 0.764167 0.132656 0.823958 0.108594 0.846875 0.0692187 0.873542 0.0120313 0.875417 0.0003125 0.852292 0.00109375 0.62375
1 0.8225 0.543125 0.837344 0.470417 0.92125 0.467292 1 0.593542 0.999219 0.739167 0.911406 0.746042 0.824219 0.545417
8 0.71875 0.531875 0.744531 0.544375 0.7625 0.547917 0.782813 0.545208 0.789062 0.538958 0.810781 0.5625 0.823281 0.586042 0.848906 0.606458 0.882344 0.685 0.853125 0.667708 0.822031 0.663958 0.802344 0.667708 0.808594 0.6575 0.814375 0.639792 0.813438 0.627708 0.804375 0.602083 0.798125 0.597083 0.723437 0.59 0.725781 0.558542 0.721875 0.541667
11 0.00953125 0.608542 0.00703125 0.524375 0.0823438 0.520417 0.0859375 0.620208 0.03875 0.607917 0.01125 0.608958
16 0.00046875 0.07375 0.0284375 0.0729167 0.0351562 0.079375 0.0360938 0.106042 0 0.108542 0.0003125 0.0754167
13 0.43125 0.557708 0.452969 0.541042 0.466563 0.535208 0.481719 0.534792 0.496406 0.542917 0.5125 0.561667 0.539062 0.650625 0.528281 0.650417 0.494219 0.612292 0.469531 0.57875 0.452969 0.565833 0.438281 0.563333
23 0.749688 0.664583 0.79625 0.673125 0.815781 0.666042 0.853125 0.668125 0.877344 0.681875 0.881563 0.705833 0.880625 0.719583 0.857031 0.738125 0.839844 0.746667 0.802187 0.742292 0.760625 0.7125 0.758437 0.697917 0.750469 0.675208
20 0.308906 0.65875 0.380938 0.668125 0.410156 0.68 0.431719 0.704375 0.43875 0.735833 0.43875 0.766042 0.426406 0.802708 0.40375 0.836458 0.388594 0.845625 0.35 0.844792 0.275625 0.794167 0.279062 0.775833 0.276406 0.732708 0.267344 0.70875 0.259063 0.69875 0.257656 0.693125 0.275625 0.687708 0.301094 0.665625
18 0.531094 0.6175 0.65125 0.587292 0.661562 0.589375 0.665469 0.595208 0.679531 0.603125 0.685937 0.615833 0.68625 0.632292 0.681094 0.650417 0.671563 0.658333 0.660781 0.67375 0.645625 0.675417 0.623281 0.66375 0.539219 0.649375 0.530312 0.618542
15 0.528438 0.650625 0.618125 0.666667 0.642031 0.675625 0.650781 0.683542 0.6575 0.6975 0.660781 0.733542 0.618125 0.723958 0.599688 0.735208 0.587031 0.752292 0.533594 0.744792 0.529531 0.741042 0.5375 0.727292 0.537969 0.702292 0.536406 0.676667 0.531562 0.661875
15 0.686406 0.64625 0.718906 0.655417 0.744375 0.67 0.750781 0.678958 0.75875 0.712083 0.75875 0.728958 0.753906 0.744375 0.737187 0.772083 0.723906 0.7775 0.700781 0.779583 0.69 0.749583 0.665 0.7325 0.660781 0.715833 0.658438 0.689167 0.651563 0.677083 0.670156 0.666042 0.679844 0.653542
22 0.598437 0.596875 0.590156 0.577917 0.589844 0.558125 0.599531 0.520833 0.614219 0.506667 0.695156 0.510833 0.709219 0.522708 0.720625 0.54875 0.722813 0.581667 0.718125 0.602708 0.714219 0.609792 0.698125 0.62125 0.687656 0.621875 0.679063 0.601667 0.655156 0.586042 0.607812 0.5975
9 0.168437 0.683125 0.2525 0.696458 0.267188 0.712292 0.274531 0.731875 0.277813 0.779167 0.27375 0.79875 0.2575 0.827708 0.237344 0.84375 0.2075 0.844583 0.188594 0.836875 0.146562 0.79625 0.145469 0.78875 0.155781 0.761875 0.149531 0.697292
4 0.15875 0.5925 0.1525 0.576667 0.150469 0.552292 0.157812 0.524792 0.166406 0.50875 0.225937 0.474583 0.261875 0.480417 0.276719 0.489792 0.284375 0.501667 0.290781 0.52125 0.285781 0.553125 0.286406 0.5725 0.290781 0.584583 0.285781 0.59375 0.278438 0.59125 0.239844 0.59125 0.210938 0.599583 0.164844 0.599583
6 0.290937 0.581042 0.286875 0.563333 0.286875 0.545833 0.290469 0.527708 0.297656 0.507708 0.309688 0.495 0.380312 0.476875 0.395469 0.482292 0.408281 0.491042 0.422813 0.516667 0.427969 0.560625 0.404844 0.570625 0.388906 0.581458 0.373125 0.598542 0.366875 0.611042 0.361563 0.61 0.35125 0.587917 0.339844 0.582292 0.302813 0.596667 0.292813 0.59125
5 0.222656 0.474167 0.216562 0.359792 0.243906 0.318542 0.243906 0.312917 0.24125 0.310208 0.241562 0.283542 0.264844 0.282708 0.275781 0.487917 0.2625 0.477708 0.249844 0.474167
