0 0.107813 0.585625 0.13125 0.580625 0.15125 0.585 0.200156 0.618958 0.218125 0.6425 0.232344 0.684375 0.228594 0.73 0.215156 0.771875 0.188906 0.790833 0.165938 0.799792 0.14125 0.803542 0.114062 0.789583 0.0764062 0.705417 0.0696875 0.67875 0.0676563 0.645208 0.080625 0.608958 0.100312 0.589583
1 0.903438 0.788958 0.818594 0.784167 0.773438 0.606875 0.784219 0.551458 0.857656 0.559375 0.923906 0.72875 0.909531 0.788125
4 0.233906 0.585833 0.231406 0.560208 0.23625 0.53375 0.250156 0.515208 0.260313 0.508125 0.311563 0.501667 0.325469 0.508125 0.339844 0.535417 0.333281 0.581875 0.337969 0.589167 0.329688 0.605208 0.31875 0.606042 0.2375 0.59
5 0.2875 0.503958 0.291719 0.3875 0.311563 0.361042 0.314531 0.324167 0.327813 0.321667 0.333281 0.325 0.332656 0.5225 0.323594 0.508125 0.310937 0.5025 0.289844 0.503958
6 0.339219 0.588333 0.3375 0.566667 0.342813 0.537708 0.360938 0.520833 0.415156 0.517708 0.432031 0.520833 0.449375 0.565 0.448281 0.589167 0.437344 0.59 0.421094 0.597917 0.407344 0.608333 0.397656 0.625208 0.389844 0.62125 0.385 0.608333 0.375937 0.601875 0.356094 0.603542 0.343438 0.593958
8 0.807188 0.736875 0.734219 0.709583 0.744531 0.68875 0.740938 0.668542 0.73 0.656458 0.677031 0.639792 0.681875 0.626875 0.68125 0.606875 0.669844 0.585 0.701719 0.59625 0.717969 0.606875 0.734219 0.609167 0.792031 0.674167 0.803438 0.724792
9 0.224844 0.7425 0.232656 0.685417 0.219375 0.646875 0.295312 0.679792 0.309688 0.682292 0.320625 0.698333 0.327188 0.727292 0.323594 0.754583 0.313281 0.775417 0.295312 0.786667 0.273594 0.789792 0.250156 0.7825 0.222969 0.749583
11 0.105625 0.586667 0.1075 0.499167 0.168906 0.501667 0.168906 0.597083 0.150156 0.585 0.13625 0.581042 0.123125 0.581042 0.107969 0.585833
15 0.519219 0.665417 0.6 0.699167 0.608437 0.708125 0.61375 0.720833 0.6175 0.741042 0.613281 0.760208 0.578281 0.738542 0.564375 0.741875 0.548125 0.75625 0.515 0.7475 0.520469 0.73125 0.524062 0.708125 0.521719 0.681667 0.515 0.664792
15 0.618594 0.745833 0.607187 0.704792 0.63125 0.693542 0.640937 0.681667 0.669219 0.697708 0.688438 0.716042 0.692031 0.748958 0.687344 0.769167 0.676406 0.786667 0.661406 0.793958 0.641563 0.789167 0.625938 0.769792 0.619219 0.752292
18 0.60125 0.698333 0.53125 0.66625 0.527656 0.64375 0.540312 0.631042 0.621094 0.636667 0.639062 0.651042 0.643281 0.664792 0.640313 0.684792 0.630625 0.696042 0.605938 0.705625
20 0.324844 0.7425 0.326562 0.725 0.323594 0.708958 0.32 0.695208 0.309688 0.680833 0.322344 0.685625 0.350625 0.650208 0.386875 0.66625 0.422969 0.687292 0.440937 0.714583 0.443438 0.748958 0.43375 0.775417 0.420469 0.796458 0.397031 0.802708 0.362187 0.791667 0.325469 0.751458
22 0.642188 0.651875 0.625938 0.636667 0.581875 0.6325 0.577656 0.613333 0.577031 0.594167 0.590313 0.5675 0.604219 0.56125 0.657813 0.575625 0.667969 0.583542 0.674687 0.594167 0.680625 0.605208 0.680625 0.631042 0.673438 0.64875 0.660156 0.662292 0.642188 0.663125
23 0.7 0.701667 0.710781 0.710417 0.727656 0.71375 0.732969 0.710417 0.789062 0.73125 0.792031 0.741042 0.792031 0.760208 0.782969 0.771458 0.763125 0.77625 0.740313 0.774792 0.709531 0.760208 0.693281 0.748958 0.692031 0.719375 0.683594 0.709583 0.695781 0.700833
13 0.509062 0.655833 0.478281 0.60375 0.460938 0.590833 0.447656 0.586042 0.450625 0.579583 0.459063 0.572292 0.476562 0.565208 0.50125 0.57 0.51625 0.582083 0.5325 0.667917 0.513281 0.664792
16 0.110156 0.122917 0.155156 0.125833 0.156406 0.145417 0.161094 0.148333 0.161094 0.169792 0.101875 0.170625 0.10625 0.124375
