1 0.669063 0.803958 0.691875 0.596458 0.698281 0.594167 0.774062 0.604167 0.755 0.840625 0.686719 0.82625 0.669531 0.803958
14 0.50125 0.546042 0.505312 0.538333 0.505938 0.515417 0.573125 0.51625 0.58625 0.504583 0.592031 0.559792 0.5925 0.559792 0.57875 0.565833 0.563281 0.555208 0.559219 0.575 0.551875 0.566667 0.542656 0.565833 0.52375 0.575833 0.509844 0.577292 0.50125 0.546042 0.372656 0.512708 0.369688 0.552292 0.369688 0.549583 0.334063 0.529792 0.327031 0.51125 0.331094 0.503333 0.370781 0.51125 0.372656 0.512708
0 0.180313 0.797083 0.170313 0.834167 0.153438 0.847292 0.136563 0.844583 0.122656 0.860625 0.110781 0.861875 0.091875 0.847292 0.078125 0.855208 0.0671875 0.846042 0.0571875 0.803542 0.0571875 0.75875 0.0414062 0.684583 0.0234375 0.55625 0.0364063 0.513958 0.0521875 0.484792 0.0473438 0.476875 0.0473438 0.458333 0.0503125 0.449167 0.0690625 0.443958 0.0790625 0.46375 0.085 0.484792 0.101875 0.495417 0.126719 0.524583 0.141562 0.58 0.135625 0.589375 0.143594 0.613125 0.148438 0.641042 0.148438 0.6675 0.151406 0.684583 0.182188 0.793125
3 0.378594 0.513958 0.380625 0.491458 0.423281 0.50875 0.465 0.502083 0.504687 0.51 0.497656 0.540417 0.47 0.548333 0.457969 0.548333 0.451094 0.544375 0.451094 0.517917 0.384531 0.517917
13 0.373125 0.518333 0.450313 0.518333 0.450938 0.546875 0.455 0.561458 0.455781 0.622917 0.450313 0.636875 0.419219 0.647917 0.411719 0.633125 0.379219 0.635 0.379219 0.616667 0.384844 0.593542 0.382656 0.574375 0.373125 0.553125 0.374375 0.520208
23 0.577031 0.779792 0.584531 0.7975 0.595625 0.796667 0.61 0.788333 0.618281 0.776458 0.612812 0.753542 0.630781 0.747917 0.636875 0.754375 0.654219 0.755208 0.645156 0.817708 0.637656 0.831458 0.589375 0.821458 0.577031 0.808542
22 0.500156 0.593958 0.516406 0.578958 0.526094 0.57625 0.550781 0.577083 0.581875 0.694583 0.580469 0.701042 0.569375 0.714792 0.551562 0.725 0.539844 0.725 0.525312 0.715833 0.495 0.599167
20 0.319375 0.704583 0.350938 0.813333 0.355625 0.853125 0.341875 0.874583 0.317656 0.889167 0.295938 0.8875 0.286094 0.876875 0.268281 0.811042 0.2775 0.796458 0.270625 0.763542 0.255156 0.721458 0.256875 0.707708 0.265469 0.695417 0.29875 0.716042 0.314219 0.70625
18 0.462344 0.55 0.498594 0.540833 0.5025 0.551458 0.507656 0.584375 0.494531 0.600417 0.534062 0.76125 0.531875 0.772083 0.515156 0.785833 0.491094 0.788125 0.476094 0.775833 0.458906 0.625833 0.458281 0.55
15 0.558437 0.722292 0.565 0.817917 0.554063 0.829375 0.540156 0.836458 0.509531 0.828125 0.502344 0.823125 0.504844 0.787917 0.519531 0.784792 0.531094 0.774583 0.535469 0.763125 0.535937 0.751667 0.52625 0.717917 0.539219 0.725417 0.553594 0.726042
15 0.421563 0.650208 0.447813 0.639375 0.457344 0.64125 0.475625 0.781667 0.49375 0.791875 0.498594 0.789375 0.501875 0.805208 0.500938 0.818542 0.491875 0.829375 0.477969 0.838958 0.456406 0.842917 0.444531 0.835833 0.438281 0.82625 0.429688 0.7675 0.4325 0.755417 0.419688 0.678333 0.419688 0.657292
12 0.210781 0.437083 0.2125 0.4125 0.217031 0.396458 0.215313 0.38125 0.217656 0.362917 0.23375 0.351458 0.245781 0.352083 0.248125 0.354375 0.264219 0.488333 0.254375 0.486875 0.246406 0.476875 0.238906 0.454792 0.230313 0.445417 0.211875 0.440833
11 0.025625 0.192708 0.0785937 0.198333 0.108281 0.321458 0.0985938 0.357292 0.045625 0.351667 0.013125 0.223958 0.0242188 0.194583
8 0.6125 0.746458 0.605312 0.745625 0.598594 0.717708 0.589531 0.697292 0.579531 0.661458 0.572813 0.629583 0.561719 0.602292 0.564219 0.559375 0.579063 0.568333 0.600469 0.562083 0.629219 0.562708 0.649844 0.568958 0.682813 0.672292 0.672344 0.749583 0.664687 0.754583 0.63875 0.752083 0.633125 0.745 0.613438 0.748333
7 0.134063 0.38875 0.139219 0.379792 0.154062 0.372917 0.174375 0.379792 0.183125 0.394583 0.183594 0.407917 0.171563 0.426458 0.156875 0.435 0.142031 0.430208 0.138125 0.400417 0.131719 0.3925
6 0.267188 0.543542 0.280781 0.527083 0.3 0.512708 0.322656 0.506875 0.368906 0.607708 0.367656 0.626458 0.354219 0.643333 0.32625 0.663125 0.303906 0.664167 0.296719 0.658333 0.267969 0.573333 0.269687 0.542917
5 0.202813 0.16875 0.225937 0.169792 0.247031 0.350625 0.234844 0.350208 0.222656 0.357708 0.216406 0.33 0.201875 0.207083 0.2025 0.168125
4 0.183906 0.590208 0.155938 0.49625 0.160938 0.478542 0.176563 0.454167 0.200156 0.441875 0.230469 0.447917 0.237344 0.454167 0.267031 0.533958 0.26625 0.576875 0.250625 0.594583 0.232813 0.606667 0.221719 0.60875 0.201875 0.6025 0.182656 0.591042
