0 0.411562 0.717292 0.402031 0.712708 0.391875 0.675833 0.391406 0.655417 0.395781 0.633125 0.394375 0.590208 0.385781 0.554583 0.380938 0.406042 0.38625 0.3625 0.393125 0.34 0.41375 0.298542 0.416094 0.289375 0.417187 0.274167 0.412656 0.267292 0.415 0.244167 0.418438 0.237292 0.435625 0.235833 0.445312 0.242708 0.447656 0.253333 0.445937 0.271875 0.449375 0.287917 0.45625 0.297083 0.485625 0.368333 0.495937 0.414167 0.497656 0.535833 0.494688 0.575625 0.496406 0.617708 0.452813 0.621667 0.452813 0.641458 0.408594 0.666042 0.402969 0.675208 0.403438 0.692083 0.412656 0.715833
1 0.588281 0.685833 0.785937 0.688542 0.799844 0.725208 0.801094 0.8175 0.575156 0.795625 0.573125 0.709167 0.588281 0.685208
2 0.348438 0.752292 0.372656 0.738125 0.39 0.7375 0.414219 0.742083 0.423594 0.79375 0.345156 0.790208 0.332813 0.78375 0.330469 0.775625 0.331875 0.765417 0.3475 0.753542
3 0.2725 0.766458 0.316094 0.77875 0.333281 0.786875 0.319531 0.807292 0.304688 0.8175 0.1975 0.818125 0.15875 0.808542 0.149688 0.801042 0.170156 0.769792 0.245312 0.759583 0.265937 0.760208 0.271563 0.764583
7 0.288438 0.696458 0.277813 0.683542 0.316562 0.697708 0.322344 0.700833 0.329531 0.711042 0.335313 0.728958 0.337188 0.748125 0.33375 0.755625 0.318438 0.770417 0.285938 0.767083 0.275469 0.760208 0.271094 0.751875 0.271094 0.737917 0.276406 0.710417 0.291719 0.698333
10 0.323281 0.697083 0.328594 0.672708 0.340469 0.654167 0.349531 0.644792 0.368281 0.642708 0.384531 0.6575 0.397031 0.700833 0.3975 0.715417 0.390781 0.737292 0.369688 0.737292 0.337656 0.755 0.340938 0.748125 0.337656 0.727083 0.328125 0.702708
15 0.512344 0.616042 0.509375 0.534375 0.522813 0.529167 0.560156 0.527917 0.570156 0.530417 0.571562 0.536875 0.562344 0.542083 0.560781 0.549167 0.56125 0.636458 0.512344 0.623542
15 0.575781 0.536458 0.614062 0.536458 0.628594 0.541667 0.627188 0.680208 0.598125 0.683958 0.590625 0.679792 0.563906 0.63875 0.563594 0.549167 0.564688 0.544375 0.574844 0.536875
8 0.696875 0.562708 0.7025 0.56375 0.717187 0.550833 0.723594 0.549375 0.732031 0.560417 0.716094 0.611458 0.702031 0.685417 0.628281 0.68375 0.631094 0.553125
18 0.997344 0.46875 0.999062 0.782917 0.975 0.785208 0.944531 0.77625 0.942031 0.766458 0.949687 0.467083 0.998437 0.468542
23 0.95375 0.466042 0.956875 0.461667 0.969844 0.458333 0.987344 0.46 0.995156 0.463542 0.996406 0.467708 0.95375 0.466042 0.947344 0.514583 0.941719 0.776458 0.93875 0.778542 0.929375 0.771875 0.927031 0.763125 0.933437 0.529167 0.938438 0.517917 0.943906 0.515 0.947344 0.514583
14 0.269531 0.752083 0.225781 0.759375 0.172031 0.763125 0.174375 0.682708 0.332969 0.663125 0.327656 0.671875 0.321563 0.6975 0.286719 0.684167 0.27375 0.682292 0.284844 0.695625 0.27375 0.713333 0.269531 0.728125 0.269219 0.749792
