1 0.651719 0.513542 0.722813 0.489792 0.767656 0.692708 0.717187 0.70875 0.702813 0.710208 0.695312 0.702708 0.649062 0.514167
3 0.350781 0.614583 0.347344 0.565625 0.379531 0.5725 0.454219 0.532708 0.463906 0.533542 0.467969 0.563333 0.438125 0.580833 0.428281 0.553333 0.354844 0.592292 0.3525 0.613125
4 0.275 0.642083 0.281406 0.662083 0.281406 0.688125 0.279062 0.69875 0.267656 0.727917 0.257812 0.743958 0.238281 0.75625 0.227969 0.75625 0.140781 0.680417 0.14125 0.662917 0.157969 0.612292 0.168906 0.601667 0.187188 0.593958 0.207344 0.593125 0.272187 0.639167
8 0.537969 0.557917 0.538438 0.541875 0.556406 0.5425 0.573906 0.524792 0.60375 0.519583 0.653594 0.579583 0.667188 0.602917 0.672031 0.638125 0.666406 0.656667 0.667188 0.667292 0.656094 0.66625 0.644531 0.674792 0.629375 0.676875 0.604531 0.646667 0.600938 0.633333 0.537656 0.561042
6 0.281406 0.658333 0.303906 0.614167 0.313906 0.604375 0.328594 0.599375 0.397813 0.657292 0.402187 0.679375 0.39625 0.704583 0.383594 0.728958 0.370312 0.744792 0.35875 0.751875 0.351406 0.752292 0.280938 0.69 0.282187 0.664583
15 0.554531 0.775417 0.560781 0.784583 0.561875 0.793542 0.557188 0.818333 0.54125 0.836458 0.529844 0.842292 0.524219 0.841875 0.485781 0.78875 0.488125 0.782083 0.487031 0.768333 0.441875 0.695208 0.441875 0.688125 0.4475 0.679167 0.469062 0.666042 0.539844 0.774583 0.545781 0.775417
15 0.564531 0.792292 0.556875 0.777083 0.569063 0.77 0.585 0.7425 0.586094 0.7275 0.571719 0.702708 0.579688 0.699167 0.617344 0.762917 0.615938 0.770417 0.602031 0.79125 0.583437 0.805 0.573125 0.805417 0.56375 0.793125
18 0.437188 0.585417 0.446563 0.576875 0.472813 0.564583 0.492031 0.590625 0.499688 0.603542 0.499062 0.612292 0.502656 0.618125 0.571719 0.705417 0.584688 0.727083 0.58375 0.7425 0.566719 0.771042 0.539844 0.773958 0.461094 0.65 0.436875 0.58625
22 0.600938 0.635 0.602812 0.646042 0.598437 0.661042 0.585781 0.680625 0.573125 0.695 0.562188 0.692083 0.500469 0.613542 0.500469 0.608333 0.503437 0.596875 0.517813 0.575417 0.536875 0.55875 0.600938 0.634792
13 0.356406 0.592917 0.426563 0.556667 0.458281 0.646042 0.458281 0.66625 0.453125 0.671042 0.4 0.691667 0.403281 0.67875 0.39875 0.654792 0.360312 0.624583 0.355313 0.593125
23 0.65875 0.672917 0.678125 0.72625 0.672656 0.741875 0.651875 0.758333 0.634687 0.761042 0.625781 0.759167 0.618125 0.748125 0.609844 0.711458 0.626406 0.729792 0.649844 0.697708 0.640156 0.68125 0.652656 0.676458
20 0.38375 0.807292 0.453594 0.883958 0.463594 0.909167 0.460938 0.927292 0.445625 0.953958 0.420312 0.975208 0.405 0.972917 0.363906 0.927708 0.376875 0.900417 0.375156 0.88 0.332656 0.837917 0.337344 0.82375 0.380156 0.806458
14 0.465625 0.535625 0.511719 0.510833 0.519688 0.49625 0.540312 0.540625 0.533438 0.545417 0.534375 0.555208 0.520469 0.56 0.506094 0.575208 0.505156 0.591458 0.49875 0.585208 0.489844 0.585833 0.475625 0.563542 0.469531 0.562292 0.465625 0.537083
