0 0.0953125 0.440417 0.102813 0.476458 0.119375 0.484167 0.139531 0.505625 0.155625 0.535417 0.161875 0.562917 0.15625 0.580625 0.17 0.621042 0.170469 0.660833 0.200312 0.754375 0.202031 0.80875 0.187812 0.827083 0.167656 0.831667 0.152188 0.846875 0.136094 0.850833 0.1275 0.844583 0.115469 0.847708 0.103906 0.836875 0.0895312 0.797917 0.0826563 0.725208 0.0671875 0.68625 0.0470313 0.5775 0.0453125 0.546042 0.0551562 0.514792 0.0695313 0.491042 0.0695313 0.477292 0.0654687 0.471042 0.064375 0.452708 0.07125 0.443542 0.0815625 0.439792 0.0946875 0.442708
1 0.71125 0.549583 0.77125 0.556042 0.789844 0.564375 0.775312 0.799583 0.705781 0.790208 0.689844 0.768333 0.706406 0.550625
4 0.177812 0.48375 0.179062 0.471458 0.18625 0.457292 0.201406 0.44125 0.220156 0.43125 0.234375 0.430625 0.252344 0.436458 0.290313 0.518333 0.284219 0.539583 0.28625 0.552917 0.275156 0.573125 0.2575 0.584167 0.239687 0.59125 0.218125 0.585833 0.179375 0.488125
5 0.207656 0.158333 0.233438 0.162292 0.259219 0.332292 0.242656 0.341458 0.234531 0.334583 0.207656 0.159167
6 0.285469 0.537917 0.291719 0.522083 0.305469 0.506458 0.328281 0.492292 0.343125 0.492917 0.349531 0.496667 0.387813 0.585208 0.388437 0.607917 0.369219 0.630833 0.346406 0.64375 0.326406 0.6475 0.318906 0.637292 0.284375 0.55
7 0.147656 0.386042 0.152812 0.37 0.162187 0.363542 0.18 0.361458 0.189844 0.369167 0.1975 0.382917 0.198906 0.39625 0.186406 0.419167 0.171719 0.422917 0.161719 0.416667 0.1525 0.390625
8 0.580313 0.526875 0.6 0.5375 0.611563 0.527292 0.633906 0.525208 0.669687 0.533958 0.7 0.620417 0.693281 0.7125 0.6625 0.718333 0.652187 0.707708 0.627812 0.713333 0.625156 0.710833 0.579063 0.57125 0.577344 0.556667 0.579063 0.53
11 0.0240625 0.225 0.03375 0.188542 0.0892187 0.193542 0.125625 0.31875 0.114844 0.348333 0.0628125 0.343125
18 0.472344 0.530833 0.490625 0.517292 0.52125 0.51875 0.526406 0.554375 0.513125 0.571667 0.514062 0.5825 0.549375 0.696042 0.556094 0.739375 0.540312 0.752083 0.522656 0.758542 0.511719 0.758542 0.49875 0.751458 0.474375 0.584375 0.473438 0.533333
20 0.339688 0.679375 0.3775 0.793542 0.379375 0.824167 0.372656 0.844583 0.362656 0.856667 0.347812 0.8675 0.329688 0.870625 0.32 0.864375 0.312344 0.854167 0.295625 0.794167 0.30375 0.782708 0.305781 0.77375 0.28125 0.709375 0.278438 0.673542 0.322031 0.699167 0.332031 0.693958 0.336406 0.685
22 0.514531 0.575417 0.530469 0.55375 0.543438 0.54625 0.567969 0.546667 0.572813 0.553333 0.601406 0.660625 0.595 0.674375 0.581094 0.687708 0.569063 0.693542 0.5575 0.694167 0.550312 0.689375 0.546406 0.6825 0.514531 0.576042
15 0.577969 0.690625 0.589531 0.782083 0.581875 0.791458 0.565625 0.801042 0.552031 0.8025 0.537188 0.8 0.527969 0.794583 0.526094 0.758958 0.539531 0.753958 0.557031 0.740208 0.5475 0.686042 0.557969 0.695625 0.577813 0.691042
15 0.455781 0.733125 0.439219 0.649792 0.438594 0.628542 0.454531 0.619375 0.476875 0.614792 0.497656 0.751667 0.511719 0.759167 0.520469 0.758958 0.525312 0.772083 0.525 0.785208 0.5175 0.795417 0.505625 0.803958 0.486875 0.809167 0.474062 0.809167 0.467344 0.800625 0.454219 0.74125
13 0.46625 0.49125 0.467812 0.521458 0.4725 0.53375 0.474062 0.594375 0.469531 0.611667 0.437969 0.618333 0.434688 0.614375 0.424062 0.612292 0.401562 0.615 0.397656 0.601458 0.402344 0.567083 0.398594 0.54875 0.390469 0.531458 0.392813 0.496667
23 0.673906 0.720208 0.671563 0.767708 0.666094 0.787292 0.658281 0.794167 0.624531 0.789167 0.602812 0.778958 0.596719 0.772917 0.598906 0.738958 0.604531 0.76125 0.611406 0.762083 0.636562 0.747917 0.638437 0.735417 0.632188 0.714375 0.651719 0.710417 0.661719 0.719375 0.67375 0.719583
14 0.51875 0.485625 0.563906 0.485 0.597187 0.475208 0.598594 0.469583 0.600625 0.469583 0.608281 0.528958 0.599219 0.536458 0.579531 0.52625 0.575469 0.544167 0.571094 0.54375 0.568125 0.534583 0.560625 0.535208 0.543906 0.546458 0.525781 0.546458 0.522344 0.518542 0.518437 0.513542 0.520937 0.508958 0.51875 0.485625 0.391562 0.4875 0.388125 0.532083 0.375937 0.519792 0.356719 0.512708 0.349531 0.495 0.344687 0.492083 0.318125 0.49125 0.318438 0.484167 0.390156 0.486875 0.391562 0.4875
3 0.393125 0.490833 0.397187 0.465625 0.427344 0.482708 0.44625 0.482708 0.481875 0.474792 0.516094 0.480208 0.52 0.505833 0.517813 0.516042 0.487187 0.516875 0.4725 0.5275 0.468594 0.519583 0.46625 0.490417 0.394219 0.495208
