0 0.668125 0.378125 0.690833 0.394583 0.702292 0.418958 0.70375 0.470625 0.697708 0.484375 0.681042 0.500208 0.650833 0.539792 0.6325 0.552708 0.608333 0.555208 0.601667 0.552708 0.590208 0.538333 0.561042 0.528958 0.537917 0.516458 0.534375 0.505 0.542292 0.479167 0.567708 0.441458 0.582083 0.404375 0.59375 0.387708 0.628333 0.368333 0.651458 0.369167 0.667917 0.378125
1 0.13625 0.72 0.151875 0.72375 0.172917 0.72375 0.19125 0.717292 0.211458 0.7025 0.225208 0.682292 0.247292 0.803542 0.145417 0.83125 0.12875 0.711875
14 0.3375 0.885208 0.27 0.870833 0.224167 0.875417 0.249375 0.817917 0.286875 0.490208 0.282292 0.47875 0.284583 0.475 0.324375 0.485625 0.34125 0.527083 0.358958 0.54 0.372708 0.542292 0.374167 0.549167 0.359583 0.698542 0.348125 0.713125 0.344375 0.734375 0.35125 0.768125 0.34125 0.881458
22 0.612292 0.613958 0.614792 0.603125 0.627917 0.5875 0.650833 0.584583 0.662917 0.588542 0.680208 0.600625 0.684583 0.611458 0.684583 0.625833 0.680625 0.636875 0.664583 0.653958 0.63625 0.668958 0.629167 0.669792 0.617708 0.662292 0.608125 0.634167 0.606875 0.620417 0.612292 0.614167
23 0.415833 0.581875 0.444583 0.593542 0.45625 0.613333 0.461458 0.63 0.462917 0.659792 0.457708 0.672083 0.450208 0.676458 0.433125 0.674792 0.422083 0.668542 0.415 0.658333 0.407292 0.632083 0.399167 0.616667 0.396458 0.599167 0.396458 0.592917 0.402708 0.583333 0.412917 0.582292
20 0.481875 0.519792 0.497708 0.517708 0.506667 0.522292 0.5225 0.546458 0.528542 0.574167 0.516667 0.593125 0.501875 0.602708 0.503333 0.607917 0.500208 0.615208 0.468542 0.624167 0.460833 0.620625 0.448542 0.594375 0.443542 0.590417 0.43875 0.567708 0.44375 0.545208 0.450417 0.532917 0.4625 0.525625 0.476042 0.523958
13 0.377917 0.684375 0.395833 0.681667 0.421875 0.686667 0.437708 0.701042 0.448542 0.71875 0.451042 0.737292 0.445208 0.753958 0.432708 0.771875 0.422917 0.777917 0.398958 0.78375 0.383333 0.782708 0.36375 0.772083 0.353125 0.75875 0.347292 0.742708 0.34875 0.717083 0.355833 0.699375 0.376042 0.685417
18 0.384167 0.485 0.410208 0.488958 0.426875 0.498333 0.435625 0.508125 0.440208 0.523125 0.440625 0.559375 0.434375 0.579792 0.425833 0.583125 0.395208 0.578333 0.388542 0.574583 0.377708 0.560417 0.369583 0.5075 0.370833 0.496875 0.3775 0.487292
15 0.534583 0.56375 0.541875 0.548542 0.557292 0.538542 0.574583 0.53625 0.590208 0.543333 0.597917 0.554583 0.603125 0.570417 0.601458 0.5925 0.59125 0.614167 0.585417 0.618125 0.569792 0.61875 0.554167 0.61625 0.545208 0.609792 0.531667 0.583333 0.534792 0.565625
15 0.565625 0.624167 0.579792 0.624167 0.591667 0.628333 0.603125 0.639375 0.607917 0.650833 0.608958 0.668542 0.604583 0.682083 0.5975 0.690625 0.584167 0.696458 0.555417 0.695 0.54375 0.685417 0.540208 0.670833 0.542917 0.645 0.548125 0.633542 0.560833 0.625417
6 0.525625 0.400208 0.530625 0.4075 0.533958 0.431458 0.52375 0.454583 0.519167 0.46 0.5025 0.464792 0.476667 0.48625 0.462083 0.485208 0.454167 0.476042 0.454375 0.45125 0.449375 0.440208 0.448958 0.439375 0.446042 0.421042 0.449583 0.409375 0.458542 0.394375 0.470208 0.387083 0.479583 0.384792 0.506042 0.386667 0.525625 0.400208 0.527083 0.3875 0.519167 0.381042 0.533542 0.365625 0.536667 0.325833 0.540833 0.321458 0.673333 0.355 0.71375 0.3725 0.697083 0.398542 0.651042 0.36875 0.630833 0.367708 0.61375 0.373542 0.591875 0.388542 0.578542 0.407083 0.527083 0.3875
8 0.452083 0.814583 0.454792 0.7975 0.45 0.790625 0.449375 0.775833 0.455208 0.708333 0.464375 0.666875 0.478542 0.630208 0.483958 0.624167 0.505833 0.615833 0.507292 0.6025 0.534375 0.646042 0.530625 0.681667 0.4925 0.790625 0.4775 0.806042 0.453125 0.816667
10 0.152292 0.433333 0.170625 0.429583 0.187708 0.431042 0.206667 0.44 0.220625 0.4575 0.222083 0.491042 0.215625 0.492083 0.206042 0.502292 0.191667 0.506458 0.168333 0.503125 0.147083 0.491458 0.134792 0.475208 0.134375 0.456875 0.135 0.449167 0.149375 0.434583
2 0.00270833 0.919167 0.134167 0.895 0.145 0.881042 0.165417 0.976042 0.0664583 0.999583 0.0116667 1 0 0.970833
7 0.27125 0.287292 0.29375 0.283333 0.307292 0.286875 0.321667 0.303958 0.326458 0.3175 0.3225 0.335 0.313958 0.344167 0.299583 0.35 0.274375 0.349792 0.256042 0.338542 0.253333 0.305833 0.258958 0.294792 0.269375 0.286875
7 0.236875 0.300625 0.250833 0.310625 0.252292 0.327083 0.244167 0.346042 0.233125 0.354583 0.206458 0.361042 0.190208 0.361042 0.174792 0.35125 0.175625 0.33375 0.183333 0.319375 0.234583 0.299167
4 0.327708 0.480208 0.331667 0.467292 0.365 0.429583 0.381458 0.418542 0.404375 0.412708 0.417292 0.412708 0.435833 0.424375 0.453125 0.455833 0.449583 0.48375 0.433125 0.500417 0.417292 0.490208 0.397292 0.485833 0.381458 0.484583 0.374792 0.487708 0.368125 0.507083 0.371667 0.540833 0.344583 0.529792 0.326875 0.48625
9 0.6575 0.583125 0.647917 0.564375 0.647917 0.54625 0.671667 0.516042 0.685208 0.508125 0.717708 0.500417 0.729583 0.482292 0.741042 0.476042 0.754792 0.474167 0.76875 0.483125 0.774583 0.498125 0.772708 0.511875 0.754375 0.533958 0.741667 0.564583 0.68125 0.601667 0.659792 0.584583
16 0.451458 0.513333 0.506042 0.465625 0.52125 0.458958 0.528958 0.449375 0.542917 0.440625 0.552917 0.457917 0.547708 0.466458 0.486875 0.515208 0.470208 0.522917 0.45 0.513333
