0 0.458125 0.806042 0.455 0.700833 0.444167 0.66625 0.420625 0.515208 0.418125 0.466667 0.442917 0.392083 0.463958 0.355625 0.46625 0.334167 0.455208 0.331875 0.456458 0.298958 0.469583 0.294375 0.510417 0.29125 0.518125 0.323125 0.515833 0.344167 0.5975 0.446667 0.612917 0.535833 0.651458 0.83125 0.648125 0.862083 0.629375 0.876458 0.5975 0.894167 0.590833 0.910625 0.583125 0.890833 0.584375 0.854375 0.57875 0.84125 0.57875 0.811458 0.572083 0.799375 0.453125 0.809167
1 0.415833 0.683542 0.370833 0.679792 0.35625 0.683542 0.344792 0.692917 0.339375 0.706667 0.340208 0.724167 0.34625 0.739583 0.363958 0.744167 0.399792 0.740208 0.437292 0.757917 0.449583 0.809167 0.365417 0.808333 0.359375 0.811458 0.36625 0.889583 0.337917 0.896458 0.307917 0.661458 0.409792 0.650625 0.4175 0.679792
2 0.363958 0.81375 0.57125 0.803125 0.578125 0.832083 0.584375 0.909375 0.585208 0.931667 0.58125 0.947708 0.570625 0.93625 0.396875 0.943125 0.37375 0.949167 0.362292 0.816875
3 0.673958 0.603333 0.694583 0.610208 0.752083 0.646042 0.76125 0.860417 0.758125 0.874167 0.733542 0.856667 0.677708 0.826875 0.650208 0.820625 0.625 0.593542
8 0.098125 0.767083 0.13375 0.737708 0.237708 0.707083 0.296458 0.720625 0.315 0.738333 0.323333 0.795208 0.32 0.806667 0.203333 0.835417 0.190625 0.842917 0.145833 0.840417 0.10625 0.804792 0.0954167 0.770833
9 0.44625 0.684792 0.455833 0.704583 0.455208 0.764583 0.40625 0.738333 0.360833 0.742292 0.34875 0.736458 0.339792 0.718542 0.34375 0.700833 0.3525 0.687292 0.372917 0.682292 0.400417 0.684792
10 0.123125 0.744583 0.0945833 0.768333 0.104583 0.801875 0.0710417 0.802292 0.0602083 0.8075 0.0635417 0.774167 0.0739583 0.75875 0.0964583 0.746875 0.109375 0.743125 0.123125 0.743958
15 0.0597917 0.807292 0.0733333 0.804167 0.102083 0.804167 0.123125 0.822708 0.130625 0.840625 0.112292 0.87375 0.0739583 0.971875 0.0752083 0.989792 0.0789583 0.995625 0.0727083 0.999375 0 1 0.00125 0.91125 0.0591667 0.807917
18 0.000625 0.795833 0.0247917 0.793958 0.038125 0.799167 0.0285417 0.858333 0 0.91 0 0.793958
22 0.13 0.845 0.184375 0.844375 0.19375 0.848125 0.205417 0.866042 0.212917 0.884583 0.1925 0.980208 0.181667 0.99875 0.0822917 1 0.0764583 0.986667 0.0789583 0.965 0.105208 0.899792 0.113542 0.869792 0.128125 0.844375
16 0.00104167 0.794583 0 0.72375 0.0177083 0.717917 0.0985417 0.712708 0.0997917 0.728958 0.050625 0.791042
7 0.0385417 0.704583 0.0564583 0.692083 0.0572917 0.682917 0.073125 0.66875 0.075 0.671042 0.0702083 0.685417 0.100833 0.691042 0.116458 0.71125 0.110833 0.724583 0.101667 0.730833 0.0985417 0.711667 0.0358333 0.715
23 0.219167 0.834375 0.320208 0.808333 0.324583 0.80125 0.332292 0.87375 0.287083 0.919375 0.235208 0.933125 0.220625 0.929167 0.2125 0.908333 0.216667 0.8375
