1 0 0.696458 0 0.3825 0.00625 0.383333 0.0554167 0.685208 0.0329167 0.704583 0 0.710208
16 0.03375 0.551875 0.00625 0.383333 0 0.384167 0 0.37125 0.02875 0.341667 0.0464583 0.338333 0.103542 0.499792 0.0360417 0.54875
23 0.210208 0.545625 0.05125 0.356875 0.0441667 0.333542 0.0497917 0.292708 0.0225 0.246875 0.0672917 0.217917 0.0979167 0.264583 0.147708 0.26625 0.304167 0.467708 0.299375 0.48125 0.259167 0.513333 0.213542 0.542292
14 0.0152083 0.359375 0 0.356875 0 0.22125 0.0979167 0.200417 0.09625 0.231667 0.0889583 0.248542 0.0658333 0.217917 0.0225 0.246875 0.0504167 0.292708 0.0464583 0.339167 0.025625 0.3425 0.016875 0.354375
10 0.184583 0.312708 0.148542 0.26625 0.0970833 0.26375 0.0889583 0.246042 0.0970833 0.226042 0.119583 0.209167 0.122708 0.203542 0.158125 0.211458 0.181458 0.226875 0.198958 0.259792 0.203125 0.284583 0.195 0.309583 0.188542 0.319167
7 0.226667 0.170208 0.187292 0.15 0.1825 0.142292 0.180417 0.11625 0.195833 0.0989583 0.202708 0.0835417 0.289375 0.107708 0.29125 0.125 0.286458 0.15 0.247917 0.166458 0.235417 0.175
7 0.328958 0.23 0.292292 0.205 0.285417 0.181875 0.286458 0.159583 0.297083 0.144167 0.317292 0.129792 0.334583 0.125 0.354792 0.126875 0.378958 0.134583 0.389583 0.151875 0.394375 0.17125 0.393333 0.190417 0.385625 0.207917 0.374167 0.220417 0.3625 0.228125 0.342292 0.231875
0 0.511667 0.785833 0.4925 0.758958 0.472083 0.713542 0.47125 0.67125 0.481875 0.634583 0.503958 0.595208 0.53375 0.57 0.564583 0.555625 0.590625 0.551875 0.633125 0.555625 0.687917 0.59125 0.717917 0.62875 0.7275 0.674167 0.720833 0.715625 0.708125 0.754167 0.682292 0.783958 0.658125 0.799375 0.615833 0.811875 0.575208 0.814792 0.519375 0.791667
3 0.742917 0.675 0.685 0.577708 0.60125 0.463125 0.633125 0.442917 0.633958 0.409167 0.650417 0.415 0.669583 0.435208 0.741042 0.52875 0.760208 0.546042 0.829583 0.640417 0.826667 0.655833 0.818125 0.65875 0.810417 0.65 0.787292 0.652917 0.754375 0.667292 0.74875 0.675
9 0.599375 0.81375 0.614792 0.81375 0.669583 0.795625 0.676458 0.78875 0.686042 0.795625 0.703333 0.812917 0.713958 0.830208 0.712083 0.842708 0.725625 0.854375 0.73625 0.869792 0.741042 0.887917 0.73125 0.917917 0.717917 0.928542 0.7025 0.931458 0.680208 0.929375 0.661042 0.919792 0.644583 0.920833 0.6225 0.916875 0.608125 0.903333 0.594583 0.884167 0.587708 0.86 0.58875 0.827292 0.594583 0.814792
20 0.36875 0.722708 0.345625 0.730833 0.324792 0.730833 0.302708 0.723958 0.279583 0.704167 0.268125 0.683333 0.266875 0.645208 0.27625 0.6175 0.302708 0.596667 0.327083 0.58625 0.360625 0.58625 0.41375 0.631458 0.417292 0.669583 0.4 0.701875 0.375625 0.715833
15 0.314375 0.948125 0.294792 0.936667 0.277292 0.916875 0.271667 0.87875 0.280833 0.844167 0.343333 0.797917 0.35375 0.794375 0.362917 0.797917 0.374375 0.811667 0.401042 0.826667 0.403333 0.853333 0.401042 0.876458 0.394167 0.885625 0.388333 0.905417 0.374375 0.927292 0.357083 0.94 0.323542 0.948125
15 0.404583 0.826667 0.386042 0.81875 0.359375 0.796667 0.354792 0.7725 0.356042 0.74125 0.376875 0.714583 0.392917 0.705417 0.412708 0.701875 0.435833 0.703125 0.453125 0.715833 0.469375 0.737708 0.473958 0.759792 0.469375 0.789792 0.455417 0.808333 0.436875 0.821042 0.411458 0.827917
22 0.450833 0.945833 0.439167 0.933125 0.431042 0.91 0.434583 0.877708 0.46125 0.829167 0.485417 0.821042 0.505208 0.822083 0.524792 0.83375 0.532917 0.845208 0.546667 0.889167 0.543333 0.914583 0.531667 0.934375 0.5075 0.955 0.465833 0.95625 0.453125 0.949375
