7 0 0.864167 0 0.783333 0.0247917 0.777708 0.0466667 0.779583 0.065625 0.790625 0.076875 0.818542 0.0758333 0.837083 0.0652083 0.854375 0.053125 0.867292 0.0308333 0.876667 0.0122917 0.876667 0 0.870625
1 0.0504167 0.607708 0.155833 0.623542 0.1725 0.657292 0.08375 0.905417 0 0.894375 0 0.871042 0.015 0.876667 0.03 0.87625 0.045625 0.871458 0.0564583 0.864167 0.0716667 0.844583 0.07875 0.824583 0.0652083 0.792083 0.0522917 0.781875 0.0322917 0.778542 0 0.782708 0 0.737708 0.048125 0.610417
16 0 0.925833 0.0195833 0.915 0.034375 0.912917 0.0491667 0.945208 0.025625 0.967292 0.053125 0.987292 0.0691667 0.99 0.0745833 1 0 1 0 0.927708
14 0.0270833 0.967917 0.0825 0.911042 0.195 0.740417 0.208958 0.754375 0.235833 0.769792 0.256458 0.770417 0.287292 0.759792 0.31 0.735 0.318125 0.705625 0.318125 0.684167 0.307917 0.642083 0.296667 0.63 0.275833 0.618542 0.319375 0.563125 0.32 0.540417 0.366875 0.570417 0.361458 0.585208 0.362917 0.620625 0.369583 0.632083 0.388958 0.649375 0.386875 0.666042 0.372917 0.668125 0.3575 0.69625 0.362292 0.712917 0.317292 0.794583 0.297292 0.795208 0.278542 0.80125 0.259792 0.812708 0.240417 0.831458 0.233125 0.858125 0.231042 0.890208 0.235833 0.909583 0.174792 1 0.07375 1 0.0685417 0.988542 0.0510417 0.987292 0.025625 0.967292
13 0.231667 0.901042 0.230417 0.87625 0.240417 0.834167 0.248542 0.821458 0.261875 0.809375 0.278542 0.800625 0.293958 0.795208 0.316042 0.793958 0.349583 0.80875 0.368125 0.831458 0.378958 0.862917 0.3775 0.891042 0.370208 0.908333 0.334167 0.9625 0.334792 0.975208 0.293333 0.978542 0.275208 0.973333 0.2625 0.960417 0.235833 0.909583
12 0.193958 0.739792 0.188125 0.728333 0.185208 0.70625 0.187292 0.679167 0.197708 0.660833 0.210417 0.649375 0.217083 0.632917 0.239167 0.618542 0.267083 0.616667 0.29125 0.624375 0.309583 0.6475 0.320208 0.682083 0.320208 0.707083 0.310625 0.735 0.293125 0.755208 0.259375 0.770625 0.239167 0.770625 0.214167 0.758125 0.196875 0.742708
23 0.40125 0.855 0.37625 0.82125 0.356875 0.697917 0.372292 0.668958 0.403125 0.663125 0.421458 0.67 0.432083 0.693125 0.435 0.773958 0.433125 0.809583 0.407083 0.855833
4 0.378125 0.5575 0.37875 0.607292 0.386875 0.636875 0.387708 0.645 0.3675 0.628958 0.361875 0.6 0.362708 0.578333 0.378125 0.5575 0.404583 0.522917 0.411042 0.51 0.42375 0.50125 0.44625 0.496458 0.46875 0.498125 0.492917 0.511667 0.512083 0.538125 0.515208 0.571042 0.498542 0.596875 0.463125 0.630625 0.460625 0.632083 0.462292 0.5775 0.459167 0.556667 0.434167 0.533333 0.415833 0.522917 0.404583 0.522917
18 0.435625 0.735 0.432083 0.692292 0.420625 0.669375 0.403542 0.662083 0.385833 0.666042 0.38875 0.644583 0.378333 0.603125 0.377083 0.546875 0.385 0.527917 0.399375 0.523958 0.421667 0.525625 0.435208 0.534583 0.460208 0.562917 0.459167 0.651667 0.443958 0.673958 0.438542 0.729792
20 0.454583 0.784375 0.440208 0.757083 0.438542 0.729792 0.444583 0.671667 0.46125 0.651042 0.475208 0.641042 0.483542 0.623125 0.495417 0.612708 0.511458 0.609792 0.527708 0.614375 0.535 0.625417 0.53875 0.647083 0.555625 0.672917 0.557708 0.695208 0.557708 0.704583 0.544375 0.7475 0.534375 0.765833 0.531667 0.784792 0.517708 0.787708 0.50875 0.760833 0.513125 0.749167 0.505833 0.736458 0.502083 0.756458 0.464583 0.769375 0.4575 0.779375
8 0.30125 1 0.334792 0.978958 0.33375 0.964375 0.459583 0.776458 0.46625 0.768125 0.501458 0.755833 0.505833 0.736458 0.51375 0.7475 0.507083 0.760417 0.521458 0.805417 0.516458 0.823333 0.493125 0.880833 0.462917 0.930417 0.437917 0.960417 0.409583 1 0.3025 1
9 0.740833 0.873542 0.737708 0.844583 0.716875 0.819792 0.718333 0.802083 0.740833 0.771667 0.765 0.743542 0.830833 0.696875 0.83875 0.676875 0.858958 0.668125 0.891042 0.677708 0.904583 0.704167 0.901458 0.723333 0.878958 0.746667 0.853333 0.822292 0.842917 0.838333 0.812292 0.863958 0.797917 0.881667 0.767292 0.885625 0.744792 0.880833
22 0.615625 0.894375 0.637292 0.844583 0.640417 0.82625 0.664583 0.807708 0.684583 0.807708 0.71125 0.818125 0.737708 0.849583 0.74 0.873542 0.734375 0.886458 0.687917 0.942708 0.675833 0.945833 0.653333 0.945 0.633333 0.937708 0.614792 0.899167
15 0.4975 0.921042 0.516875 0.822292 0.528958 0.807708 0.545833 0.799792 0.566667 0.797292 0.586667 0.80375 0.599583 0.813333 0.6125 0.830208 0.615625 0.853542 0.6125 0.873542 0.602708 0.890417 0.5875 0.934583 0.57625 0.949792 0.559375 0.957917 0.538542 0.961875 0.52 0.952292 0.496875 0.925
15 0.528958 0.807708 0.536875 0.76125 0.558542 0.708958 0.580208 0.692917 0.601875 0.692917 0.626875 0.7025 0.64375 0.726667 0.646875 0.752292 0.633333 0.79 0.610833 0.82625 0.60125 0.814167 0.586667 0.80375 0.569792 0.798125 0.536042 0.80375
0 0.637083 0.776458 0.645625 0.7475 0.64375 0.729167 0.637917 0.714792 0.6275 0.702083 0.596667 0.691667 0.644792 0.538333 0.660208 0.513333 0.681458 0.492083 0.709375 0.474792 0.743958 0.471875 0.743958 0.460417 0.763333 0.435208 0.785417 0.4325 0.805625 0.434375 0.823958 0.44875 0.830625 0.468958 0.8125 0.505625 0.834583 0.533542 0.84125 0.560625 0.839375 0.607708 0.728542 0.786042 0.705417 0.790833 0.637917 0.784167
3 0.716042 0.472917 0.697708 0.479583 0.667917 0.505625 0.663125 0.511458 0.669792 0.449792 0.716042 0.472917 0.840417 0.55375 0.876042 0.581667 0.851875 0.602917 0.833542 0.63375 0.810417 0.683958 0.799792 0.678125 0.794167 0.67625 0.84125 0.604792 0.840417 0.55375
6 0.519792 0.610417 0.518958 0.545417 0.5375 0.523125 0.556667 0.515208 0.585833 0.51375 0.603125 0.519792 0.620208 0.531875 0.626667 0.55 0.629167 0.572292 0.620208 0.599375 0.537083 0.6225 0.5325 0.621667 0.526458 0.614167
16 0.53375 0.622292 0.627708 0.598958 0.600625 0.678542 0.556042 0.69 0.555208 0.6725 0.538542 0.647292 0.534792 0.625417
