15 0.58 0.445833 0.587344 0.435208 0.613125 0.432292 0.636094 0.441667 0.631719 0.549167 0.596875 0.5525 0.581094 0.572917 0.580313 0.44625
10 0.423281 0.611042 0.438438 0.61 0.454219 0.619167 0.46375 0.6325 0.471875 0.652083 0.470625 0.681875 0.453437 0.677292 0.427344 0.702292 0.416875 0.695417 0.403594 0.669792 0.400312 0.648958 0.404063 0.63125 0.419375 0.612083
8 0.621719 0.434375 0.621719 0.4325 0.65 0.433958 0.660625 0.417083 0.666719 0.450417 0.667656 0.532292 0.632969 0.548125 0.637344 0.443333 0.635781 0.439583 0.621719 0.434375 0.584844 0.436042 0.579844 0.443333 0.579844 0.519792 0.575 0.525625 0.573125 0.439167 0.5675 0.437083 0.584844 0.436042
3 0.389531 0.834375 0.390937 0.775208 0.401406 0.748958 0.399062 0.729167 0.387188 0.710625 0.403438 0.697292 0.412031 0.697917 0.424844 0.704375 0.421563 0.712083 0.422969 0.73375 0.433125 0.745833 0.452187 0.754167 0.465156 0.752917 0.484219 0.744583 0.492812 0.729167 0.51625 0.744583 0.521563 0.736875 0.546875 0.750833 0.542656 0.775833 0.519688 0.792292 0.481875 0.807708 0.484219 0.812708 0.453594 0.85625 0.443594 0.859375 0.39 0.837083
2 0.494844 0.725833 0.489531 0.700417 0.483125 0.693333 0.537188 0.656875 0.583437 0.683958 0.593906 0.694583 0.598906 0.707083 0.585469 0.700417 0.52625 0.737917 0.520156 0.737083 0.516094 0.743542 0.495 0.728958
7 0.443125 0.74875 0.424844 0.734583 0.423438 0.712708 0.428437 0.701875 0.453594 0.67875 0.465313 0.682917 0.486406 0.69875 0.492188 0.71625 0.492344 0.729375 0.484375 0.743125 0.461875 0.753125 0.451562 0.753333 0.442812 0.74875
1 0.641094 0.548542 0.714219 0.503958 0.76875 0.530625 0.764531 0.59125 0.692812 0.640208 0.695781 0.61625 0.703594 0.600208 0.703594 0.584375 0.691875 0.569167 0.678125 0.559583 0.658281 0.550625 0.642031 0.54875
0 0.440469 0.6075 0.446719 0.54375 0.439531 0.493958 0.43875 0.336042 0.457188 0.269375 0.473906 0.239375 0.478437 0.2175 0.477187 0.189167 0.48875 0.183125 0.504844 0.183125 0.512813 0.187708 0.511719 0.220625 0.514062 0.245833 0.53875 0.290208 0.5525 0.345417 0.550781 0.488542 0.543906 0.617917 0.547344 0.64625 0.53875 0.653125 0.508281 0.663125 0.497344 0.653125 0.489375 0.653125 0.488125 0.65625 0.472656 0.663125 0.473281 0.646042 0.467344 0.63125 0.45625 0.617083 0.44 0.607917
15 0.552656 0.436042 0.567187 0.439375 0.5725 0.44375 0.573594 0.52625 0.547344 0.560208 0.552187 0.436667
18 0.817031 0.332083 0.831875 0.328125 0.864531 0.3325 0.869531 0.336042 0.866563 0.376458 0.840938 0.518542 0.839531 0.54375 0.822031 0.553125 0.802031 0.54875 0.796719 0.54125 0.817031 0.331667
23 0.768125 0.412708 0.772188 0.365833 0.787031 0.352083 0.789375 0.324583 0.798125 0.319583 0.811406 0.319583 0.819063 0.328958 0.815 0.335625 0.810312 0.371875 0.796406 0.522917 0.789687 0.522083 0.792344 0.438333 0.781719 0.418958 0.7725 0.413958
14 0.202656 0.765 0.205469 0.765 0.378906 0.585833 0.380625 0.58125 0.424219 0.605625 0.40125 0.632083 0.397031 0.65 0.400156 0.667708 0.406719 0.684792 0.405156 0.691875 0.385937 0.709167 0.354687 0.693542 0.324219 0.69 0.294375 0.696667 0.258906 0.717917 0.244531 0.733958 0.23625 0.750208 0.235312 0.76125 0.24125 0.780833 0.22375 0.767917 0.202656 0.766042
