0 0.593333 0.581042 0.587083 0.553542 0.585625 0.375208 0.591042 0.35 0.645 0.267292 0.653125 0.235 0.645833 0.231458 0.648542 0.196458 0.655 0.19375 0.699167 0.192917 0.70375 0.196458 0.708333 0.222292 0.702708 0.236875 0.708333 0.258125 0.765208 0.36375 0.767083 0.393958 0.754167 0.663958 0.652292 0.707292 0.633958 0.711875 0.625625 0.755 0.631042 0.796042 0.6 0.747708 0.608125 0.71 0.594375 0.660417 0.636667 0.631042 0.639375 0.607917 0.632083 0.589583 0.621042 0.582292 0.604583 0.580417
3 0.76375 0.506042 0.798125 0.509792 0.790625 0.5375 0.785 0.594792 0.792292 0.710625 0.783125 0.710625 0.775833 0.662708 0.756458 0.657292 0.764792 0.508542 0.76375 0.506042 0.585417 0.510833 0.586458 0.552083 0.591667 0.580208 0.590417 0.583542 0.567917 0.593958 0.567708 0.507292 0.583958 0.51125 0.585417 0.510833
8 0.176042 0.861458 0.158542 0.852292 0.151667 0.839167 0.148542 0.800208 0.154583 0.774792 0.166875 0.748958 0.196042 0.722083 0.251875 0.702917 0.3775 0.690625 0.408125 0.706042 0.435625 0.75875 0.450833 0.771875 0.437917 0.7825 0.411875 0.825417 0.38125 0.842917 0.310833 0.8575 0.293958 0.8575 0.235833 0.832292 0.215208 0.836042 0.192083 0.850625 0.176875 0.865208
10 0.064375 0.799375 0.0720833 0.7925 0.09875 0.7925 0.130208 0.797917 0.14625 0.815417 0.158542 0.859167 0.159167 0.88125 0.158542 0.886667 0.14625 0.902708 0.0627083 0.8775 0.105625 0.854583 0.105625 0.820833 0.0652083 0.801667
15 0.169167 0.896667 0.17375 0.878333 0.19375 0.851458 0.212083 0.84 0.234375 0.833125 0.472292 0.916458 0.486875 0.939375 0.489167 0.970833 0.483125 0.999167 0.31 1 0.30625 0.963125 0.288542 0.950208 0.165417 0.907292
16 0 0.904167 0 0.773333 0.105 0.823125 0.104167 0.855208 0 0.904167
16 0.00166667 0.902708 0.0154167 0.90125 0.159167 0.937917 0.141667 0.99 0 0.976875 0 0.901875
18 0.0154167 0.898125 0.0604167 0.878958 0.295417 0.953958 0.305417 0.965417 0.307708 0.998333 0.163125 1 0.145417 0.990833 0.160833 0.937917 0.020625 0.899583
22 0.375833 0.88125 0.387292 0.85 0.396458 0.835417 0.4225 0.819375 0.434167 0.817083 0.593333 0.869792 0.607917 0.885208 0.613125 0.908125 0.610208 0.939375 0.601042 0.968542 0.580208 0.999167 0.549583 1 0.487708 0.976875 0.494583 0.9525 0.478542 0.922708 0.378125 0.880625
23 0.448333 0.779375 0.535 0.788333 0.542083 0.809375 0.537708 0.848333 0.533125 0.849583 0.435625 0.815833 0.420833 0.817083 0.44125 0.782083
1 0.291458 0.690208 0.302917 0.635208 0.365417 0.611667 0.601458 0.71375 0.595625 0.775 0.542708 0.823542 0.544583 0.80625 0.535625 0.785208 0.452083 0.778125 0.453333 0.769792 0.439375 0.759583 0.4125 0.71 0.399792 0.696458 0.371875 0.688958 0.337917 0.690208 0.299792 0.696458
2 0.636458 0.714583 0.760833 0.662917 0.774375 0.661042 0.780625 0.693542 0.788958 0.786042 0.772917 0.786042 0.646667 0.854792 0.6275 0.754792 0.635833 0.713958
9 0.45875 0.646667 0.470833 0.628333 0.519792 0.6 0.576458 0.594583 0.593333 0.585417 0.611667 0.583125 0.6225 0.586875 0.634792 0.6 0.637083 0.624375 0.631667 0.638958 0.584167 0.663542 0.564375 0.668125 0.538333 0.684792 0.455625 0.646667
