0 0.545156 0.72 0.543125 0.60625 0.547031 0.579792 0.564063 0.54375 0.562344 0.531875 0.564219 0.522708 0.577031 0.52125 0.581094 0.526042 0.579844 0.548125 0.593125 0.569583 0.5975 0.581667 0.596406 0.740417 0.59 0.747917 0.574531 0.752917 0.551875 0.748125 0.546563 0.726875
1 0.652187 0.705 0.714687 0.681042 0.736094 0.7025 0.735 0.742917 0.665781 0.764375 0.666875 0.72375 0.658438 0.711458
2 0.563906 0.791875 0.553438 0.783125 0.551875 0.76625 0.590156 0.753958 0.607656 0.773333 0.608437 0.779167 0.600469 0.784167 0.571719 0.792917
3 0.553906 0.785208 0.563438 0.793125 0.572344 0.795417 0.571406 0.811458 0.528281 0.821667 0.511562 0.838542 0.489063 0.814792 0.497969 0.76875 0.508281 0.767708 0.515937 0.783125 0.524687 0.78875 0.540469 0.790625 0.553125 0.786042
7 0.525625 0.787917 0.518125 0.779375 0.519375 0.768958 0.522969 0.763125 0.537031 0.757917 0.54875 0.764583 0.552031 0.778333 0.550938 0.783958 0.541094 0.789375 0.530469 0.789375
8 0.681719 0.691875 0.655625 0.702708 0.655156 0.649375 0.652031 0.640833 0.643906 0.635833 0.632344 0.636042 0.625156 0.640417 0.620937 0.679375 0.621563 0.639167 0.619531 0.633333 0.612969 0.63 0.617969 0.627917 0.674844 0.635833 0.682031 0.630208 0.68375 0.635417 0.681719 0.691458
10 0.524844 0.75875 0.518281 0.751667 0.517656 0.72875 0.524687 0.718958 0.534062 0.717292 0.54375 0.724167 0.550938 0.748125 0.546406 0.761458 0.535313 0.756875 0.529375 0.758958
15 0.625781 0.646875 0.626563 0.641667 0.636562 0.638542 0.646406 0.640417 0.653594 0.6475 0.6525 0.702708 0.623906 0.682292
15 0.619219 0.635417 0.619688 0.681875 0.605625 0.687292 0.600156 0.684167 0.598594 0.634375 0.609687 0.63 0.616875 0.633958
18 0.773281 0.704792 0.778594 0.595417 0.781562 0.591042 0.791563 0.590625 0.809219 0.595417 0.810156 0.618958 0.805625 0.65125 0.796563 0.661458 0.778281 0.718958 0.771719 0.718542 0.772969 0.704792
23 0.755625 0.633125 0.758281 0.607083 0.767813 0.600625 0.769219 0.581875 0.786562 0.58125 0.7875 0.590208 0.780938 0.590208 0.777344 0.595208 0.7725 0.680417 0.76875 0.680833 0.766094 0.641875 0.759219 0.632708
14 0.419531 0.771667 0.517188 0.696042 0.5275 0.715417 0.516563 0.728542 0.517031 0.755 0.506719 0.76625 0.496563 0.768542 0.481563 0.751875 0.459375 0.74875 0.436406 0.761875 0.430781 0.771042 0.431094 0.776042 0.419375 0.772083
