7 0.6475 0.5725 0.65125 0.56625 0.659792 0.561875 0.676458 0.559792 0.691458 0.561875 0.707708 0.586667 0.703542 0.610625 0.692083 0.621667 0.672083 0.621042 0.656458 0.616458 0.642917 0.601042 0.644167 0.58375
7 0.619375 0.57125 0.632708 0.574583 0.636667 0.581875 0.636458 0.593125 0.629375 0.604375 0.594583 0.6225 0.575208 0.618542 0.568958 0.609583 0.571875 0.589583 0.581875 0.579167 0.6075 0.571875
0 1 0.559375 1 0.832083 0.946042 0.835833 0.923958 0.822917 0.909375 0.804583 0.890833 0.76875 0.890833 0.753125 0.90375 0.724583 0.916667 0.66125 0.935 0.604375 0.943333 0.591458 0.958958 0.576875 1 0.558333
1 0.704375 0.650208 0.708125 0.65125 0.713542 0.631875 0.794375 0.63 0.833958 0.8275 0.807292 0.838542 0.729167 0.842292 0.705417 0.655833
2 0.998333 0.852292 0.998333 0.968958 0.970833 1 0.898333 0.9175 0.9975 0.852292
5 0.00270833 0.930417 0 0.777083 0.0522917 0.852292 0.045 0.861458 0.0420833 0.897292 0.0485417 0.932292 0.0320833 0.945208 0.00458333 0.936875
6 0.230417 0.996667 0.268958 0.934167 0.289167 0.92125 0.390208 0.98375 0.390208 1 0.230417 1
9 0.801458 0.655417 0.814167 0.648333 0.833333 0.644583 0.849167 0.650833 0.89 0.753542 0.907292 0.862083 0.918125 0.8825 0.91875 0.897083 0.913542 0.902292 0.897083 0.906667 0.877292 0.906042 0.872083 0.902292 0.868958 0.876042 0.826875 0.794375 0.800833 0.654792
23 0.723542 0.808125 0.705833 0.824583 0.680833 0.835625 0.66875 0.8375 0.654167 0.822083 0.606875 0.678542 0.606875 0.661458 0.620833 0.644167 0.61125 0.617917 0.626042 0.606458 0.64125 0.605208 0.652708 0.633333 0.665625 0.633958 0.67375 0.640417 0.678958 0.65 0.712708 0.746875 0.724167 0.807708
10 0.524375 0.714167 0.53 0.697917 0.538542 0.690417 0.555 0.686458 0.576042 0.689792 0.59375 0.701875 0.598958 0.713125 0.599375 0.74875 0.574375 0.76 0.556458 0.75875 0.534792 0.74625 0.528542 0.739583 0.522917 0.725625
4 0.0739583 0.998542 0.100625 0.960833 0.129375 0.947917 0.233542 0.990833 0.228958 1 0.0735417 1
12 0.100625 0.842292 0.159583 0.933125 0.153333 0.945417 0.141875 0.952708 0.128958 0.946458 0.0983333 0.96125 0.095 0.965625 0.0847917 0.966042 0.06 0.94875 0.05375 0.93875 0.0466667 0.912917 0.044375 0.87125 0.051875 0.85375 0.0754167 0.84125 0.0897917 0.840833
15 0.614583 0.941042 0.632083 0.9075 0.66125 0.892708 0.666667 0.892708 0.765417 0.999375 0.665625 1 0.664583 1 0.614583 0.941042 0.567708 0.998958 0.47 1 0.447083 0.969167 0.44875 0.967083 0.47625 0.935625 0.488542 0.929375 0.50125 0.92875 0.567708 0.998958
22 0.712292 0.935625 0.73625 0.901042 0.766042 0.888333 0.849583 0.988333 0.845208 1 0.76875 0.999375 0.712917 0.93625
13 0.359583 0.928958 0.353125 0.905 0.3525 0.884167 0.364792 0.860208 0.373542 0.852708 0.394792 0.846667 0.420625 0.84625 0.436875 0.852708 0.447708 0.86125 0.458125 0.883125 0.471042 0.939792 0.445208 0.967708 0.434167 0.971875 0.404792 0.998542 0.391042 0.961667 0.359375 0.929583
14 0.2075 0.925417 0.220208 0.922917 0.516875 0.706458 0.523333 0.718958 0.522708 0.727708 0.528333 0.741458 0.553333 0.758333 0.575417 0.782708 0.562292 0.784792 0.510625 0.825833 0.482083 0.838542 0.455833 0.867708 0.455208 0.875417 0.4475 0.859583 0.434375 0.849167 0.418958 0.843333 0.389375 0.845625 0.368125 0.852083 0.349167 0.885417 0.357708 0.930208 0.343333 0.925417 0.318958 0.923542 0.301042 0.9275 0.287917 0.920208 0.267083 0.933958 0.237083 0.982292 0.218333 0.957708 0.203542 0.928542
3 0.930417 0.609583 0.908333 0.700625 0.889167 0.691458 0.905625 0.661042 0.902917 0.64375 0.914792 0.60875 0.930417 0.60875
16 0.52125 0.847083 0.521875 0.829375 0.591458 0.808125 0.655208 0.894792 0.632292 0.904375 0.621667 0.9225 0.606875 0.9325 0.589375 0.9325
18 0.571875 0.998542 0.460208 0.874167 0.458542 0.866042 0.473958 0.847917 0.504792 0.828958 0.511667 0.828333 0.519167 0.835208 0.519167 0.849167 0.589792 0.934167 0.607917 0.936875 0.662083 0.999583 0.571875 1
