0 0.556875 0.681875 0.570208 0.635625 0.599167 0.561458 0.641458 0.503333 0.698333 0.486042 0.75 0.483542 0.809583 0.495417 0.843958 0.521875 0.846458 0.549583 0.86375 0.583958 0.866458 0.636875 0.84 0.703125 0.800208 0.7375 0.795 0.770417 0.744792 0.773125 0.686458 0.790417 0.616458 0.7825 0.584583 0.76125 0.583333 0.725625 0.566042 0.700417 0.551667 0.687083
3 0.689167 0.483542 0.667917 0.46625 0.690417 0.4425 0.710417 0.375 0.833333 0.476875 0.937917 0.6025 0.866458 0.636875 0.867708 0.58125 0.854583 0.5575 0.843958 0.523125 0.805625 0.493958 0.765833 0.483542 0.686458 0.486042
7 0.413958 0.12625 0.439167 0.144792 0.444375 0.16875 0.444375 0.19375 0.436458 0.204375 0.43125 0.218958 0.421875 0.225625 0.398125 0.229583 0.370417 0.228125 0.358542 0.220208 0.34 0.200417 0.336042 0.191042 0.336042 0.162083 0.34 0.152708 0.357083 0.134167 0.379583 0.127708 0.399375 0.127708 0.404792 0.131667
7 0.25125 0.0958333 0.322708 0.111875 0.337292 0.132917 0.336042 0.14875 0.328125 0.156667 0.322708 0.16875 0.313542 0.175208 0.289583 0.175208 0.269792 0.180625 0.25125 0.179167 0.239375 0.17125 0.230208 0.156667 0.230208 0.130208 0.234167 0.121042 0.247292 0.106458
8 0.124375 0.981042 0.267292 0.833958 0.34125 0.775833 0.365 0.736042 0.399375 0.743958 0.403542 0.720208 0.444375 0.756042 0.428542 0.799583 0.398125 0.82875 0.347917 0.89625 0.246042 0.972917 0.195833 0.98875
9 0.687917 0.792917 0.755208 0.774375 0.828125 0.779792 0.865 0.777083 0.875625 0.785 0.8875 0.800833 0.891458 0.815417 0.890208 0.8525 0.881042 0.864375 0.875625 0.864375 0.870417 0.871042 0.828125 0.888125 0.81875 0.900208 0.75125 0.914583 0.707708 0.901458 0.679792 0.865833 0.671875 0.836667 0.677292 0.811458 0.685208 0.796875
10 0.158333 0.243333 0.1775 0.247083 0.1975 0.260833 0.210417 0.274167 0.22125 0.294792 0.22125 0.328542 0.207292 0.35125 0.198958 0.356458 0.161875 0.358958 0.127292 0.342083 0.116667 0.331042 0.110417 0.304792 0.108333 0.274375 0.123333 0.252292 0.147083 0.243958
16 0.4475 0.5825 0.4375 0.566458 0.438958 0.562292 0.607083 0.547292 0.579375 0.601667 0.481042 0.606875 0.448542 0.584583
4 0.319375 0.44 0.324167 0.429375 0.361458 0.405 0.382083 0.386875 0.403333 0.378333 0.425208 0.376875 0.463958 0.388542 0.482708 0.406042 0.492708 0.43 0.494792 0.481458 0.485208 0.503333 0.469375 0.519792 0.40875 0.534792 0.399792 0.541042 0.384792 0.544167 0.38 0.517708 0.364583 0.475625 0.351875 0.45875 0.33375 0.446458 0.322083 0.442708
6 0.504375 0.55375 0.489583 0.535208 0.488542 0.50875 0.504375 0.453333 0.515625 0.434792 0.531042 0.424583 0.560833 0.417292 0.59 0.420417 0.612917 0.432708 0.629792 0.457083 0.636875 0.475625 0.638958 0.503333 0.631458 0.519375 0.620417 0.5325 0.594375 0.548542 0.515625 0.556042
18 0.302917 0.444375 0.325208 0.446458 0.353958 0.463958 0.377917 0.51875 0.388125 0.579375 0.385833 0.587292 0.352917 0.627292 0.350208 0.637292 0.339167 0.633542 0.324792 0.614375 0.277917 0.505417 0.278542 0.470417 0.281667 0.459792 0.301458 0.445833
20 0.356042 0.626875 0.365625 0.609792 0.395417 0.588125 0.416667 0.580625 0.436875 0.580625 0.4475 0.584792 0.477917 0.60875 0.491667 0.639167 0.493333 0.678333 0.48625 0.691667 0.463542 0.705625 0.4475 0.750625 0.423542 0.736458 0.406667 0.717708 0.402292 0.717292 0.399167 0.742292 0.390208 0.740625 0.374792 0.724167 0.348542 0.680625 0.345 0.657708 0.346458 0.631667
14 0 0.706042 0.271458 0.412708 0.277917 0.403125 0.277917 0.390833 0.32125 0.432292 0.3175 0.443958 0.302708 0.445208 0.276667 0.465625 0.275417 0.507708 0.309167 0.584167 0.307917 0.595625 0.298333 0.607708 0.25625 0.611042 0.22625 0.651875 0.2225 0.667708 0.225 0.685 0.219792 0.695208 0.186667 0.730833 0.17 0.726458 0.152917 0.727083 0.117708 0.736667 0.105 0.748125 0.0858333 0.770417 0.071875 0.795417 0.0622917 0.831667 0.0635417 0.852708 0.00375 0.933542 0 0.7075
13 0.0729167 0.791458 0.0977083 0.752708 0.121875 0.736667 0.142083 0.729792 0.175625 0.731458 0.199792 0.739375 0.225625 0.760417 0.239167 0.79 0.239792 0.819167 0.229167 0.8525 0.197708 0.893958 0.180208 0.90125 0.11625 0.900417 0.0975 0.893542 0.0810417 0.881875 0.064375 0.861042 0.063125 0.825417 0.071875 0.793958
23 0.225417 0.659167 0.253542 0.618958 0.26375 0.612917 0.289792 0.609792 0.297292 0.612708 0.300208 0.620208 0.308542 0.626667 0.319167 0.654375 0.342708 0.692292 0.348125 0.707292 0.348125 0.737708 0.345208 0.746458 0.337917 0.758542 0.313125 0.782917 0.301042 0.78625 0.29125 0.782292 0.259375 0.758125 0.246667 0.742083 0.232708 0.705417 0.229167 0.680625 0.223542 0.67125 0.225 0.660208
15 0.416042 0.817917 0.435417 0.81125 0.467708 0.812708 0.4875 0.828125 0.498125 0.845833 0.505208 0.848958 0.508125 0.85625 0.507083 0.887708 0.494792 0.922083 0.477083 0.9425 0.447083 0.949167 0.426042 0.947708 0.405 0.939167 0.394792 0.929583 0.37875 0.904583 0.377292 0.876458 0.385417 0.84375 0.4 0.827083 0.414792 0.819375
15 0.499583 0.810833 0.485 0.805208 0.470833 0.790208 0.458125 0.764792 0.455417 0.73875 0.48 0.696042 0.492083 0.693333 0.503125 0.683542 0.528958 0.6825 0.567083 0.699375 0.57875 0.710208 0.585833 0.742708 0.5825 0.773958 0.567292 0.800208 0.54875 0.812292 0.532708 0.814167 0.524167 0.811042 0.50125 0.81125
22 0.57 0.95 0.552917 0.939167 0.542917 0.912708 0.54375 0.883333 0.555625 0.852708 0.567083 0.842083 0.595417 0.83125 0.613125 0.83125 0.6425 0.841667 0.654375 0.850833 0.661458 0.862083 0.667917 0.89375 0.667292 0.9125 0.654792 0.941042 0.632917 0.953125 0.605 0.961042 0.589583 0.960208 0.57 0.95
