0 0.653333 0.676042 0.651042 0.66875 0.638333 0.657708 0.58875 0.64875 0.585417 0.64375 0.583125 0.627083 0.585417 0.600833 0.58875 0.589583 0.599792 0.581875 0.606042 0.567917 0.603125 0.553333 0.61875 0.525417 0.631667 0.511667 0.662917 0.491042 0.695208 0.485417 0.7275 0.494375 0.751042 0.515417 0.763125 0.541667 0.765417 0.563333 0.757708 0.592917 0.734792 0.634792 0.716875 0.657708 0.685625 0.677708 0.658958 0.680417
1 0.185625 0.832083 0.211042 0.833542 0.244375 0.825417 0.260417 0.814792 0.276458 0.789583 0.292292 0.922083 0.2825 0.935417 0.184167 0.949583 0.175625 0.831042
3 0.738958 0.503542 0.73 0.495417 0.7025 0.486875 0.692083 0.486875 0.661458 0.491458 0.637917 0.506667 0.582083 0.486458 0.594583 0.447292 0.589583 0.44625 0.596875 0.433125 0.695625 0.455833 0.780833 0.481875 0.754375 0.518958
4 0.419167 0.649583 0.408958 0.646042 0.396875 0.634375 0.387917 0.618958 0.38375 0.593958 0.385625 0.582708 0.41875 0.538542 0.444167 0.526458 0.480417 0.529792 0.492917 0.539583 0.5 0.555833 0.50375 0.576667 0.5 0.594375 0.49125 0.606458 0.471667 0.613542 0.447917 0.601458 0.43125 0.598958 0.415833 0.604167 0.409792 0.618542 0.410208 0.632917 0.418125 0.644167
6 0.499167 0.540417 0.503125 0.517917 0.516875 0.503542 0.542083 0.494375 0.560417 0.49625 0.58 0.508542 0.589792 0.53 0.58625 0.558958 0.533958 0.603542 0.515 0.600417 0.509167 0.595 0.501875 0.54625
7 0.242083 0.431875 0.27875 0.416042 0.293125 0.419167 0.303333 0.429583 0.303333 0.435833 0.288958 0.464167 0.28125 0.470208 0.269583 0.474167 0.252083 0.474167 0.238958 0.470625 0.235417 0.459792 0.240208 0.433125
7 0.309792 0.421875 0.316458 0.410625 0.331042 0.399583 0.340417 0.396667 0.358958 0.398333 0.375625 0.417292 0.377917 0.438542 0.372292 0.448542 0.362708 0.455833 0.33875 0.461458 0.321042 0.455208 0.309792 0.43625
8 0.498542 0.941875 0.498542 0.876042 0.529167 0.743958 0.557917 0.731458 0.579792 0.75125 0.585625 0.777708 0.5825 0.802708 0.538542 0.920417 0.525625 0.935208 0.493958 0.951875 0.496667 0.944583
9 0.716667 0.657917 0.742292 0.622917 0.755 0.616667 0.775208 0.61625 0.790208 0.600625 0.8075 0.595 0.824792 0.600625 0.836458 0.614583 0.834792 0.633958 0.820833 0.654167 0.814792 0.678542 0.791875 0.7025 0.775208 0.713125 0.757917 0.714792 0.733958 0.706458 0.721042 0.685208 0.717083 0.659167
10 0.250208 0.6125 0.236667 0.614792 0.215 0.609167 0.202083 0.594792 0.195417 0.579375 0.194375 0.565 0.205417 0.54875 0.225 0.540417 0.24375 0.540208 0.258542 0.546667 0.27125 0.557708 0.27625 0.567292 0.276667 0.596667 0.269375 0.597917 0.26 0.608958
15 0.589583 0.76875 0.603333 0.751667 0.614375 0.746458 0.630417 0.745 0.647292 0.749375 0.66625 0.776667 0.665625 0.80375 0.635625 0.83375 0.618542 0.835208 0.602083 0.832083 0.583333 0.817917 0.585417 0.778542
15 0.640833 0.743333 0.619792 0.742917 0.602083 0.748125 0.577917 0.734583 0.575417 0.705833 0.58375 0.679375 0.5925 0.665625 0.605 0.657917 0.622083 0.655208 0.640833 0.657917 0.650833 0.665625 0.654583 0.677708 0.66 0.682292 0.661458 0.7 0.656042 0.717292 0.64375 0.732917
16 0.596667 0.553542 0.60625 0.567292 0.600625 0.579792 0.590417 0.58875 0.530208 0.634583 0.507708 0.630417 0.505417 0.627083 0.595208 0.552917
18 0.483125 0.700208 0.450833 0.698333 0.435417 0.680625 0.410208 0.633125 0.41 0.617083 0.41625 0.604375 0.429583 0.599167 0.447708 0.60125 0.472292 0.613958 0.480417 0.625208 0.487708 0.63875 0.487917 0.671042 0.482708 0.6975
20 0.575417 0.683958 0.572083 0.699583 0.5625 0.717292 0.565625 0.730417 0.53375 0.733542 0.499583 0.731042 0.489792 0.688333 0.490417 0.670833 0.501875 0.649583 0.512917 0.637083 0.536042 0.633958 0.549583 0.636667 0.571458 0.655833 0.575 0.682083
22 0.699792 0.705417 0.711667 0.705 0.728125 0.710417 0.744375 0.720833 0.750208 0.729375 0.752917 0.74625 0.751042 0.761458 0.742708 0.774583 0.715417 0.78875 0.691667 0.793542 0.682083 0.789583 0.676458 0.778958 0.670208 0.75625 0.669375 0.73625 0.673958 0.723958 0.686042 0.710833 0.699583 0.705417
23 0.51125 0.794583 0.498958 0.80125 0.484583 0.797917 0.438333 0.732083 0.437708 0.716458 0.442083 0.704167 0.448958 0.698542 0.478333 0.701875 0.489583 0.711875 0.507917 0.741458 0.5125 0.791667
13 0.389167 0.859792 0.393333 0.838542 0.405 0.821458 0.422292 0.809792 0.443333 0.805625 0.464375 0.809792 0.481667 0.821458 0.493125 0.838542 0.4975 0.859792 0.493125 0.880833 0.481667 0.897917 0.464375 0.909583 0.443333 0.913958 0.422292 0.909583 0.405 0.897917 0.393333 0.880833
14 0.264792 1 0.294375 0.934375 0.342917 0.601667 0.338542 0.584375 0.385208 0.594375 0.394167 0.632292 0.405417 0.642917 0.422708 0.652292 0.428333 0.671875 0.409375 0.814583 0.393125 0.838542 0.389167 0.866875 0.400833 0.900417 0.388125 1 0.272708 1
