5 0.655469 0.642708 0.679688 0.357917 0.682656 0.343333 0.730312 0.299792 0.725469 0.290208 0.732969 0.246667 0.79125 0.252292 0.790781 0.29375 0.784062 0.303958 0.82375 0.375417 0.785 0.703958 0.770156 0.6925 0.749219 0.688125 0.731406 0.68875 0.71 0.698958 0.704688 0.705208 0.701875 0.715417 0.702813 0.739792 0.688438 0.781667 0.677344 0.800833 0.677344 0.821875 0.657344 0.804375 0.65125 0.786875 0.665 0.673958 0.664219 0.664792 0.659531 0.652917
6 0.447813 0.68125 0.447031 0.661458 0.452187 0.645 0.463438 0.632708 0.480156 0.626458 0.509687 0.624792 0.520781 0.629583 0.532813 0.639167 0.543125 0.659375 0.543281 0.787292 0.533438 0.787292 0.510156 0.802708 0.498594 0.829167 0.494531 0.83375 0.482969 0.834792 0.477187 0.828125 0.48625 0.804583 0.48625 0.791875 0.479531 0.77375 0.480312 0.732292 0.474219 0.708958 0.474219 0.683333 0.455156 0.685417
7 0.542969 0.886875 0.52875 0.889792 0.506719 0.871042 0.498906 0.84375 0.499219 0.828958 0.511719 0.802292 0.52 0.795 0.537969 0.787917 0.552969 0.788333 0.567031 0.7975 0.582031 0.83375 0.582031 0.85875 0.58 0.864375 0.562344 0.880208 0.55125 0.885833
9 0.267813 0.748125 0.279219 0.534583 0.273438 0.511667 0.272344 0.4825 0.279844 0.467917 0.287344 0.462708 0.315469 0.45875 0.336719 0.470208 0.337188 0.525417 0.335 0.530833 0.377344 0.7275 0.375625 0.834583 0.379062 0.84 0.382031 0.854583 0.365937 0.892917 0.350469 0.90125 0.331562 0.906667 0.316562 0.906667 0.302813 0.898958 0.289531 0.763542 0.285625 0.754375 0.275781 0.748958
11 0.347187 0.57625 0.352969 0.54 0.436094 0.543125 0.437188 0.679583 0.419375 0.678333 0.404531 0.687917 0.393594 0.699375 0.379219 0.726875 0.347187 0.578125
12 0.704219 0.736458 0.704844 0.709167 0.717031 0.695833 0.737969 0.691042 0.76125 0.6925 0.775156 0.697917 0.792344 0.712708 0.798594 0.7375 0.795937 0.778542 0.804219 0.804583 0.807656 0.840417 0.7975 0.896458 0.792188 0.90875 0.777031 0.917708 0.759531 0.923125 0.7225 0.921042 0.705 0.909167 0.687031 0.881042 0.678594 0.844375 0.679375 0.804583 0.6925 0.76625 0.7025 0.747083
16 0.390625 0.001875 0.47625 0 0.474375 0.0358333 0.391562 0.0345833 0.388594 0
16 0.474375 0.0210417 0.476719 0.001875 0.497188 0 0.499219 0.0204167 0.474375 0.0216667
20 0.175781 0.753542 0.159688 0.68 0.158594 0.640208 0.176875 0.562917 0.17 0.53 0.17 0.517708 0.183281 0.503958 0.221719 0.500833 0.225156 0.50625 0.226875 0.555208 0.270469 0.634792 0.272187 0.655625 0.264688 0.75125 0.174687 0.755833
22 0.266094 0.000416667 0.38625 0 0.384375 0.041875 0.382344 0.04625 0.368594 0.0520833 0.366563 0.0558333 0.351875 0.0610417 0.302031 0.0604167 0.277188 0.0539583 0.268125 0.0495833 0.264219 0
4 0.545781 0.782917 0.547656 0.655625 0.552344 0.63625 0.563438 0.627083 0.579844 0.620208 0.613906 0.618958 0.634062 0.627083 0.65125 0.639583 0.659844 0.659167 0.662344 0.687292 0.649531 0.788125 0.650469 0.812083 0.64625 0.820833 0.634844 0.831667 0.6225 0.8375 0.609219 0.840417 0.587031 0.839792 0.583437 0.837917 0.583125 0.830833 0.566875 0.795417 0.55 0.785833
