0 0 0.656875 0.0567187 0.617708 0.075625 0.609375 0.0934375 0.610208 0.115781 0.623125 0.120469 0.63 0.10375 0.651458 0.0928125 0.693542 0.115781 0.724167 0.0975 0.760208 0.0992187 0.798333 0.105 0.819167 0.0923438 0.838125 0.0526563 0.8475 0.0378125 0.8375 0.0159375 0.846667 0 0.842917 0.00109375 0.661458
1 0.795 0.833542 0.780625 0.575208 0.785 0.533125 0.885938 0.53375 0.9275 0.772917 0.917969 0.841875 0.795937 0.8375
4 0.18625 0.617292 0.178906 0.60125 0.177031 0.559792 0.185156 0.536042 0.204062 0.517083 0.217188 0.510208 0.237344 0.511458 0.253594 0.519583 0.273281 0.546667 0.274375 0.551458 0.265469 0.574167 0.263594 0.588333 0.267813 0.611875 0.261094 0.6225 0.227344 0.638958 0.2175 0.639792 0.189062 0.62375
6 0.267813 0.604792 0.265156 0.587917 0.27 0.565 0.278125 0.54375 0.285312 0.535625 0.310937 0.525 0.327188 0.524583 0.347187 0.532083 0.360469 0.546875 0.3675 0.580833 0.364687 0.606667 0.349844 0.607917 0.326875 0.618958 0.315625 0.62875 0.297969 0.652708 0.291719 0.65 0.289687 0.634583 0.274375 0.621667 0.267344 0.60625
8 0.618125 0.598125 0.6325 0.581667 0.641563 0.579583 0.672656 0.589792 0.741094 0.633958 0.772188 0.66 0.784062 0.681667 0.789375 0.769792 0.747656 0.742292 0.686562 0.711042 0.68125 0.69 0.672656 0.677917 0.628125 0.648542 0.621406 0.647917 0.62375 0.640208 0.621875 0.608333
9 0.121875 0.833542 0.108906 0.821875 0.102656 0.806042 0.100312 0.771042 0.102188 0.75625 0.119844 0.72625 0.170625 0.72375 0.178281 0.72 0.185938 0.709792 0.197344 0.714792 0.200781 0.728125 0.195938 0.75125 0.18875 0.766458 0.184531 0.78875 0.184062 0.814375 0.174844 0.828333 0.166719 0.832917 0.155781 0.837292 0.129531 0.837292
11 0.127031 0.623333 0.126406 0.521875 0.189219 0.519167 0.188906 0.530833 0.178906 0.550625 0.175469 0.569792 0.176563 0.594583 0.181875 0.613542 0.197188 0.63125 0.190156 0.632292 0.172187 0.618542 0.15625 0.615417 0.134688 0.617083
15 0.524531 0.7575 0.534531 0.743542 0.535937 0.733958 0.558437 0.710208 0.560469 0.686667 0.581406 0.688542 0.596719 0.694375 0.611094 0.710833 0.614531 0.729375 0.613594 0.802083 0.606406 0.830833 0.59625 0.843542 0.585781 0.84875 0.564219 0.85 0.545625 0.842292 0.535469 0.833958 0.526875 0.819375 0.52125 0.786875 0.52125 0.767708
15 0.43125 0.703333 0.442656 0.690417 0.452813 0.687917 0.472813 0.689792 0.480938 0.7225 0.493906 0.729375 0.503906 0.739583 0.516406 0.75875 0.51875 0.771458 0.518281 0.804792 0.5125 0.82375 0.502969 0.838542 0.487187 0.848125 0.459063 0.84875 0.444688 0.820625 0.432188 0.807292 0.425 0.759375 0.428437 0.756875 0.43125 0.745417 0.432188 0.714167
18 0.476719 0.699375 0.479531 0.681667 0.507812 0.654167 0.540312 0.651667 0.557031 0.671875 0.559375 0.681875 0.559375 0.693333 0.555 0.71375 0.524062 0.738958 0.501406 0.737292 0.480938 0.721667 0.477656 0.710208
20 0.217344 0.69875 0.235937 0.688542 0.25875 0.690417 0.284844 0.701458 0.295938 0.720833 0.302187 0.760208 0.302187 0.790625 0.295938 0.82 0.289687 0.835625 0.282187 0.848333 0.2725 0.856667 0.257969 0.863125 0.2325 0.863125 0.221563 0.859375 0.200937 0.842917 0.187812 0.815417 0.186406 0.782292 0.192656 0.756667 0.205625 0.73 0.216719 0.697708
13 0.4 0.616458 0.405156 0.589375 0.420312 0.571875 0.44625 0.56875 0.465781 0.576667 0.48375 0.592708 0.488906 0.608125 0.490469 0.653125 0.486875 0.67125 0.476875 0.6825 0.473281 0.692083 0.447813 0.687292 0.429531 0.698333 0.432656 0.689375 0.431875 0.669792 0.412344 0.630417 0.399531 0.616875
22 0.563281 0.557708 0.610625 0.587083 0.619219 0.60625 0.621094 0.643958 0.617344 0.659792 0.609219 0.674583 0.598125 0.682708 0.578125 0.682708 0.554063 0.670625 0.53125 0.63375 0.527813 0.595417 0.537344 0.57125 0.548906 0.560417 0.554688 0.558958
23 0.658125 0.74625 0.676094 0.743125 0.68125 0.729375 0.686406 0.723333 0.707969 0.723333 0.760938 0.752708 0.760938 0.758542 0.751875 0.797292 0.743437 0.811042 0.720313 0.825417 0.695937 0.825417 0.667344 0.820208 0.641406 0.802708 0.637344 0.79625 0.634531 0.766458 0.649375 0.745833
