4 0.589531 0.831458 0.605625 0.696667 0.629219 0.674375 0.650938 0.669167 0.673438 0.674375 0.704375 0.705833 0.712969 0.736458 0.712344 0.767083 0.692969 0.87125 0.687656 0.884167 0.655 0.899583 0.623437 0.894167 0.621094 0.875 0.605 0.848958 0.585 0.842083 0.587812 0.829792
6 0.498281 0.763958 0.489063 0.725833 0.5 0.692083 0.521875 0.676667 0.554531 0.67375 0.571719 0.681458 0.588438 0.713542 0.592969 0.74875 0.582656 0.838958 0.578125 0.845833 0.566094 0.8475 0.551094 0.86125 0.544219 0.87125 0.543125 0.87875 0.525781 0.873542 0.527031 0.826042 0.522344 0.777708 0.498281 0.76625
7 0.614844 0.939792 0.607031 0.952083 0.593281 0.959792 0.572656 0.959167 0.555937 0.948125 0.545781 0.922917 0.540781 0.901042 0.544844 0.872708 0.565469 0.849375 0.589375 0.846667 0.60375 0.8525 0.619688 0.877083 0.625469 0.914375 0.623125 0.929792 0.615469 0.940417
9 0.314375 0.847917 0.31375 0.813125 0.322656 0.681667 0.318594 0.668958 0.31375 0.629375 0.324063 0.60375 0.351562 0.594375 0.370938 0.601875 0.379844 0.615625 0.382656 0.670625 0.42125 0.791042 0.423906 0.83875 0.419844 0.914167 0.415 0.934375 0.40125 0.95 0.38125 0.961042 0.366875 0.962917 0.350312 0.953542 0.342656 0.945417 0.332969 0.871042 0.328906 0.858125 0.314375 0.854375
11 0.388125 0.667083 0.395 0.601875 0.485938 0.61 0.481875 0.678958 0.481875 0.759792 0.465938 0.760625 0.446719 0.773542 0.433594 0.789167 0.423906 0.812083 0.422656 0.779167 0.385469 0.669792
12 0.724062 0.891458 0.748594 0.842292 0.755156 0.838542 0.762344 0.813542 0.778594 0.797708 0.805937 0.795833 0.825625 0.803333 0.843281 0.821875 0.857187 0.8475 0.856094 0.885625 0.849531 0.902917 0.850469 0.929792 0.846094 0.968542 0.823594 1 0.752344 0.999792 0.734219 0.975625 0.723125 0.951458 0.718438 0.924583 0.718438 0.905417 0.722187 0.891458
5 0.707812 0.708333 0.739375 0.565417 0.911719 0.573125 0.900625 0.616458 0.883437 0.656042 0.830313 0.807292 0.822188 0.800833 0.804531 0.794375 0.774375 0.797708 0.760469 0.814167 0.75375 0.838542 0.745156 0.841042 0.723594 0.889583 0.705 0.88375 0.694531 0.869167 0.715 0.765208 0.714531 0.730625 0.70875 0.715417
16 0.561094 0.000833333 0.555937 0.199792 0.451406 0.196042 0.450313 0.000833333 0.560469 0
16 0.559375 0.154583 0.561719 0 0.590313 0.000833333 0.586406 0.159167 0.559375 0.16
20 0.2125 0.667292 0.207031 0.619583 0.220781 0.602083 0.241406 0.595833 0.260625 0.603958 0.266875 0.655417 0.304063 0.693958 0.313125 0.727917 0.316562 0.756458 0.311719 0.8125 0.312344 0.85375 0.2125 0.86125 0.196563 0.756458
22 0.447344 0.000625 0.452656 0.239792 0.439687 0.269167 0.413906 0.290833 0.3775 0.298542 0.348281 0.294583 0.319062 0.275625 0.305312 0.246875 0.280781 0 0.446406 0.000625
13 0.789062 0.003125 0.763125 0.149375 0.740156 0.16 0.686875 0.15625 0.631094 0.126458 0.602969 0.0797917 0.602969 0.046875 0.609375 0.000208333 0.787344 0.0025
