0 0.59125 0.763542 0.596094 0.739792 0.594688 0.700208 0.601562 0.621042 0.608125 0.601667 0.63 0.576875 0.6325 0.550417 0.636406 0.547292 0.648906 0.549583 0.651406 0.565833 0.649375 0.58 0.650938 0.587708 0.66 0.6 0.664844 0.617083 0.666719 0.641458 0.658125 0.75375 0.654375 0.764375 0.654219 0.795417 0.647031 0.806042 0.62625 0.806458 0.615469 0.811458 0.600156 0.802083 0.599688 0.783125 0.594688 0.772708
1 0.795469 0.731875 0.821406 0.770417 0.8175 0.804375 0.732344 0.828333 0.739062 0.811042 0.737969 0.795625 0.730469 0.781042 0.718438 0.772917 0.716094 0.754792
2 0.595313 0.81875 0.626875 0.808542 0.650625 0.806875 0.664062 0.830625 0.664531 0.846042 0.608437 0.861667 0.597969 0.859583 0.596875 0.852708 0.600156 0.844167 0.597813 0.827917
3 0.607969 0.862292 0.6225 0.875833 0.609687 0.887917 0.564375 0.907292 0.5525 0.923333 0.54875 0.924167 0.524531 0.891875 0.533594 0.845833 0.5275 0.82375 0.543438 0.816667 0.559063 0.803333 0.568125 0.816042 0.559375 0.82375 0.556406 0.832083 0.559844 0.844583 0.565781 0.853333 0.572031 0.86 0.59 0.86125 0.595625 0.85875 0.602344 0.86125
4 0.258281 0.788958 0.257969 0.775625 0.263281 0.759375 0.277188 0.747292 0.294219 0.7475 0.307812 0.754167 0.311719 0.76375 0.314688 0.836458 0.310625 0.846458 0.294219 0.85875 0.290156 0.858333 0.282656 0.846875 0.27375 0.841042 0.262188 0.844375 0.257969 0.788542
5 0.30375 0.750625 0.301406 0.627292 0.351875 0.60875 0.361875 0.613542 0.364531 0.640833 0.366563 0.754167 0.349688 0.757292 0.337188 0.769375 0.3375 0.788958 0.3325 0.8025 0.329375 0.829583 0.315 0.822917 0.312812 0.76375 0.308125 0.752708
6 0.206719 0.815 0.206719 0.792292 0.210312 0.784583 0.218906 0.777083 0.239687 0.775625 0.254375 0.788125 0.260156 0.845 0.25 0.856042 0.246875 0.873333 0.243438 0.869167 0.241406 0.838333 0.238906 0.831458 0.232031 0.825417 0.231406 0.811667 0.22125 0.818125 0.214219 0.818333
7 0.269844 0.893542 0.258594 0.892083 0.24875 0.877292 0.248906 0.866875 0.252656 0.855208 0.268594 0.843333 0.275625 0.842708 0.281875 0.8475 0.289687 0.860417 0.29 0.875 0.283438 0.887083 0.2775 0.891042
7 0.592031 0.855625 0.576719 0.85875 0.565156 0.850833 0.55875 0.839375 0.561094 0.823333 0.574219 0.814583 0.585938 0.814583 0.59625 0.828333 0.59875 0.839583 0.597656 0.848333
8 0.675312 0.66125 0.685937 0.654167 0.752656 0.672917 0.764844 0.669583 0.7625 0.69875 0.754063 0.743333 0.725156 0.751667 0.720938 0.750208 0.727969 0.696875 0.724688 0.683333 0.716094 0.675833 0.7025 0.675417 0.692187 0.683958 0.687344 0.725208 0.68875 0.681667 0.686875 0.673958 0.68125 0.666458
9 0.134844 0.888333 0.135625 0.783542 0.132187 0.75625 0.140781 0.747083 0.152344 0.745208 0.158594 0.747292 0.162187 0.753125 0.164375 0.774583 0.162812 0.783542 0.185469 0.854583 0.19375 0.919792 0.188125 0.938542 0.167031 0.95125 0.160625 0.895625 0.151562 0.883125 0.143125 0.885833
10 0.569375 0.814583 0.561406 0.802083 0.559063 0.789583 0.559844 0.775417 0.566406 0.76375 0.579063 0.759375 0.589063 0.765 0.594688 0.774583 0.599688 0.795417 0.598906 0.806667 0.590625 0.819583 0.585625 0.812917 0.573281 0.813958
11 0.163125 0.761667 0.191562 0.75 0.200312 0.772083 0.203906 0.818958 0.189844 0.832083 0.186094 0.844583 0.182969 0.844583 0.163594 0.783542 0.163594 0.761875
12 0.338281 0.769167 0.350312 0.7575 0.365313 0.756042 0.376406 0.763958 0.377969 0.784583 0.385156 0.808125 0.385781 0.83125 0.379844 0.8525 0.374219 0.85875 0.350625 0.8625 0.340781 0.858542 0.334063 0.851875 0.329688 0.830417 0.333594 0.801875 0.338438 0.788542 0.337969 0.769375
15 0.687031 0.729583 0.693125 0.684167 0.703437 0.67625 0.715781 0.676667 0.723906 0.684167 0.726875 0.698333 0.719531 0.753333 0.714844 0.755 0.707344 0.748958 0.701094 0.73625 0.694844 0.732292
15 0.665312 0.665625 0.666094 0.665625 0.674063 0.665 0.682656 0.669375 0.687812 0.680208 0.685469 0.730417 0.669531 0.734792 0.662969 0.740417 0.659219 0.748958 0.665312 0.665625 0.5 0.5 0.5 0.5
16 0.133906 0.4725 0.198594 0.455208 0.2025 0.47125 0.209687 0.549375 0.176719 0.560417 0.1725 0.487292 0.160938 0.476667 0.136719 0.478958
18 0.884844 0.643125 0.897969 0.64125 0.903906 0.643958 0.917812 0.653542 0.921719 0.66125 0.907969 0.72 0.898281 0.727708 0.884531 0.773958 0.883906 0.7875 0.879687 0.7875 0.862187 0.779375 0.854531 0.770208 0.883906 0.643958
20 0.0701563 0.910625 0.0635938 0.862083 0.070625 0.812083 0.0682813 0.792083 0.0751563 0.784792 0.0904688 0.781667 0.095625 0.784792 0.09875 0.793125 0.0989063 0.809375 0.113437 0.823958 0.119531 0.839375 0.125156 0.890417 0.12375 0.894167 0.0870313 0.9175 0.084375 0.926667 0.0820312 0.918333 0.0704687 0.91125
22 0.135937 0.481458 0.159531 0.479375 0.171563 0.489167 0.178125 0.583958 0.170469 0.597083 0.160938 0.601875 0.145156 0.59625 0.135469 0.48125
23 0.8475 0.683125 0.852812 0.653542 0.858906 0.644792 0.869063 0.6425 0.871562 0.628125 0.879219 0.624583 0.889844 0.629792 0.890469 0.640208 0.882969 0.643333 0.855 0.763333 0.851406 0.760625 0.859688 0.696458 0.856406 0.690625 0.85 0.688333
14 0.430781 0.829167 0.559219 0.724375 0.562031 0.7125 0.593281 0.744792 0.59 0.765 0.579531 0.758542 0.565781 0.763125 0.55875 0.774375 0.558281 0.800833 0.535156 0.818958 0.524219 0.822917 0.513437 0.813958 0.502656 0.809792 0.479531 0.810208 0.466719 0.817917 0.457656 0.830208 0.455156 0.8475 0.441875 0.834375 0.430781 0.829792
13 0.216094 0.497083 0.212812 0.40875 0.217656 0.402917 0.241406 0.393333 0.259844 0.395417 0.266406 0.400208 0.2675 0.517917 0.261094 0.521667 0.234687 0.519792 0.221563 0.513958 0.214375 0.497292
