0 0.367188 0.750208 0.371406 0.729167 0.350781 0.579375 0.349219 0.544167 0.357187 0.51125 0.3775 0.461875 0.377969 0.418333 0.389531 0.41125 0.401094 0.41125 0.407031 0.415 0.410313 0.449583 0.446563 0.5075 0.462812 0.730208 0.4525 0.754792 0.448906 0.77875 0.438125 0.79625 0.427344 0.802083 0.410313 0.803125 0.393437 0.792917 0.374844 0.773333 0.37 0.76
1 0.545937 0.716875 0.672813 0.661458 0.706094 0.712708 0.70375 0.76375 0.568906 0.820417 0.569531 0.7775 0.566875 0.766458 0.557656 0.75 0.558594 0.734167 0.553281 0.721667
2 0.469688 0.865417 0.387188 0.900833 0.375937 0.900625 0.363906 0.878125 0.366406 0.859583 0.36125 0.838958 0.387188 0.82375 0.452031 0.794167 0.468281 0.865208
3 0.364531 0.881875 0.374531 0.901042 0.387813 0.903958 0.394687 0.909583 0.397969 0.919167 0.397187 0.931667 0.393906 0.938958 0.308906 0.97 0.276719 1 0.252344 1 0.239375 0.978958 0.232187 0.953125 0.229063 0.9375 0.234063 0.894792 0.227969 0.865208 0.223594 0.858958 0.259844 0.85375 0.281719 0.844583 0.301875 0.828333 0.309688 0.817292 0.3175 0.815625 0.324063 0.829375 0.3075 0.849375 0.305 0.8575 0.304219 0.871458 0.307812 0.884792 0.321094 0.896875 0.335938 0.901042 0.345156 0.900625 0.35875 0.889167
7 0.308906 0.85125 0.327188 0.832292 0.341562 0.828958 0.350156 0.833125 0.361406 0.849792 0.364531 0.86 0.359219 0.885417 0.34375 0.897292 0.329688 0.897292 0.316094 0.889583 0.307812 0.87875 0.306719 0.865208 0.309375 0.850833
8 0.490937 0.584167 0.514531 0.56875 0.60625 0.584167 0.621875 0.57625 0.617969 0.677708 0.615938 0.683333 0.598594 0.692292 0.579688 0.693958 0.569063 0.681667 0.566406 0.608958 0.562031 0.598125 0.538125 0.588958 0.524687 0.591875 0.515781 0.597917 0.511562 0.604375 0.511719 0.66 0.509062 0.60625 0.505938 0.59375 0.490937 0.584583
10 0.327969 0.826875 0.321094 0.814375 0.317031 0.793542 0.318906 0.767083 0.329219 0.751667 0.343438 0.742917 0.354375 0.74375 0.363281 0.748958 0.374375 0.775417 0.377031 0.803125 0.375 0.817083 0.363125 0.830417 0.352656 0.835625 0.349062 0.830208 0.340625 0.827708 0.33375 0.829792
14 0.084375 0.895833 0.294531 0.727292 0.33875 0.694792 0.34 0.679375 0.369844 0.73 0.366406 0.748125 0.346094 0.74125 0.327656 0.750417 0.317031 0.768542 0.315625 0.794583 0.318594 0.813542 0.308594 0.81625 0.280469 0.842708 0.263437 0.850208 0.217656 0.856875 0.204844 0.848542 0.187969 0.845417 0.163125 0.848958 0.139844 0.859583 0.118125 0.88 0.110156 0.891042 0.0985938 0.921667 0.090625 0.903125
23 0.747031 0.582292 0.751406 0.535625 0.757812 0.530208 0.771406 0.5275 0.774219 0.497292 0.778281 0.491667 0.789531 0.488333 0.803281 0.497917 0.80375 0.510833 0.790781 0.5175 0.787969 0.525625 0.770937 0.683958 0.761406 0.681458 0.764844 0.607917 0.760781 0.592292 0.752188 0.583542
18 0.771094 0.694792 0.791875 0.520417 0.800156 0.514792 0.824375 0.516667 0.836875 0.5225 0.847188 0.533125 0.845156 0.56375 0.840312 0.581875 0.834062 0.626875 0.818125 0.642917 0.800313 0.725208 0.769219 0.708333 0.772031 0.697083
15 0.513437 0.681042 0.512969 0.61 0.515781 0.601667 0.525469 0.594583 0.543125 0.593333 0.554063 0.596875 0.561719 0.60375 0.564844 0.609375 0.568281 0.706667 0.548438 0.714583 0.518437 0.688542
15 0.457969 0.616875 0.458281 0.5975 0.470469 0.587292 0.482188 0.584792 0.493125 0.587708 0.502344 0.593542 0.506719 0.605208 0.51125 0.680208 0.478125 0.69625 0.470469 0.705833 0.46625 0.7175 0.457969 0.618125
