0 0.513125 0.680833 0.518906 0.602708 0.504063 0.470417 0.502344 0.26875 0.512344 0.210208 0.553594 0.122083 0.556094 0.0989583 0.552813 0.0889583 0.551094 0.0625 0.553594 0.0504167 0.566094 0.039375 0.5925 0.0383333 0.603281 0.0447917 0.607344 0.076875 0.605781 0.0889583 0.601562 0.0945833 0.606563 0.123125 0.628906 0.162917 0.657813 0.227917 0.668594 0.292917 0.669375 0.534375 0.664375 0.581667 0.664375 0.624792 0.675156 0.658958 0.667656 0.763542 0.657813 0.769167 0.642969 0.769167 0.623906 0.75375 0.614844 0.765833 0.604063 0.773542 0.576719 0.776875 0.556875 0.759167 0.527187 0.773542 0.516406 0.764583 0.524687 0.730417 0.512344 0.682083
1 0.896719 0.651042 0.991719 0.633542 1 0.636042 1 0.79375 0.88625 0.81375 0.87625 0.807083 0.896094 0.648333
2 0.506406 0.78625 0.668594 0.766875 0.694219 0.796042 0.697813 0.842708 0.546719 0.862083 0.541719 0.859792 0.534375 0.844375 0.511719 0.856875 0.505156 0.856875 0.490937 0.846667 0.485938 0.836458 0.493906 0.819167 0.4975 0.795208 0.504844 0.786875
3 0.4875 0.845417 0.506875 0.859375 0.53375 0.8475 0.54125 0.861875 0.5325 0.881875 0.519688 0.896667 0.47375 0.912292 0.451406 0.910625 0.405156 0.928333 0.394687 0.935208 0.294531 0.9475 0.279219 0.943542 0.263906 0.933542 0.258594 0.934792 0.25625 0.939167 0.244219 0.9225 0.230469 0.88875 0.226562 0.828125 0.226562 0.772708 0.228437 0.761875 0.325156 0.760625 0.371563 0.774583 0.388281 0.775208 0.385469 0.787917 0.387813 0.812917 0.394531 0.824375 0.406406 0.834583 0.412188 0.843542 0.484375 0.847292
7 0.432188 0.73625 0.408906 0.729375 0.410781 0.716667 0.448437 0.722917 0.449531 0.731458 0.470625 0.743958 0.485313 0.762083 0.495469 0.786042 0.495 0.8075 0.491406 0.822708 0.483125 0.837708 0.439844 0.841875 0.415781 0.839583 0.389531 0.814583 0.387813 0.782708 0.3975 0.75875 0.413594 0.742292 0.432969 0.736667
8 0.854844 0.491458 0.855312 0.491458 0.921875 0.488333 0.928125 0.48625 0.938125 0.471667 0.944375 0.471042 0.947188 0.474792 0.950156 0.554583 0.945312 0.64125 0.898906 0.650208 0.900313 0.640625 0.891719 0.625417 0.854375 0.61 0.854844 0.491458 0.76 0.480833 0.761562 0.578542 0.753594 0.5775 0.750469 0.481875 0.752812 0.477292 0.76 0.480833
10 0.422656 0.71625 0.421406 0.71375 0.424219 0.694583 0.4375 0.6725 0.452813 0.658333 0.466719 0.65375 0.482031 0.654583 0.494219 0.6625 0.511094 0.683333 0.518281 0.707917 0.522031 0.734583 0.519062 0.754792 0.503437 0.787292 0.497031 0.7925 0.493438 0.777917 0.482812 0.757083 0.450625 0.731458 0.448281 0.72125 0.422656 0.71625 0.421875 0.734167 0.430625 0.73625 0.421094 0.73875 0.421875 0.734167
15 0.846562 0.611458 0.807031 0.604583 0.800625 0.592292 0.762969 0.579375 0.76 0.472292 0.79 0.4675 0.845 0.467083 0.853906 0.470208 0.852969 0.609583
15 0.7075 0.469375 0.749375 0.470417 0.752188 0.578542 0.695 0.582708 0.687188 0.589792 0.687188 0.614167 0.67 0.629583 0.665937 0.585 0.670937 0.535833 0.670937 0.473125
14 0.234219 0.715417 0.460156 0.652083 0.472656 0.630833 0.510469 0.663958 0.511094 0.682083 0.496875 0.663125 0.480625 0.6525 0.465156 0.653125 0.451094 0.658542 0.435625 0.673542 0.42375 0.692917 0.420312 0.714792 0.411562 0.713958 0.406875 0.729167 0.419531 0.734583 0.419375 0.738542 0.412812 0.740417 0.395313 0.758958 0.389375 0.774167 0.323125 0.75875 0.229375 0.759375 0.230625 0.715417
