0 0.547031 0.759583 0.548125 0.709792 0.545937 0.699792 0.544531 0.610417 0.553594 0.576875 0.567656 0.545833 0.565937 0.525833 0.57375 0.522083 0.585313 0.523542 0.584531 0.547708 0.605781 0.595208 0.61 0.621458 0.61 0.763542 0.612187 0.784167 0.606406 0.800417 0.601875 0.800833 0.596875 0.793542 0.593281 0.793125 0.589687 0.80125 0.583125 0.804167 0.560469 0.806458 0.558437 0.804167 0.559531 0.786458 0.557344 0.776875 0.548438 0.762917
1 0.683281 0.745 0.735 0.730208 0.774375 0.74625 0.773281 0.785833 0.687656 0.81 0.689063 0.783542 0.693594 0.76 0.689844 0.751667
2 0.562344 0.813125 0.59625 0.800625 0.609687 0.800625 0.626563 0.812917 0.627656 0.827083 0.570469 0.841875 0.557969 0.834375 0.562344 0.825208
3 0.558281 0.835625 0.57 0.842708 0.583125 0.839583 0.579844 0.854167 0.533281 0.880208 0.507969 0.882083 0.485938 0.864583 0.488281 0.829792 0.492031 0.814167 0.519688 0.814792 0.520156 0.828958 0.527031 0.836042 0.536719 0.841875 0.551094 0.840208
4 0.20125 0.788333 0.201094 0.775625 0.209375 0.764167 0.217344 0.758542 0.248281 0.756875 0.2575 0.762917 0.262031 0.77875 0.264375 0.848333 0.256406 0.857917 0.238281 0.865 0.235625 0.85375 0.228437 0.847708 0.224375 0.83875 0.203437 0.847708 0.203125 0.793333
5 0.252344 0.758542 0.246875 0.609583 0.266094 0.585833 0.268125 0.5775 0.264062 0.575625 0.265469 0.561042 0.289531 0.559167 0.292344 0.561875 0.292344 0.583125 0.300625 0.589375 0.313594 0.60875 0.317188 0.749167 0.302813 0.752292 0.288594 0.762708 0.289375 0.783125 0.282187 0.800625 0.280156 0.816875 0.28375 0.847292 0.264531 0.84125 0.263281 0.77875 0.257812 0.76125
6 0.150313 0.796042 0.157344 0.78625 0.174063 0.780208 0.18875 0.783333 0.200625 0.79 0.202813 0.8475 0.197188 0.852083 0.192969 0.863958 0.193125 0.87375 0.188281 0.88125 0.183125 0.882708 0.187812 0.84375 0.187188 0.828542 0.177031 0.803125 0.175625 0.788542 0.164844 0.798333 0.155156 0.798333
7 0.238125 0.8725 0.225156 0.887917 0.20875 0.890833 0.198906 0.885625 0.194219 0.872292 0.194219 0.863958 0.199531 0.851875 0.224219 0.839792 0.229375 0.85 0.235469 0.855 0.238125 0.865208
7 0.524687 0.807708 0.534844 0.798958 0.543438 0.798958 0.559219 0.813333 0.560781 0.823958 0.556875 0.833958 0.550938 0.838333 0.534844 0.83875 0.524219 0.833542 0.520469 0.822917 0.521563 0.812292
8 0.676094 0.672083 0.698281 0.6725 0.703906 0.664792 0.70625 0.665625 0.706094 0.733958 0.70375 0.73875 0.689375 0.7425 0.675156 0.740208 0.675312 0.672083
9 0.0753125 0.6975 0.0801562 0.692292 0.0898438 0.689583 0.102969 0.689583 0.106406 0.693542 0.105937 0.721042 0.127969 0.831458 0.133438 0.914583 0.124531 0.930833 0.110156 0.938333 0.103594 0.938333 0.1 0.85 0.0960938 0.84375 0.0925 0.843125 0.0839063 0.843125 0.0695313 0.849792 0.0782812 0.726458 0.0742188 0.717917 0.0742188 0.70875
10 0.523438 0.808125 0.517188 0.796458 0.516719 0.782917 0.520312 0.770208 0.530156 0.760625 0.539531 0.760417 0.549687 0.767083 0.556094 0.776875 0.557813 0.78625 0.5575 0.803958 0.555156 0.808333 0.545781 0.79875 0.5375 0.7975 0.52375 0.807917
11 0.111563 0.745833 0.13625 0.73875 0.143906 0.749792 0.145469 0.800208 0.134844 0.805833 0.127969 0.826667 0.111563 0.746042
12 0.325469 0.751042 0.331562 0.760417 0.33125 0.769375 0.327813 0.775 0.338438 0.792708 0.342656 0.816875 0.337344 0.821875 0.334687 0.83 0.3375 0.848542 0.329688 0.857708 0.320625 0.86125 0.295625 0.860625 0.284531 0.846875 0.281562 0.822083 0.282813 0.801042 0.290156 0.785833 0.289062 0.76375 0.301875 0.753958 0.317656 0.750625
15 0.640781 0.723125 0.64 0.673542 0.647969 0.6675 0.665781 0.6675 0.670781 0.670625 0.674375 0.67875 0.674844 0.740208 0.648594 0.726458
15 0.618125 0.66625 0.634531 0.672708 0.636875 0.722083 0.615156 0.738542 0.610781 0.750208 0.610938 0.66625
16 0.125781 0.404167 0.1525 0.404167 0.159688 0.488542 0.129688 0.493333 0.124844 0.404167 0.126406 0.405
18 0.8375 0.770208 0.82625 0.77125 0.810156 0.763542 0.814531 0.616875 0.820469 0.615208 0.839375 0.615 0.849844 0.620417 0.849531 0.684375 0.842187 0.693333 0.837813 0.770208
20 0.00046875 0.853958 0.00125 0.805 0.010625 0.766667 0.0071875 0.742917 0.0145313 0.735833 0.0245312 0.734375 0.0360938 0.737708 0.0373437 0.764167 0.0576562 0.816458 0.0585938 0.853333 0.0179687 0.87125 0.015 0.873958 0.01625 0.891875 0.005625 0.877917 0.00953125 0.86625 0.0065625 0.858542
22 0.0959375 0.401042 0.123906 0.400417 0.12875 0.49625 0.120625 0.506042 0.100937 0.507708 0.095625 0.401458
23 0.789219 0.667083 0.789062 0.64375 0.800625 0.628125 0.800625 0.611875 0.809375 0.6075 0.818281 0.61125 0.81875 0.615208 0.814063 0.616667 0.81 0.758333 0.805937 0.759583 0.802187 0.754375 0.801406 0.676667 0.794844 0.670417
14 0.46125 0.782083 0.511406 0.75125 0.514687 0.735208 0.517031 0.734583 0.547813 0.763542 0.539062 0.758958 0.529844 0.758958 0.519688 0.769792 0.515469 0.78375 0.516406 0.796667 0.520312 0.805417 0.509844 0.812083 0.492031 0.8125 0.493281 0.801458 0.489687 0.794375 0.473906 0.785417 0.460781 0.78375
13 0.165625 0.34875 0.215937 0.350208 0.222344 0.449167 0.185 0.451875 0.169844 0.44875 0.165 0.438542 0.1625 0.34875
