0 0.330313 0.593333 0.337969 0.5825 0.339844 0.54625 0.349531 0.48625 0.362344 0.455 0.389688 0.426875 0.405 0.424375 0.407344 0.412917 0.418906 0.402708 0.433125 0.402708 0.446094 0.411042 0.448906 0.442917 0.459063 0.463958 0.464844 0.52 0.439375 0.590833 0.435156 0.6125 0.406406 0.670625 0.395937 0.677708 0.389219 0.6675 0.350938 0.6675 0.336094 0.648333 0.330781 0.628542 0.329375 0.597917
1 0.497188 0.689792 0.645937 0.731875 0.642656 0.816042 0.626563 0.833333 0.478437 0.789375 0.47625 0.786042 0.477031 0.745625 0.485156 0.739375 0.49625 0.723333 0.498594 0.709375 0.495469 0.695
2 0.296719 0.647917 0.348438 0.664375 0.352031 0.668958 0.370156 0.672292 0.389688 0.668542 0.396875 0.680833 0.393125 0.703333 0.376563 0.720625 0.368438 0.735625 0.363125 0.755625 0.278281 0.733125 0.271406 0.723125 0.287031 0.684583 0.287656 0.652708
3 0.284531 0.736667 0.284219 0.774375 0.276719 0.777083 0.223438 0.772292 0.196875 0.764167 0.14625 0.779583 0.136094 0.776875 0.139375 0.681875 0.156719 0.583125 0.204844 0.617917 0.213281 0.616875 0.213906 0.607917 0.266562 0.593542 0.268281 0.596667 0.267188 0.627292 0.270625 0.635417 0.277969 0.642708 0.273906 0.647917 0.250625 0.643958 0.239219 0.646458 0.228906 0.664583 0.229375 0.693542 0.232187 0.70375 0.245469 0.7175 0.273438 0.709583 0.275781 0.71125 0.270469 0.723125 0.277188 0.733542
7 0.231875 0.699167 0.23 0.664792 0.241562 0.646667 0.253594 0.645 0.275 0.648542 0.279375 0.652292 0.285781 0.682708 0.274531 0.708125 0.262031 0.714792 0.247344 0.716458 0.241562 0.713125 0.231094 0.699583
8 0.505156 0.537083 0.521875 0.526042 0.513906 0.518542 0.517188 0.511667 0.538281 0.507917 0.549063 0.512083 0.627812 0.629375 0.637031 0.638125 0.575781 0.711875 0.560937 0.705417 0.559219 0.687708 0.547656 0.66125 0.559219 0.631458 0.559531 0.61875 0.550938 0.595625 0.540937 0.587708 0.519062 0.583542 0.508594 0.588333 0.512813 0.578125 0.510313 0.544792
10 0.281094 0.649792 0.277344 0.63625 0.269531 0.627292 0.271094 0.591875 0.278906 0.572083 0.29125 0.560625 0.300312 0.557708 0.316094 0.560625 0.32625 0.575417 0.329531 0.593125 0.3275 0.617292 0.319844 0.637708 0.310312 0.647917 0.304688 0.65 0.29375 0.646458 0.288906 0.651667
15 0.500469 0.687292 0.493594 0.683333 0.484687 0.639792 0.511094 0.591042 0.52125 0.58625 0.544844 0.5925 0.552344 0.600208 0.558437 0.617917 0.557813 0.632708 0.530469 0.680417 0.507812 0.68875
15 0.457344 0.54625 0.46375 0.534583 0.477031 0.5275 0.488125 0.5275 0.500469 0.534583 0.5075 0.54625 0.509062 0.578333 0.496094 0.615208 0.482812 0.637917 0.474531 0.625833 0.444219 0.621667 0.437031 0.606458 0.439687 0.590833
18 0.819844 0.759792 0.841562 0.777292 0.853125 0.802708 0.855937 0.823958 0.851406 0.835625 0.83125 0.84625 0.780156 0.864583 0.738906 0.873125 0.727969 0.868542 0.717656 0.844792 0.714219 0.827083 0.721562 0.814792 0.816406 0.762083
23 0.745156 0.73375 0.78875 0.701667 0.800313 0.7 0.811719 0.705417 0.814688 0.712292 0.837969 0.711458 0.845625 0.735833 0.83625 0.752083 0.831875 0.753958 0.83125 0.765 0.814063 0.760208 0.736563 0.806042 0.731875 0.796875 0.747031 0.78125 0.754219 0.766875 0.754844 0.7525 0.750625 0.744375 0.743281 0.738542
14 0.0209375 0.529167 0.0409375 0.532917 0.314219 0.489583 0.344375 0.472292 0.346719 0.499167 0.337656 0.543125 0.333281 0.586458 0.33 0.586458 0.322813 0.566875 0.305625 0.556042 0.290313 0.557292 0.272031 0.575 0.268281 0.590417 0.263437 0.593542 0.20125 0.607708 0.192188 0.608958 0.155313 0.580833 0.147187 0.622292 0.141406 0.62875 0.13 0.60125 0.100312 0.580208 0.076875 0.57625 0.0510938 0.584583 0.0309375 0.59875 0.0184375 0.617083 0.0184375 0.523958
