0 0.39 0.667083 0.392656 0.658958 0.402344 0.490833 0.41125 0.450417 0.440937 0.403542 0.473281 0.3825 0.480938 0.380625 0.497344 0.338333 0.509844 0.331042 0.515313 0.331042 0.527656 0.334583 0.542188 0.34375 0.549844 0.357708 0.553281 0.37875 0.553281 0.41 0.575937 0.453125 0.582812 0.481667 0.584219 0.549583 0.529062 0.713125 0.515313 0.744375 0.513281 0.747917 0.493906 0.75625 0.488438 0.762708 0.480156 0.766458 0.447813 0.769167 0.432656 0.762708 0.416094 0.741667 0.410625 0.726042 0.395469 0.717708 0.395469 0.68375 0.393437 0.677292
1 0.651094 0.722292 0.863906 0.698333 0.894219 0.821458 0.890781 0.827917 0.8625 0.851875 0.662813 0.872083 0.656562 0.844375 0.641406 0.814167 0.65375 0.803125 0.665469 0.757292 0.657969 0.739792 0.650312 0.729583
2 0.348438 0.786667 0.359375 0.770833 0.37375 0.76625 0.430312 0.763125 0.463281 0.770208 0.484844 0.76625 0.507812 0.751042 0.510625 0.824375 0.498594 0.849375 0.495781 0.888125 0.377188 0.893958 0.350781 0.907917 0.3475 0.876667 0.3575 0.854375 0.36 0.835208 0.345625 0.790625
3 0.370938 0.89875 0.379062 0.960833 0.305625 0.99375 0.270469 0.988333 0.250469 1 0.159219 1 0.159219 0.976875 0.147031 0.859792 0.1425 0.756458 0.147656 0.754167 0.207344 0.78625 0.217188 0.784792 0.236719 0.756458 0.272187 0.727292 0.309531 0.704375 0.308438 0.744167 0.318125 0.759375 0.340625 0.780833 0.341719 0.785417 0.300937 0.787083 0.279062 0.800833 0.273906 0.820625 0.272187 0.840625 0.283125 0.875833 0.289531 0.88875 0.300312 0.889583 0.306719 0.895625 0.315312 0.897917 0.346875 0.879583 0.348594 0.910208 0.372188 0.897917
7 0.357344 0.848542 0.351094 0.867292 0.342813 0.878958 0.316562 0.896458 0.308281 0.896458 0.302656 0.889583 0.291406 0.88625 0.280781 0.869792 0.28125 0.860417 0.273594 0.841042 0.274844 0.822083 0.278438 0.807917 0.287031 0.795208 0.307969 0.7875 0.337969 0.78625 0.345469 0.795208 0.354687 0.824167 0.357344 0.847292
8 0.614219 0.501667 0.6325 0.479375 0.618906 0.478958 0.62375 0.459792 0.662344 0.45125 0.709375 0.477708 0.8075 0.5575 0.813438 0.568125 0.834219 0.579375 0.821875 0.612917 0.799531 0.653125 0.77125 0.6925 0.756875 0.71 0.724531 0.714792 0.722969 0.683958 0.706719 0.676042 0.72625 0.650625 0.733437 0.633542 0.73375 0.612292 0.730625 0.590417 0.723437 0.57875 0.710313 0.565417 0.692344 0.558125 0.671094 0.560208 0.65875 0.566042 0.648906 0.5825 0.644844 0.597917 0.629687 0.623542 0.628437 0.6175 0.644062 0.569792 0.644062 0.550625 0.634062 0.5225 0.622188 0.508542
10 0.31 0.699167 0.316094 0.672708 0.324375 0.656042 0.355313 0.635208 0.359687 0.635833 0.361719 0.641458 0.375781 0.651458 0.386406 0.665833 0.391562 0.677708 0.394219 0.721667 0.389062 0.749792 0.378281 0.764167 0.355938 0.771458 0.351562 0.781875 0.342031 0.78125 0.334844 0.769167 0.32 0.7575 0.310469 0.742917 0.31 0.695625
15 0.612656 0.655833 0.647031 0.598333 0.653906 0.576875 0.661406 0.566458 0.680781 0.559792 0.694063 0.560625 0.71625 0.575417 0.725469 0.592292 0.730938 0.61375 0.730938 0.632292 0.727031 0.645625 0.673906 0.720833 0.649531 0.720417 0.638437 0.702708 0.627188 0.671667 0.61875 0.6625 0.612656 0.655833 0.61 0.656667 0.594688 0.651875 0.557969 0.658542 0.552031 0.654375 0.551562 0.646667 0.585625 0.548542 0.585625 0.505625 0.586406 0.506667 0.610469 0.504583 0.62875 0.516042 0.637969 0.534375 0.641563 0.551875 0.64125 0.577917 0.61 0.656667
18 0.976094 0.779167 1 0.761667 0.998125 0.845208 0.973906 0.791042 0.974687 0.778125
14 0.00375 0.730417 0.306094 0.558958 0.362031 0.517708 0.375156 0.498542 0.396563 0.565208 0.394062 0.612917 0.387813 0.665 0.364844 0.642708 0.360156 0.632083 0.346406 0.633542 0.318281 0.65875 0.307969 0.687917 0.306875 0.701667 0.226406 0.7575 0.193125 0.776042 0.142031 0.751458 0.138594 0.761458 0.141562 0.821875 0.131094 0.833333 0.126562 0.833333 0.109844 0.810417 0.0754688 0.798958 0.0359375 0.7975 0.00546875 0.814167 0.0025 0.820417 0.0003125 0.730417
