7 0.612812 0.82 0.600625 0.832083 0.586094 0.839583 0.565781 0.837292 0.550625 0.820833 0.543125 0.798958 0.541875 0.782708 0.544844 0.763958 0.563438 0.741667 0.579844 0.7375 0.594844 0.740208 0.603125 0.745625 0.612812 0.761458 0.617812 0.782083 0.617812 0.810625 0.612656 0.820417
6 0.492812 0.656458 0.493906 0.613542 0.516406 0.581458 0.541563 0.575208 0.579531 0.590625 0.594375 0.626458 0.582344 0.730625 0.574844 0.738542 0.564844 0.739375 0.544375 0.761667 0.528906 0.758125 0.529844 0.7225 0.52375 0.684167 0.495937 0.665625
5 0.700937 0.613125 0.713594 0.562708 0.877031 0.567083 0.8125 0.710625 0.791875 0.700417 0.77 0.700417 0.750781 0.711458 0.741406 0.737708 0.730156 0.74875 0.726406 0.757083 0.715469 0.759375 0.702187 0.754583 0.687969 0.732292 0.70625 0.6725 0.707812 0.646875 0.700937 0.614583
9 0.332813 0.553333 0.39125 0.554583 0.393594 0.594792 0.427031 0.699375 0.428437 0.725625 0.428437 0.799583 0.422344 0.81875 0.404531 0.836042 0.384063 0.843542 0.362031 0.835417 0.358125 0.828333 0.348594 0.770833 0.341406 0.760625 0.3275 0.7575 0.330313 0.674167 0.335156 0.62 0.334531 0.599792 0.33 0.579583 0.33 0.554583
11 0.400156 0.555833 0.488594 0.559167 0.487812 0.662708 0.47125 0.667292 0.443906 0.688125 0.431562 0.73 0.430781 0.699167 0.403438 0.619792 0.397656 0.593333 0.399375 0.560208
12 0.744375 0.734583 0.751875 0.711875 0.769219 0.702708 0.792188 0.702083 0.811406 0.711875 0.83125 0.737083 0.837031 0.76 0.834375 0.787917 0.829531 0.800208 0.827344 0.829375 0.817344 0.861875 0.803281 0.880625 0.780938 0.896458 0.736875 0.886667 0.719688 0.8625 0.709375 0.829792 0.708281 0.803958 0.712812 0.783542 0.730156 0.7525 0.744375 0.735625
4 0.585156 0.726875 0.597031 0.627917 0.601719 0.607292 0.618594 0.586667 0.636094 0.57875 0.664844 0.580625 0.677344 0.588542 0.699531 0.616458 0.706406 0.648958 0.703594 0.6775 0.679531 0.758333 0.662969 0.775625 0.642813 0.781458 0.623906 0.778958 0.616719 0.77375 0.612344 0.75375 0.600938 0.74125 0.58625 0.735
20 0.225625 0.552708 0.278281 0.553958 0.285 0.565417 0.283906 0.571042 0.323125 0.605 0.329844 0.627292 0.331875 0.652708 0.325625 0.75875 0.244688 0.7625 0.2275 0.739583 0.216562 0.661042 0.231875 0.587708 0.226094 0.580625 0.224219 0.555208
22 0.4625 0.000208333 0.46375 0.221458 0.447656 0.2575 0.415469 0.280417 0.384375 0.286667 0.347656 0.272083 0.320156 0.238333 0.295625 0
16 0.572813 0.00104167 0.565312 0.167083 0.464219 0.164167 0.464219 0.00104167
16 0.592344 0.148125 0.567656 0.146458 0.574531 0 0.597344 0.00104167 0.592344 0.148125 0.931406 0.904583 0.999219 0.889167 1 0.999375 0.930625 0.999375 0.915781 0.975 0.890938 0.955208 0.890938 0.954167 0.931406 0.904583
13 0.807813 0.00208333 0.776094 0.135417 0.755469 0.146042 0.710156 0.146875 0.655625 0.125417 0.630312 0.0947917 0.615938 0.0464583 0.619375 0 0.80375 0.00291667
