0 0.441094 0.630417 0.433437 0.595 0.435781 0.434167 0.438125 0.419375 0.449688 0.388125 0.463125 0.364583 0.463125 0.35625 0.459687 0.353958 0.461094 0.342083 0.479844 0.340625 0.482344 0.34375 0.480312 0.366042 0.496094 0.403125 0.501406 0.422917 0.501875 0.536458 0.498594 0.580417 0.49375 0.585625 0.497656 0.596458 0.498594 0.611667 0.495156 0.628333 0.486094 0.636042 0.443125 0.634583
1 0.575313 0.598125 0.661094 0.592708 0.680312 0.60375 0.679688 0.652917 0.574062 0.6575 0.567656 0.644167 0.574062 0.597708
2 0.439375 0.642708 0.482656 0.638333 0.499219 0.647708 0.500938 0.658333 0.498594 0.663542 0.446094 0.668125 0.447813 0.656875 0.440469 0.65125
3 0.334375 0.621875 0.353125 0.624167 0.380625 0.634375 0.385625 0.648958 0.399531 0.656042 0.439687 0.652083 0.446094 0.6575 0.444375 0.667708 0.4375 0.675208 0.347656 0.684792 0.326406 0.669792 0.332813 0.62375
7 0.424375 0.652708 0.399688 0.655417 0.385469 0.647292 0.383281 0.63875 0.385 0.630417 0.38875 0.623333 0.398438 0.617083 0.395469 0.613333 0.397187 0.609792 0.412031 0.612292 0.413125 0.617292 0.423438 0.625 0.426875 0.645625
8 0.579844 0.527708 0.610313 0.529792 0.623125 0.523958 0.621406 0.577292 0.616719 0.595417 0.577344 0.597292 0.575156 0.579375 0.580781 0.527917
10 0.405 0.591042 0.414844 0.587083 0.430781 0.59625 0.4375 0.6225 0.435313 0.635 0.4275 0.644583 0.423906 0.623958 0.413906 0.616667 0.412031 0.610417 0.394844 0.607292 0.402656 0.591667
15 0.541719 0.565625 0.542188 0.518542 0.548281 0.515417 0.571562 0.516042 0.578125 0.519792 0.573594 0.5825 0.546563 0.568958
15 0.536875 0.566667 0.50375 0.562708 0.5025 0.5175 0.504531 0.515 0.519844 0.513333 0.53875 0.517292 0.538438 0.565833
18 0.748906 0.648333 0.730625 0.641667 0.739375 0.4775 0.779375 0.479375 0.775156 0.549375 0.764844 0.550417 0.760469 0.562292 0.752969 0.626667 0.755 0.646042
23 0.716719 0.5375 0.720625 0.506667 0.726094 0.500417 0.730938 0.5 0.732031 0.47625 0.735313 0.472917 0.745781 0.472917 0.748906 0.4775 0.738594 0.4775 0.730625 0.626875 0.722344 0.625833 0.726094 0.5475 0.724219 0.540208
