0 0.372708 0.577917 0.523542 0.598542 0.571667 0.614792 0.601667 0.62 0.646667 0.617083 0.687292 0.62625 0.717083 0.647708 0.710208 0.774792 0.702708 0.780833 0.697917 0.768542 0.444583 0.767083 0.326042 0.73875 0.274792 0.686667 0.2625 0.666042 0.2425 0.660625 0.204375 0.6575 0.202708 0.633125 0.208958 0.617708 0.214167 0.613125 0.227292 0.613125 0.265417 0.621667 0.3175 0.58875 0.339792 0.581875 0.37125 0.577292
22 0.734583 0.391458 0.7425 0.359583 0.755 0.342708 0.856875 0.364375 0.858542 0.384792 0.84625 0.4225 0.75625 0.413542 0.755833 0.402083 0.735 0.394167
1 0.82 0.318542 0.844792 0.285625 0.8825 0.265417 1 0.38375 1 0.403958 0.954167 0.441667 0.951458 0.432083 0.922292 0.423958 0.925417 0.402917 0.913125 0.4 0.914375 0.376042 0.898958 0.364375 0.87125 0.359167 0.852708 0.359167 0.818125 0.325833
6 0.573958 0.399375 0.686042 0.400417 0.687083 0.496667 0.571667 0.497083 0.572708 0.399375
18 0.757292 0.414792 0.8775 0.43125 0.883333 0.447708 0.872083 0.480625 0.863542 0.482708 0.793333 0.471667 0.79875 0.454167 0.754583 0.431875 0.758333 0.416875
20 0.73875 0.549167 0.848125 0.561042 0.853542 0.568333 0.84875 0.646042 0.830625 0.658333 0.740208 0.648125 0.741875 0.607708 0.714167 0.59875 0.730208 0.590625 0.7375 0.577917 0.741875 0.563125 0.740208 0.550417
9 0.6025 0.612083 0.606875 0.59125 0.712083 0.60125 0.7375 0.609375 0.7375 0.696042 0.726667 0.705208 0.717292 0.705208 0.721875 0.649167 0.68875 0.624583 0.646042 0.615 0.604167 0.617708
15 0.795833 0.475625 0.879375 0.484375 0.88125 0.509167 0.87375 0.546458 0.806458 0.535833 0.8175 0.491458 0.795833 0.480833
15 0.885625 0.448958 0.912708 0.454792 0.9175 0.465833 0.915417 0.494583 0.909167 0.511875 0.894167 0.523333 0.883958 0.520208 0.88125 0.483125 0.871458 0.481667 0.885208 0.448958
16 0.64 0.365833 0.751458 0.403125 0.755208 0.413542 0.749792 0.42875 0.68125 0.397292 0.667083 0.397292 0.644375 0.39125 0.629792 0.379792 0.636667 0.365833
16 0.69 0.406875 0.795417 0.456458 0.787083 0.478125 0.687083 0.431042 0.687708 0.403958
12 0.316667 0.43625 0.325833 0.427708 0.351667 0.421042 0.37125 0.421042 0.390208 0.427708 0.395208 0.439583 0.394167 0.459167 0.401458 0.466458 0.408542 0.482083 0.409583 0.505625 0.405625 0.517917 0.369167 0.529583 0.361667 0.535208 0.327083 0.534167 0.317292 0.530833 0.312292 0.518125 0.309583 0.496458 0.320417 0.461667 0.315833 0.452083 0.315833 0.43875
5 0.194583 0.548333 0.141875 0.264167 0.1425 0.255625 0.16 0.225833 0.175417 0.214167 0.176042 0.2025 0.1675 0.201042 0.165833 0.19625 0.165833 0.17375 0.1775 0.168542 0.199375 0.164792 0.216875 0.166458 0.221042 0.170625 0.22375 0.197708 0.221667 0.21 0.268542 0.238125 0.275833 0.262083 0.312083 0.529375 0.295625 0.560833 0.289167 0.565 0.263125 0.567292 0.251458 0.554375 0.234375 0.549167 0.21625 0.549167 0.19875 0.553958
7 0.7 0.51875 0.714375 0.522083 0.728125 0.531667 0.737708 0.548958 0.73875 0.562708 0.732083 0.584583 0.725833 0.591458 0.711458 0.597708 0.691042 0.598542 0.673125 0.591875 0.664583 0.584167 0.655625 0.56125 0.656875 0.550208 0.665208 0.533125 0.679375 0.519583 0.688958 0.518333
11 0.448958 0.767083 0.697708 0.770208 0.706042 0.839792 0.706875 0.899583 0.441875 0.897917 0.437292 0.839792 0.448958 0.767917
8 0.765 0.343333 0.799792 0.345417 0.837292 0.357708 0.897917 0.365625 0.91125 0.373958 0.91375 0.37875 0.911667 0.399375 0.856875 0.395208 0.859583 0.384792 0.857292 0.36375 0.765 0.343333 0.75 0.346458 0.736042 0.369792 0.730417 0.364375 0.733542 0.35625 0.75 0.346458
23 0.923333 0.425833 0.949792 0.433333 0.952292 0.442292 0.950833 0.452292 0.934167 0.470833 0.9175 0.476458 0.918542 0.464583 0.914792 0.455 0.889583 0.446458 0.886667 0.440625 0.916667 0.445 0.921042 0.425833
