0 0.416563 0.658333 0.419375 0.623542 0.410156 0.549792 0.411562 0.421458 0.431719 0.375417 0.448906 0.346042 0.456562 0.291875 0.479219 0.28625 0.488281 0.294583 0.490313 0.32125 0.488281 0.341458 0.506094 0.373542 0.520156 0.413333 0.517813 0.541667 0.508906 0.625208 0.508906 0.686875 0.50125 0.703333 0.477187 0.711667 0.455781 0.7125 0.441406 0.707917 0.42625 0.666667 0.415937 0.662083
1 0.595313 0.597292 0.690312 0.53125 0.734375 0.570625 0.729844 0.619792 0.65125 0.6725 0.64875 0.656667 0.6375 0.637917 0.601562 0.61625 0.60125 0.600417
2 0.467187 0.805417 0.452344 0.792083 0.447031 0.769583 0.434219 0.75125 0.480625 0.712292 0.500625 0.706458 0.504063 0.700833 0.541875 0.744792 0.549063 0.763958 0.5375 0.758125 0.532656 0.76 0.469531 0.806042
3 0.314219 0.794167 0.340313 0.783542 0.362187 0.745833 0.376563 0.73 0.394531 0.755417 0.384844 0.767292 0.381875 0.784583 0.388125 0.801458 0.400625 0.814167 0.408906 0.82 0.425625 0.822292 0.441406 0.815208 0.452969 0.796458 0.469062 0.807083 0.478125 0.804583 0.491719 0.822292 0.48625 0.838542 0.459687 0.86625 0.424219 0.887083 0.390313 0.954375 0.337031 0.91125 0.336719 0.906042 0.350625 0.86625 0.345938 0.826667 0.339062 0.81375 0.325625 0.800417 0.314063 0.795625
7 0.413125 0.818542 0.389219 0.800208 0.383906 0.783958 0.387656 0.765833 0.400469 0.750625 0.416094 0.74375 0.425938 0.746667 0.440156 0.76 0.446406 0.774167 0.4475 0.785 0.442344 0.807083 0.434219 0.813542 0.414062 0.81875
8 0.520469 0.468125 0.533125 0.456667 0.628594 0.465 0.639531 0.454375 0.642813 0.454792 0.641875 0.551875 0.638437 0.565208 0.619844 0.577083 0.604219 0.571667 0.610938 0.497708 0.604531 0.483542 0.592969 0.476042 0.576406 0.474792 0.559063 0.479583 0.554063 0.488958 0.550156 0.564167 0.550781 0.486667 0.541875 0.4775 0.520937 0.470417
10 0.395937 0.751042 0.380938 0.733333 0.374219 0.716875 0.372031 0.6925 0.379062 0.671042 0.388437 0.661458 0.402656 0.658125 0.412969 0.66125 0.424375 0.669792 0.428594 0.676667 0.437812 0.704583 0.437188 0.725 0.426406 0.742917 0.422969 0.745 0.412656 0.742083 0.398281 0.749792
15 0.550938 0.570625 0.555781 0.486458 0.562031 0.480208 0.576562 0.47625 0.590938 0.476458 0.60125 0.482708 0.608594 0.495625 0.609375 0.505833 0.600156 0.593333 0.595 0.595833 0.563125 0.573958 0.552656 0.5725
15 0.536875 0.47875 0.548594 0.492292 0.548906 0.57375 0.518125 0.592708 0.513125 0.6 0.519688 0.540417 0.520625 0.475833
18 0.804844 0.379792 0.814219 0.373542 0.834844 0.375 0.855781 0.383333 0.859375 0.38875 0.835156 0.479375 0.820156 0.509583 0.808594 0.55125 0.80625 0.568125 0.784219 0.562292 0.772344 0.555208 0.772656 0.542292 0.804844 0.380208
23 0.754375 0.3975 0.77625 0.38875 0.780938 0.359375 0.784687 0.351042 0.799531 0.35375 0.805156 0.363333 0.772031 0.530833 0.764687 0.533958 0.775 0.475 0.774062 0.46 0.767656 0.449792 0.750469 0.450208 0.749375 0.448125 0.755 0.3975
14 0.145469 0.869375 0.274062 0.721667 0.342969 0.638125 0.361406 0.596875 0.364219 0.596875 0.414219 0.649583 0.41375 0.658542 0.397344 0.658542 0.384375 0.663333 0.374063 0.675833 0.369688 0.693542 0.369375 0.71125 0.373594 0.730833 0.359063 0.746667 0.341406 0.77875 0.310469 0.794375 0.287969 0.78875 0.267813 0.791458 0.246875 0.801042 0.221563 0.821875 0.205781 0.854583 0.202656 0.867292 0.203437 0.887917 0.197031 0.887708 0.180938 0.876875 0.171719 0.875 0.143906 0.875417
