15 0 0.923333 0.0370833 0.95125 0.05 0.969792 0.050625 0.989167 0.0472917 1 0 1 0 0.926875
15 0.1175 0.9575 0.119167 0.924583 0.114167 0.910625 0.055 0.859375 0.0633333 0.839167 0.0766667 0.823542 0.102917 0.808542 0.120208 0.803542 0.136458 0.804583 0.250625 0.896667 0.264167 0.909583 0.275833 0.928958 0.275833 0.945208 0.268542 0.969792 0.244583 1 0.15875 1 0.139792 0.978125 0.119167 0.963542
18 0 0.923958 0 0.819167 0.0535417 0.860833 0.115 0.911875 0.118958 0.923958 0.114167 0.963958 0.105833 0.980625 0.0904167 0.997917 0.0854167 1 0.0554167 1 0.05125 0.998125 0.0479167 0.965208 0.0383333 0.952292 0 0.925208
16 0 0.8075 0 0.720208 0.0341667 0.7775 0.035 0.804375 0 0.816875
10 0.02375 0.766667 0.0391667 0.757917 0.0641667 0.754583 0.0833333 0.7575 0.0920833 0.77 0.0935417 0.814167 0.0754167 0.825625 0.06 0.844375 0.0564583 0.853542 0.0433333 0.853542 0.005625 0.824792 0.00666667 0.813125 0.035 0.803333 0.0335417 0.776458 0.0266667 0.768542
14 0.0122917 0.747083 0.0577083 0.736458 0.064375 0.720417 0.0985417 0.7525 0.0925 0.756458 0.0891667 0.765208 0.083125 0.757917 0.0558333 0.755208 0.0383333 0.757917 0.025625 0.765208 0.0129167 0.750417
8 0.0933333 0.814167 0.0920833 0.770417 0.0891667 0.765625 0.0920833 0.7575 0.09875 0.751667 0.114167 0.74625 0.128542 0.732708 0.22625 0.70125 0.310625 0.702708 0.33 0.711458 0.340833 0.725417 0.361042 0.780208 0.349375 0.784375 0.342917 0.793333 0.332292 0.796458 0.298333 0.817292 0.270208 0.815 0.235 0.835625 0.17625 0.836667 0.135625 0.804792 0.119167 0.803958 0.0972917 0.810208
22 0.27625 0.951042 0.275417 0.931042 0.264792 0.910833 0.220833 0.870417 0.232708 0.837917 0.265625 0.815208 0.298333 0.816875 0.388333 0.885 0.404375 0.903958 0.407708 0.930833 0.4025 0.953333 0.387292 0.977292 0.374792 0.989792 0.358542 0.998333 0.32375 0.996042 0.276042 0.9575
23 0.387292 0.882708 0.30625 0.8225 0.351042 0.783542 0.424792 0.8125 0.431458 0.818125 0.430625 0.837292 0.425 0.853333 0.40375 0.879792 0.391458 0.8875
1 0.277292 0.7 0.280417 0.6525 0.286875 0.6475 0.363542 0.639375 0.522292 0.75 0.506042 0.754792 0.509167 0.813958 0.424792 0.860417 0.422083 0.858542 0.431042 0.832083 0.427917 0.813958 0.423542 0.809583 0.363958 0.787917 0.342708 0.729583 0.334167 0.716042 0.305625 0.70125 0.287292 0.700833
2 0.505625 0.754375 0.51875 0.750208 0.541042 0.754375 0.698542 0.723333 0.70125 0.850625 0.68875 0.851458 0.68 0.846458 0.669167 0.847708 0.519583 0.889167 0.504792 0.755833
9 0.477917 0.64 0.483958 0.632292 0.49125 0.628958 0.508958 0.6275 0.519167 0.63125 0.528958 0.641458 0.535417 0.687917 0.520208 0.700417 0.504375 0.707083 0.472708 0.713542 0.464792 0.706458 0.472708 0.649375
0 0.539375 0.752292 0.533333 0.687917 0.535417 0.448542 0.562917 0.368125 0.585625 0.343333 0.593542 0.33 0.59625 0.305208 0.589583 0.3025 0.591667 0.279167 0.611667 0.268542 0.629167 0.269167 0.641042 0.273125 0.646458 0.278542 0.647917 0.287292 0.641042 0.303333 0.6425 0.316667 0.678542 0.378958 0.697917 0.419583 0.703958 0.447708 0.702083 0.641875 0.697292 0.659167 0.696667 0.722708 0.538125 0.754167
3 0.703542 0.568542 0.773333 0.584167 0.776667 0.59125 0.773333 0.598542 0.766042 0.666042 0.76875 0.785833 0.699583 0.774167 0.6975 0.658333 0.703125 0.640417 0.703542 0.574583
