13 0.459792 0.482812 0.447708 0.495312 0.447708 0.52375 0.454375 0.527813 0.439792 0.544531 0.434375 0.71875 0.412083 0.72375 0.369792 0.72125 0.343125 0.715313 0.327708 0.692031 0.324375 0.527031 0.337708 0.512031 0.32875 0.51125 0.329792 0.480312 0.413125 0.47625 0.462083 0.479531
13 0.602083 0.494531 0.599792 0.545312 0.591042 0.56125 0.587708 0.752812 0.559792 0.767031 0.487708 0.76375 0.459792 0.752812 0.449792 0.74375 0.439792 0.72125 0.441042 0.54125 0.456458 0.524531 0.444375 0.522813 0.445417 0.492031 0.50875 0.482812 0.566458 0.485313 0.604375 0.492031
13 0.786458 0.505312 0.786458 0.56875 0.773125 0.58375 0.764375 0.807813 0.751042 0.81875 0.704375 0.819531 0.65875 0.812031 0.625417 0.797813 0.597708 0.782031 0.58875 0.762813 0.58875 0.552813 0.604375 0.542031 0.599792 0.53875 0.601042 0.497813 0.649792 0.492031 0.701042 0.492812 0.745417 0.49625 0.791042 0.505312
13 0.999167 0.511562 0.989583 0.8875 0.976042 0.894688 0.914792 0.894688 0.799583 0.86875 0.772708 0.837031 0.777708 0.587812 0.785417 0.562031 0.786458 0.517031 0.812083 0.51125 0.872083 0.50875 0.995417 0.51625
13 0.470625 0.0720313 0.473542 0.0873437 0.467917 0.095 0.467083 0.262969 0.475417 0.272813 0.369792 0.283906 0.359583 0.275469 0.355 0.0907813 0.370625 0.0734375 0.385417 0.070625 0.415208 0.0671875 0.441042 0.0671875 0.469792 0.0714063
13 0.639167 0.0428125 0.641042 0.0817187 0.644792 0.089375 0.641042 0.25125 0.478958 0.269219 0.470625 0.262969 0.469792 0.0921875 0.474375 0.0817187 0.470625 0.0490625 0.480833 0.0401562 0.498542 0.0325 0.5225 0.026875 0.546667 0.0248438 0.571667 0.0240625 0.611458 0.0276563 0.637292 0.0401562
13 0.641042 0.0685937 0.700417 0.0678125 0.72625 0.0728125 0.740208 0.0845313 0.737292 0.237969 0.64375 0.250469 0.642917 0.070625
13 0.742917 0.0998437 0.78 0.095625 0.805 0.095625 0.835625 0.0998437 0.855 0.106719 0.85875 0.224844 0.741042 0.239375
13 0.996667 0.110937 0.993958 0.2075 0.859583 0.223438 0.853125 0.120625 0.85875 0.114375 0.896667 0.1075 0.942917 0.104688 0.993958 0.108125
13 0.74375 0 0.873542 0.00265625 0.862292 0.108906 0.828958 0.0978125 0.794792 0.095625 0.749375 0.0970312 0.7475 0
13 0.457292 0.830781 0.477292 0.849375 0.475833 0.88875 0.454167 0.902031 0.445 0.917031 0.444167 0.948906 0.43875 0.965625 0.441875 0.9975 0.329167 0.995156 0.333125 0.897344 0.336875 0.889375 0.337708 0.861563 0.35 0.839531 0.373958 0.830313 0.417917 0.828594 0.451042 0.831406 0.455 0.83375
13 0.354375 0.1 0.355208 0.284687 0.280208 0.293125 0.271875 0.113125 0.29875 0.102813 0.355208 0.099375