13 0.450208 0.785937 0.453333 0.911406 0.358333 0.908438 0.35625 0.9225 0.322292 0.920469 0.318333 0.782031 0.32875 0.792188 0.346667 0.800469 0.381458 0.802812 0.425208 0.796094 0.447083 0.785469
13 0.592292 0.793125 0.588542 0.915156 0.458542 0.909844 0.455417 0.785469 0.470833 0.799531 0.481667 0.804844 0.499792 0.810625 0.525417 0.811562 0.569792 0.803281 0.589792 0.790312
13 0.735417 0.79625 0.733125 0.945 0.721458 0.958281 0.70375 0.972188 0.645833 0.971719 0.64375 0.918125 0.5975 0.915156 0.596875 0.790781 0.625833 0.807188 0.647708 0.812969 0.66875 0.813438 0.693958 0.812969 0.717083 0.807188 0.734375 0.79375
13 0.74 0.641719 0.735417 0.785313 0.730625 0.796875 0.712917 0.809062 0.655833 0.810781 0.624167 0.803281 0.605625 0.795781 0.597292 0.784687 0.596458 0.641719
13 0.591875 0.642344 0.594167 0.782969 0.584792 0.793438 0.567083 0.804375 0.547083 0.809062 0.500833 0.807813 0.482917 0.803281 0.469792 0.7975 0.456667 0.784687 0.45375 0.637656 0.590208 0.64125
13 0.451458 0.637188 0.452917 0.780156 0.428958 0.795156 0.388958 0.802656 0.357292 0.800938 0.33875 0.79625 0.317083 0.780156 0.313333 0.634844 0.445208 0.637656
13 0.315 0.758437 0.31875 0.934844 0.276042 0.956406 0.215833 0.952969 0.200208 0.943906 0.1825 0.782031 0.198333 0.7675 0.221458 0.755625 0.2725 0.747344 0.31125 0.760469
13 0.431667 0.147969 0.430833 0.177812 0.427083 0.18 0.432708 0.188906 0.435417 0.353594 0.292708 0.352813 0.287292 0.346562 0.269583 0.145937 0.285417 0.139688 0.31125 0.135469 0.352083 0.132656 0.377917 0.133438 0.413125 0.138281
13 0.592708 0.143125 0.596458 0.175781 0.5975 0.341719 0.588125 0.354219 0.452083 0.354219 0.441875 0.341719 0.429792 0.150156 0.437292 0.143906 0.452917 0.137656 0.489167 0.130625 0.544583 0.13 0.578958 0.134844 0.59375 0.141094
13 0.765 0.133438 0.758542 0.341719 0.752917 0.350781 0.606667 0.352187 0.5975 0.341719 0.599375 0.143125 0.61875 0.130625 0.654792 0.124375 0.696458 0.121562 0.739167 0.124375 0.763125 0.132031
13 0.754375 0.3525 0.75375 0.380938 0.749167 0.385 0.754375 0.391406 0.749167 0.54 0.745208 0.547656 0.728333 0.553906 0.685 0.55625 0.684167 0.482812 0.600833 0.480469 0.597083 0.387344 0.604792 0.383281 0.6025 0.383281 0.601667 0.354219 0.751458 0.352031
13 0.594375 0.356406 0.591667 0.388125 0.595625 0.390156 0.600833 0.482188 0.446458 0.482188 0.445208 0.389688 0.448333 0.385313 0.445208 0.385313 0.44125 0.354375 0.592292 0.356406
13 0.44 0.354375 0.44125 0.383437 0.436042 0.383437 0.441875 0.389219 0.441875 0.480781 0.360208 0.479844 0.357083 0.557031 0.318542 0.554531 0.301042 0.548281 0.289583 0.391562 0.293958 0.385313 0.289583 0.385313 0.288125 0.355938 0.435417 0.352969