13 0.896875 0.548594 0.889375 0.578437 0.864792 0.643906 0.850833 0.650312 0.805833 0.649062 0.788125 0.644688 0.756458 0.627812 0.75125 0.617344 0.7625 0.563438 0.76625 0.558281 0.768333 0.531406 0.785417 0.545469 0.803125 0.552656 0.822917 0.557031 0.852917 0.55875 0.87875 0.555469 0.894792 0.5475
13 0.762917 0.530469 0.760417 0.554688 0.754375 0.561562 0.757708 0.562656 0.745833 0.621406 0.735208 0.629063 0.708333 0.635469 0.663958 0.630156 0.643542 0.621719 0.631667 0.610938 0.641875 0.522031 0.667708 0.539375 0.711458 0.548281 0.733958 0.544219 0.748958 0.538594 0.760833 0.530469
13 0.637917 0.519062 0.628333 0.602969 0.616042 0.615 0.589792 0.619375 0.545417 0.613125 0.533125 0.607812 0.522917 0.600156 0.525417 0.511875 0.543958 0.527344 0.585833 0.533125 0.611458 0.528281 0.636667 0.52
13 0.514375 0.503125 0.514375 0.581719 0.507292 0.593281 0.498958 0.599219 0.479167 0.604375 0.457917 0.605938 0.4225 0.59625 0.412292 0.589063 0.40375 0.499844 0.416667 0.513281 0.445625 0.519062 0.483542 0.515781 0.498958 0.511406 0.513125 0.501719
13 0.399375 0.494062 0.408958 0.577031 0.391042 0.587031 0.365208 0.592344 0.3325 0.591406 0.31375 0.58375 0.31 0.577031 0.295833 0.494062 0.318958 0.506094 0.339583 0.508906 0.368542 0.505625 0.388958 0.499375 0.398125 0.492031
13 0.36625 0.373437 0.387917 0.378125 0.3925 0.386719 0.401042 0.487969 0.386458 0.497813 0.36625 0.504219 0.334583 0.505938 0.307708 0.499062 0.291458 0.489219 0.27375 0.396563 0.275208 0.390781 0.286042 0.381562 0.315417 0.371094 0.3725 0.375781
13 0.509792 0.405312 0.51375 0.498437 0.510625 0.503125 0.492917 0.511094 0.472083 0.514062 0.434167 0.514687 0.413333 0.507656 0.403333 0.497344 0.391042 0.398281 0.4025 0.408125 0.458958 0.413906 0.483542 0.411562 0.5075 0.403438
13 0.639583 0.414531 0.634792 0.51875 0.624792 0.525 0.585417 0.530312 0.546042 0.525625 0.53 0.516875 0.52375 0.509375 0.520625 0.403438 0.536042 0.419063 0.554583 0.425 0.587708 0.426094 0.61625 0.423125 0.637917 0.414531
13 0.781042 0.429219 0.761667 0.529844 0.745417 0.540312 0.71 0.545469 0.659167 0.537344 0.645208 0.524687 0.650625 0.414687 0.6675 0.430938 0.700833 0.439063 0.728542 0.439063 0.7625 0.434375 0.783333 0.427969
13 0.794792 0.425469 0.809583 0.437656 0.832708 0.444062 0.88125 0.449844 0.908333 0.448125 0.921458 0.444062 0.93375 0.434219 0.902917 0.543594 0.885208 0.552187 0.862708 0.557969 0.836458 0.5575 0.804167 0.551094 0.76625 0.525 0.789375 0.423125
13 0.974792 0.306406 0.964375 0.341094 0.96125 0.3425 0.965 0.349844 0.932917 0.433281 0.923958 0.439531 0.915 0.443438 0.881458 0.447187 0.857083 0.444844 0.814583 0.437031 0.792708 0.424062 0.815208 0.294375 0.841667 0.305 0.862917 0.310312 0.895625 0.314063 0.956042 0.309375 0.973542 0.303437
13 0.810833 0.29625 0.787083 0.419688 0.78125 0.425 0.769583 0.43125 0.714375 0.436562 0.682708 0.432344 0.667917 0.427031 0.6525 0.415937 0.655208 0.289531 0.674375 0.301094 0.694375 0.305938 0.71625 0.307812 0.767083 0.306875 0.792083 0.302031 0.812083 0.293438
13 0.6525 0.288125 0.644792 0.413906 0.622917 0.423594 0.5825 0.424531 0.551042 0.421719 0.534167 0.415469 0.520208 0.40375 0.515625 0.284687 0.542708 0.296719 0.560625 0.298281 0.629375 0.295781 0.6525 0.287188
13 0.510208 0.275781 0.517292 0.393437 0.501875 0.405938 0.479375 0.412812 0.417708 0.412812 0.402292 0.4075 0.391875 0.397344 0.376458 0.280625 0.386042 0.285938 0.417708 0.29125 0.449792 0.29125 0.480625 0.287344 0.507708 0.277656
13 0.501458 0.125781 0.513125 0.271406 0.491875 0.283438 0.474583 0.286875 0.437292 0.28875 0.389583 0.284375 0.379375 0.279531 0.372917 0.272344 0.360625 0.1325 0.442917 0.12375 0.497083 0.12625
13 0.663542 0.1325 0.654792 0.282813 0.639792 0.29 0.6125 0.297187 0.579375 0.297969 0.532083 0.29125 0.517708 0.283125 0.51125 0.127188 0.522083 0.124063 0.577292 0.124063 0.626042 0.125625 0.658542 0.130469
13 0.83875 0.134844 0.828542 0.180625 0.822708 0.182344 0.830625 0.187188 0.808125 0.293281 0.798542 0.299687 0.768958 0.302813 0.697292 0.299687 0.674792 0.293594 0.664583 0.287188 0.673125 0.182656 0.67625 0.179844 0.672083 0.17625 0.678542 0.132812 0.704167 0.126094 0.788958 0.128438 0.835417 0.133281
13 0.998542 0.138281 0.999167 0.230313 0.976042 0.301719 0.955417 0.309531 0.895 0.309531 0.862292 0.306562 0.833333 0.298906 0.818542 0.291094 0.841667 0.182188 0.851875 0.180625 0.846875 0.177812 0.852708 0.13 0.942708 0.125781 0.994792 0.137344