13 0.972917 0.419063 0.966458 0.420469 0.970208 0.421875 0.965625 0.554531 0.9425 0.57125 0.872917 0.57125 0.771042 0.560781 0.759167 0.555156 0.7525 0.544063 0.747917 0.42875 0.753542 0.382969 0.972083 0.376094
13 0.741458 0.381562 0.743333 0.419063 0.739583 0.423906 0.747083 0.428125 0.743333 0.54125 0.7275 0.555156 0.70625 0.56 0.60625 0.557969 0.58125 0.555156 0.562708 0.548281 0.554375 0.532969 0.551667 0.427344 0.554375 0.423281 0.553542 0.385781 0.735833 0.380156
13 0.546042 0.380156 0.5525 0.52875 0.547917 0.536406 0.532292 0.545469 0.511875 0.550312 0.483958 0.551719 0.421042 0.551719 0.385833 0.544063 0.373958 0.526719 0.368333 0.42875 0.374792 0.424687 0.371042 0.421875 0.372083 0.387188 0.543333 0.382344
13 0.368958 0.384531 0.37 0.422031 0.365625 0.426719 0.37 0.5225 0.376875 0.533281 0.340417 0.54375 0.294375 0.545781 0.224792 0.540156 0.209167 0.523281 0.207292 0.423906 0.21125 0.42125 0.206458 0.417969 0.207292 0.386406 0.364583 0.387188
13 0.743125 0.192188 0.745625 0.238125 0.743125 0.362031 0.721875 0.380781 0.553333 0.382656 0.545625 0.365781 0.539167 0.203281 0.574583 0.19125 0.620833 0.184062 0.697917 0.184062 0.742292 0.190781
13 0.975833 0.17 0.978333 0.220156 0.975208 0.221719 0.975208 0.359531 0.955833 0.375469 0.782917 0.380781 0.762917 0.378906 0.7475 0.361563 0.74625 0.19375 0.78875 0.177812 0.858125 0.165781 0.938542 0.165781 0.979583 0.17
13 0.381875 0.535937 0.382708 0.62625 0.378125 0.631406 0.371875 0.685312 0.345625 0.699688 0.308542 0.703125 0.267708 0.701406 0.246875 0.697969 0.235417 0.692187 0.228333 0.678281 0.219167 0.583437 0.221458 0.54 0.284792 0.546406 0.323333 0.545156 0.350208 0.542812 0.379583 0.534844
13 0.428958 0.829844 0.440625 0.956094 0.41125 0.974531 0.3825 0.983125 0.358542 0.982812 0.32 0.9725 0.302708 0.952656 0.293333 0.872969 0.295417 0.870937 0.291875 0.825469 0.303125 0.812656 0.428958 0.829063
13 0.757292 0.872812 0.762083 1 0.596042 0.999531 0.592917 0.85375 0.755 0.872812
13 0.588333 0.852031 0.590625 1 0.447083 0.999531 0.435625 0.897031 0.435625 0.846719 0.445625 0.833437 0.588333 0.851406
13 0.97 0.56 0.965625 0.7275 0.956667 0.7375 0.935625 0.750938 0.895625 0.760156 0.842292 0.757656 0.805625 0.750156 0.764583 0.7275 0.762292 0.659219 0.75 0.6575 0.752292 0.551719 0.806667 0.573438 0.842292 0.575937 0.903333 0.574219 0.952292 0.566719 0.97125 0.559219