13 0.394792 0.335781 0.400417 0.444219 0.389375 0.455312 0.270833 0.455312 0.263333 0.446875 0.25875 0.369219 0.2625 0.364219 0.259792 0.363594 0.2625 0.337188 0.277292 0.332969 0.355 0.332344 0.388333 0.334375
13 0.398958 0.455469 0.400417 0.480938 0.396667 0.480312 0.405833 0.487344 0.408958 0.566563 0.377292 0.57875 0.337917 0.583437 0.300833 0.582188 0.28 0.577031 0.272292 0.568281 0.264583 0.4925 0.268542 0.485625 0.267708 0.457188 0.277708 0.459531 0.31625 0.460156 0.367917 0.458437 0.396667 0.454844
13 0.541667 0.455469 0.544792 0.480312 0.537708 0.482031 0.543958 0.484375 0.547083 0.559688 0.541667 0.57125 0.532292 0.575937 0.506875 0.582188 0.466042 0.583437 0.43125 0.579844 0.4175 0.575313 0.412708 0.567812 0.406667 0.487969 0.413542 0.483281 0.408125 0.482656 0.408125 0.456094 0.438333 0.458437 0.537083 0.455469
13 0.684375 0.452656 0.682083 0.481563 0.685208 0.485625 0.6775 0.571875 0.654375 0.577656 0.635 0.57875 0.580208 0.578125 0.560833 0.574688 0.548542 0.560781 0.549375 0.485 0.551667 0.480938 0.548542 0.480312 0.547917 0.452656 0.581667 0.456562 0.635 0.456094 0.668125 0.454844 0.683542 0.448594
13 0.539375 0.332813 0.540833 0.360625 0.534792 0.360625 0.539375 0.363437 0.545417 0.441563 0.535417 0.454844 0.482917 0.456562 0.42125 0.454844 0.41125 0.449688 0.406667 0.442812 0.404375 0.3675 0.408958 0.363437 0.404375 0.362812 0.404375 0.33625 0.474583 0.328125 0.54 0.331562
13 0.684375 0.327813 0.685833 0.357031 0.682292 0.358438 0.68625 0.362344 0.6875 0.436094 0.683125 0.446719 0.670208 0.453437 0.643333 0.455469 0.577292 0.456094 0.56125 0.454219 0.550833 0.441406 0.546875 0.366094 0.550417 0.361406 0.546875 0.361719 0.545208 0.334844 0.550833 0.332187 0.587083 0.327188 0.630417 0.325156 0.684375 0.328281
13 0.384167 0.209063 0.3925 0.330313 0.378333 0.333594 0.303333 0.330781 0.262708 0.335 0.25625 0.326406 0.247708 0.241875 0.251458 0.237344 0.249583 0.207969 0.267708 0.202188 0.316875 0.2 0.373125 0.205156 0.381458 0.208437
13 0.537708 0.201875 0.539375 0.231406 0.536458 0.231875 0.541458 0.237969 0.542708 0.320312 0.54 0.326406 0.53125 0.329375 0.4825 0.328437 0.416875 0.333281 0.409375 0.329688 0.405 0.32125 0.40125 0.237969 0.403125 0.206562 0.426042 0.197344 0.448958 0.194062 0.484167 0.192812 0.532708 0.201875
13 0.686875 0.198594 0.690625 0.231875 0.690208 0.319375 0.684167 0.327969 0.61125 0.324531 0.556042 0.328281 0.552083 0.322813 0.547083 0.24 0.551667 0.230469 0.547917 0.202656 0.56375 0.197031 0.607292 0.189375 0.658125 0.190469 0.671667 0.193594 0.6825 0.199375
13 0.82625 0.214219 0.825833 0.242656 0.823125 0.244062 0.826667 0.247969 0.821042 0.382969 0.814167 0.395313 0.694583 0.396406 0.68875 0.392969 0.695833 0.218125 0.735208 0.209219 0.802708 0.209531 0.825833 0.214531
13 0.964375 0.215156 0.964375 0.236875 0.960625 0.240937 0.963333 0.24875 0.958958 0.382031 0.950833 0.39375 0.8375 0.392656 0.827292 0.383906 0.82625 0.26 0.832917 0.249063 0.833958 0.220938 0.91875 0.210469 0.944583 0.211094 0.9625 0.215781
13 0.82 0.396094 0.816458 0.426563 0.819583 0.43125 0.815208 0.508437 0.685417 0.5075 0.689583 0.398594 0.817083 0.396563
13 0.95625 0.392188 0.957708 0.429844 0.955208 0.435625 0.952917 0.509375 0.815417 0.508437 0.82 0.428906 0.825 0.396875 0.953542 0.394219
13 1 0.854219 0.955208 0.847813 0.923125 0.835469 0.91375 0.726562 0.939583 0.732344 1 0.735938
13 0.447708 0.008125 0.452917 0.0459375 0.455625 0.125625 0.3075 0.130625 0.307917 0.0075 0.315417 0.00109375 0.431042 0 0.444583 0.0078125
13 0.458125 0.00078125 0.596667 0 0.598958 0.0339062 0.602917 0.0445313 0.60625 0.122969 0.456042 0.125625 0.455208 0.0101563