13 0.417917 0.865781 0.428542 0.924844 0.420625 0.936875 0.401875 0.952812 0.375208 0.969844 0.3125 0.96875 0.279167 0.956875 0.257917 0.940781 0.235208 0.852812 0.4125 0.864844
13 0.611042 0.885625 0.607292 0.953125 0.597708 0.964844 0.562917 0.986875 0.530208 0.9925 0.492708 0.987344 0.463125 0.973281 0.4375 0.943906 0.427708 0.869531 0.611667 0.884062
13 0.816875 0.900156 0.802292 0.977344 0.796042 0.990156 0.780417 0.999844 0.659792 0.999844 0.652292 0.995781 0.635208 0.977656 0.620625 0.957969 0.620208 0.885625 0.813542 0.899375 0.815833 0.901406
13 0.998125 0.643437 0.996875 0.833437 0.961458 0.827656 0.893542 0.804219 0.870208 0.779219 0.863542 0.760156 0.890208 0.594219 0.934792 0.623437 0.964792 0.634219 0.996875 0.640937
13 0.921458 0.388437 0.889167 0.595 0.851458 0.623437 0.806875 0.634219 0.706875 0.63 0.650208 0.6075 0.636875 0.593438 0.628125 0.575 0.641458 0.375937 0.645833 0.386719 0.709167 0.403438 0.753542 0.408437 0.876875 0.400938 0.913542 0.385937
13 0.879167 0.6125 0.854792 0.770156 0.821458 0.800156 0.794792 0.813438 0.759167 0.823438 0.701458 0.817656 0.636875 0.783438 0.619167 0.764219 0.616875 0.741719 0.624792 0.5825 0.6325 0.601719 0.6525 0.615 0.681458 0.628437 0.725833 0.639219 0.7825 0.64 0.831458 0.635 0.865833 0.620937 0.878125 0.609219
13 0.614792 0.583437 0.6125 0.735156 0.603542 0.745937 0.586875 0.760156 0.539167 0.772656 0.476875 0.770937 0.445833 0.760938 0.424792 0.747656 0.414792 0.730156 0.401458 0.57 0.410208 0.581719 0.456875 0.6 0.505833 0.605938 0.551458 0.6 0.588125 0.590938 0.613542 0.579219
13 0.390833 0.56125 0.390208 0.559219 0.3925 0.56 0.390833 0.56125 0.390833 0.56125 0.408125 0.713438 0.388125 0.743437 0.359167 0.756719 0.3225 0.764219 0.266875 0.763437 0.230208 0.755156 0.210208 0.740156 0.201458 0.722656 0.166875 0.5675 0.1825 0.5825 0.199167 0.590938 0.236875 0.601719 0.2625 0.601719 0.308125 0.596719 0.343542 0.586719 0.375833 0.571719 0.390833 0.56125
13 1 0.915156 1 0.996719 0.83875 0.996719 0.825833 0.99125 0.815625 0.964063 0.823958 0.902344 0.997917 0.913438
13 0.373958 0.367969 0.387917 0.559688 0.361042 0.577031 0.329583 0.587344 0.297083 0.594375 0.254375 0.595781 0.21375 0.591562 0.18875 0.583906 0.168333 0.569375 0.124792 0.373437 0.139583 0.380469 0.165625 0.385937 0.2175 0.387344 0.319375 0.380469 0.350833 0.374219 0.373958 0.363125
13 0.626042 0.373906 0.611458 0.575625 0.596042 0.587344 0.561458 0.598906 0.521458 0.600625 0.471458 0.597344 0.438125 0.589844 0.421458 0.581406 0.394792 0.558125 0.376042 0.371406 0.399375 0.382344 0.431458 0.389844 0.470417 0.390625 0.591458 0.383125 0.616042 0.373906
13 0.35375 0.122344 0.354792 0.180625 0.350417 0.187344 0.359375 0.193906 0.37375 0.339844 0.369375 0.363906 0.344792 0.373906 0.299375 0.379844 0.204792 0.383906 0.137083 0.375625 0.116042 0.350625 0.068125 0.129844 0.142708 0.121406 0.240417 0.118125 0.34375 0.121406
13 0.628125 0.108125 0.629375 0.176406 0.620417 0.180625 0.63375 0.183906 0.632708 0.347344 0.624792 0.373125 0.590417 0.383125 0.488125 0.388906 0.418125 0.383906 0.397083 0.377344 0.374792 0.350625 0.359375 0.187344 0.357083 0.123125 0.409375 0.113906 0.476042 0.110625 0.557083 0.108906 0.626042 0.110625
13 0.967083 0.100625 0.958125 0.170625 0.952708 0.171406 0.966042 0.180625 0.947083 0.349844 0.916042 0.383906 0.880417 0.399844 0.737083 0.398906 0.68375 0.393906 0.646042 0.378125 0.634792 0.356406 0.642708 0.186406 0.651458 0.178906 0.64375 0.180625 0.650417 0.111406 0.664792 0.106406 0.897083 0.0973437 0.964792 0.098125