13 0.713542 0.063125 0.758958 0.070625 0.774375 0.079375 0.773333 0.207187 0.7625 0.220781 0.711875 0.217344 0.616667 0.2275 0.613125 0.212656 0.615833 0.0875 0.641042 0.0726563 0.676458 0.0657812 0.706458 0.06375
13 0.767083 0.78 0.765417 0.813438 0.768542 0.815312 0.765 0.875938 0.761458 0.892656 0.753542 0.903281 0.73125 0.915312 0.679375 0.915625 0.647083 0.904062 0.632917 0.891875 0.63125 0.781406 0.639583 0.789219 0.664792 0.801875 0.692708 0.803438 0.71875 0.803438 0.741458 0.799844 0.755625 0.794063 0.763333 0.784531
13 0.623542 0.7825 0.624792 0.890625 0.614792 0.908438 0.594583 0.916875 0.576667 0.920781 0.556667 0.921875 0.534792 0.919844 0.5125 0.912656 0.498125 0.903438 0.491042 0.887344 0.491875 0.826094 0.494583 0.819219 0.491042 0.785469 0.505417 0.798594 0.518958 0.803906 0.536042 0.808125 0.563125 0.809375 0.592083 0.803906 0.6125 0.79625 0.623542 0.781875
13 0.484583 0.782813 0.489375 0.883125 0.485 0.89625 0.4775 0.904844 0.465625 0.915312 0.44 0.925469 0.395833 0.925156 0.358125 0.910937 0.354792 0.900469 0.348125 0.789375 0.359583 0.800625 0.377083 0.809062 0.395833 0.812344 0.456042 0.804219 0.475 0.795937 0.483542 0.782188
13 0.3425 0.791094 0.348542 0.896562 0.3425 0.90875 0.322292 0.925469 0.288333 0.933594 0.256875 0.934219 0.230208 0.92875 0.218333 0.923125 0.212292 0.912344 0.203542 0.801562 0.213958 0.812969 0.254583 0.82125 0.29875 0.814688 0.32375 0.805469 0.341667 0.790781
13 0.20125 0.795156 0.205833 0.900469 0.193333 0.91625 0.167083 0.928438 0.143958 0.935156 0.120833 0.937969 0.0983333 0.936719 0.08 0.930469 0.07 0.922969 0.0579167 0.807656 0.0647917 0.815156 0.076875 0.821562 0.121458 0.821875 0.168125 0.810937 0.200625 0.794375
13 0 0.821875 0.05125 0.802187 0.05375 0.79875 0.0654167 0.908438 0.0447917 0.924531 0.000833333 0.941094 0.00145833 0.821562
13 0.726667 0.650781 0.746875 0.655 0.763958 0.661719 0.769583 0.666875 0.768333 0.773125 0.762083 0.784375 0.75 0.795781 0.730625 0.801406 0.668958 0.799531 0.65375 0.794844 0.632292 0.782031 0.629792 0.659375 0.672708 0.647969 0.697917 0.647969 0.728125 0.652187
13 0.593333 0.652187 0.614792 0.659375 0.625417 0.679688 0.626042 0.782031 0.609792 0.79625 0.565625 0.809844 0.520417 0.805156 0.503333 0.797656 0.488958 0.777344 0.487708 0.703281 0.491458 0.663125 0.508333 0.654531 0.533542 0.649844 0.587083 0.65125
13 0.47 0.663594 0.48 0.669219 0.483958 0.713594 0.483958 0.781562 0.46875 0.797656 0.45375 0.805156 0.395208 0.813125 0.375625 0.808906 0.354792 0.799531 0.346667 0.792812 0.342292 0.6825 0.357292 0.688125 0.381875 0.690469 0.432292 0.688125 0.45875 0.679688 0.471875 0.665937
13 0.334167 0.677187 0.344167 0.787656 0.340417 0.791875 0.325208 0.80375 0.305208 0.812656 0.278125 0.8175 0.247292 0.819844 0.210833 0.808437 0.198125 0.796719 0.1925 0.69375 0.228958 0.698438 0.27625 0.695625 0.329167 0.678594
13 0.185625 0.689531 0.1975 0.794844 0.186875 0.802812 0.162292 0.812187 0.123333 0.82125 0.0875 0.82125 0.0666667 0.816406 0.0560417 0.806563 0.0452083 0.699375 0.096875 0.699375 0.139583 0.694219 0.179375 0.684844
13 0.47 0.59 0.46875 0.66875 0.45625 0.677656 0.426042 0.685312 0.400833 0.687188 0.366875 0.686719 0.342917 0.682969 0.332917 0.674844 0.329167 0.660781 0.327708 0.592812
13 0.323958 0.591875 0.327083 0.664531 0.322708 0.674375 0.310208 0.684375 0.281875 0.69375 0.253542 0.6975 0.194375 0.692344 0.184375 0.685781 0.176875 0.67625 0.174792 0.597969 0.320208 0.593281
13 0.168542 0.598281 0.172917 0.66 0.164167 0.686562 0.122083 0.695937 0.0754167 0.699688 0.0483333 0.69875 0.0314583 0.692187 0.0258333 0.68125 0.01875 0.601562 0.166667 0.599688
13 0.0025 0.696875 0.0333333 0.688906 0.049375 0.8 0.01375 0.817031 0.00333333 0.818125 0.000208333 0.696875
13 0.069375 0.802812 0.069375 0.937344 0 0.937344 0 0.802812 0.069375 0.802812 0.623958 0.3625 0.6175 0.357656 0.612083 0.232656 0.682917 0.219687 0.732708 0.218281 0.767083 0.225156 0.768958 0.225156 0.771667 0.344687 0.758125 0.365156 0.623958 0.3625
13 0.60625 0.225625 0.608333 0.259844 0.612708 0.267188 0.609375 0.356094 0.600833 0.365937 0.469167 0.365937 0.46375 0.355313 0.461458 0.231406 0.493125 0.224062 0.558333 0.222344 0.602917 0.226406
13 0.450625 0.228125 0.453958 0.260781 0.461458 0.267188 0.461458 0.355313 0.449583 0.3675 0.315833 0.364375 0.311458 0.361875 0.301667 0.272969 0.301667 0.226406 0.356042 0.2175 0.41375 0.220781 0.448542 0.227344
13 0.291667 0.2325 0.303125 0.352031 0.296042 0.3675 0.147083 0.3675 0.139583 0.355 0.129167 0.228594 0.145417 0.223594 0.182083 0.220625 0.236667 0.222344 0.285208 0.230156
13 0 0.222344 0.0745833 0.222969 0.110833 0.2275 0.12875 0.232813 0.140625 0.369062 0 0.370156 0 0.22125
13 0.76125 0.364219 0.760625 0.393594 0.765417 0.399219 0.763333 0.477813 0.752292 0.495156 0.719167 0.501406 0.687292 0.501094 0.632708 0.497031 0.620625 0.492812 0.616458 0.477813 0.620208 0.367656 0.760208 0.365
13 0.610208 0.3675 0.61125 0.395 0.6075 0.397344 0.611667 0.399375 0.613333 0.476406 0.602292 0.495312 0.568125 0.502031 0.52 0.503906 0.494167 0.50125 0.47375 0.494062 0.47125 0.487344 0.469167 0.368594 0.607083 0.367812
13 0.460833 0.366875 0.467083 0.485625 0.458125 0.500469 0.428333 0.507969 0.355417 0.507969 0.332292 0.505312 0.322292 0.500469 0.314583 0.48875 0.310208 0.369219 0.459792 0.368438
13 0.308125 0.370469 0.308125 0.499062 0.269375 0.509375 0.206042 0.513594 0.1625 0.507812 0.149375 0.49 0.141458 0.371719 0.302917 0.370469
13 0.137292 0.372031 0.139792 0.402031 0.137292 0.404375 0.1425 0.40625 0.148333 0.504219 0.080625 0.514844 0.00145833 0.512031 0 0.372031 0.133125 0.372812