13 0.232292 0.384063 0.233542 0.418281 0.228958 0.424062 0.232292 0.424062 0.242292 0.535781 0.232292 0.543281 0.213542 0.549063 0.18125 0.554063 0.117917 0.555781 0.086875 0.552344 0.0702083 0.545781 0.0602083 0.532344 0.045625 0.430781 0.0522917 0.422344 0.0479167 0.385781 0.228958 0.384844
13 0.219583 0.210938 0.232917 0.382031 0.225833 0.384063 0.142292 0.386875 0.054375 0.384844 0.0383333 0.363594 0.0291667 0.205625 0.0908333 0.200781 0.183125 0.204375
13 0.419375 0.207031 0.421042 0.250625 0.416667 0.250625 0.423125 0.258281 0.424792 0.367188 0.412292 0.385625 0.322292 0.389375 0.247292 0.385625 0.234375 0.369688 0.221667 0.253437 0.225833 0.2475 0.222708 0.206094 0.264583 0.2 0.386667 0.202813
13 0.623542 0.204375 0.623958 0.249063 0.619167 0.248281 0.627708 0.255938 0.626667 0.367969 0.615 0.389688 0.606875 0.394062 0.559792 0.395313 0.44125 0.390937 0.427292 0.372812 0.424792 0.257031 0.429583 0.250625 0.425208 0.250625 0.421042 0.210469 0.429583 0.206875 0.451042 0.203594 0.526042 0.19875 0.570417 0.199219 0.624583 0.204375
13 0.860417 0.205156 0.857083 0.249844 0.852917 0.250156 0.857708 0.259063 0.845417 0.374844 0.826042 0.398125 0.7875 0.400156 0.691667 0.398594 0.6525 0.3925 0.646042 0.388125 0.635833 0.36875 0.643958 0.2575 0.653542 0.248281 0.656667 0.208906 0.677708 0.204844 0.742917 0.20125 0.834583 0.202031 0.858125 0.205156
13 0.421042 0.3875 0.419167 0.427187 0.412708 0.430156 0.422917 0.432031 0.423125 0.537969 0.416667 0.546406 0.398958 0.555469 0.365625 0.560312 0.294375 0.561094 0.268542 0.556094 0.251875 0.546406 0.243542 0.533281 0.235208 0.433281 0.239792 0.425625 0.234167 0.387344 0.2425 0.385937 0.251875 0.389531 0.275833 0.391562 0.387083 0.390156
13 0.617083 0.394531 0.618125 0.536094 0.602708 0.556094 0.583958 0.565781 0.516875 0.571406 0.454792 0.561406 0.439792 0.555312 0.426875 0.536094 0.426875 0.431875 0.437083 0.430312 0.426875 0.428281 0.426875 0.391406 0.450417 0.394219 0.555417 0.396563 0.612917 0.39375
13 0.837292 0.400938 0.834583 0.437188 0.830833 0.439219 0.83625 0.442031 0.822917 0.547344 0.805833 0.568594 0.777917 0.574688 0.725833 0.577031 0.684583 0.572656 0.646042 0.561406 0.634792 0.552969 0.628958 0.5425 0.6375 0.435937 0.640625 0.431875 0.639167 0.391406 0.643958 0.389375 0.662708 0.394531 0.714167 0.400938 0.837292 0.398125
13 0.261875 0.860781 0.267708 0.965469 0.251667 0.980469 0.210417 0.99875 0.171875 1 0.145625 0.994375 0.132708 0.985156 0.125 0.971719 0.119167 0.894531 0.119792 0.861719 0.141667 0.877656 0.17 0.8825 0.226667 0.87375 0.25875 0.86125
13 0.420833 0.865625 0.418958 0.973594 0.409792 0.992969 0.398333 1 0.284375 0.999219 0.271042 0.98375 0.265208 0.862656 0.268333 0.871406 0.285208 0.889219 0.30125 0.895 0.32375 0.897969 0.3675 0.895937 0.3925 0.886875 0.420833 0.865156
13 0.583125 0.882969 0.577708 0.99625 0.571458 0.999531 0.432917 0.999531 0.425 0.9925 0.424167 0.865312 0.445 0.892344 0.457083 0.900156 0.50125 0.909844 0.533125 0.908438 0.552708 0.901719 0.570208 0.892031 0.58 0.882969
13 0.74875 0.896406 0.740208 0.999531 0.588333 0.999531 0.583125 0.995625 0.588958 0.867969 0.610833 0.896719 0.637917 0.911562 0.661667 0.918125 0.685417 0.917812 0.713542 0.913438 0.733958 0.904531 0.745208 0.895469
13 0.819375 0.563594 0.8175 0.607969 0.800833 0.719062 0.779583 0.732344 0.7425 0.739219 0.697083 0.738594 0.672917 0.731563 0.63125 0.712187 0.619375 0.694063 0.63125 0.553125 0.635 0.557344 0.695208 0.576719 0.764583 0.576094 0.79625 0.571875 0.815625 0.563594
13 0.427708 0.551094 0.437708 0.56 0.453542 0.56625 0.505417 0.5725 0.561042 0.571094 0.598958 0.561406 0.612917 0.554531 0.609167 0.694063 0.590625 0.715625 0.573958 0.7225 0.54625 0.72875 0.511875 0.730938 0.458125 0.721094 0.437708 0.708594 0.424792 0.693438 0.424792 0.607344 0.427708 0.595469
13 0.246458 0.545312 0.273333 0.559844 0.292083 0.562188 0.362708 0.561406 0.40125 0.555781 0.422292 0.549375 0.421667 0.689219 0.40125 0.704844 0.372917 0.715 0.351458 0.718125 0.304792 0.717344 0.268542 0.709375 0.25875 0.701719 0.250833 0.68875 0.245417 0.590313 0.246042 0.54375
13 0.24125 0.543125 0.245625 0.683906 0.21875 0.697969 0.194167 0.706094 0.154375 0.711406 0.114583 0.708594 0.09 0.703281 0.0779167 0.694063 0.0720833 0.6825 0.0604167 0.540781 0.0822917 0.55375 0.127917 0.556094 0.181458 0.555625 0.225833 0.547969 0.239792 0.542188