13 0.484167 0.286719 0.49625 0.295781 0.493542 0.399688 0.4575 0.407813 0.43625 0.42375 0.432292 0.504687 0.393542 0.50375 0.353542 0.495781 0.340208 0.485781 0.324167 0.297812 0.353542 0.286719 0.395 0.282813 0.452292 0.282813 0.481667 0.289687
13 0.372292 0.280781 0.324167 0.29875 0.338958 0.462812 0.269583 0.460781 0.255 0.455781 0.245625 0.445781 0.220208 0.291719 0.225625 0.282813 0.255 0.276719 0.330833 0.270781 0.368333 0.277813
13 0.2375 0.411719 0.249583 0.457813 0.255 0.58375 0.230833 0.585781 0.205625 0.58375 0.189583 0.571719 0.166875 0.43375 0.170833 0.427813 0.189583 0.419688 0.233542 0.411719
13 0.332708 0.46875 0.349583 0.617812 0.329583 0.620781 0.2975 0.620781 0.268333 0.612812 0.2575 0.599844 0.249583 0.456719 0.272292 0.465781 0.301667 0.467812
13 0.4375 0.503906 0.445625 0.665781 0.43625 0.666719 0.382917 0.664844 0.361667 0.659844 0.352292 0.64875 0.3375 0.484687 0.352292 0.49875 0.395 0.506719
13 0.631042 0.726719 0.617708 0.840781 0.611042 0.856719 0.575 0.881719 0.521667 0.882812 0.520208 0.840781 0.450833 0.79375 0.446875 0.776719 0.446875 0.721719 0.460208 0.732812 0.508333 0.761719 0.552292 0.759844 0.593542 0.752812 0.624375 0.724844
13 0.638958 0.589844 0.633542 0.716719 0.618958 0.735781 0.601667 0.74875 0.575 0.757812 0.513542 0.76375 0.512292 0.761719 0.478958 0.757812 0.4575 0.741719 0.449583 0.727812 0.440208 0.575781 0.460208 0.600781 0.512292 0.615781 0.542917 0.617812 0.569583 0.616719 0.615 0.600781 0.633542 0.58375
13 0.637708 0.415781 0.651042 0.420781 0.644375 0.56875 0.638958 0.580781 0.622917 0.59875 0.582917 0.615781 0.529583 0.614844 0.482917 0.606719 0.452292 0.594844 0.441667 0.579688 0.43625 0.427813 0.444167 0.415781 0.4575 0.405781 0.505625 0.395781 0.55625 0.395781 0.602917 0.401719 0.638958 0.415781
13 0.575 0.38875 0.59625 0.375781 0.652292 0.371719 0.685625 0.372812 0.713542 0.377812 0.740208 0.386719 0.753542 0.395781 0.744375 0.537813 0.718958 0.551719 0.651042 0.55875 0.652292 0.424687 0.606875 0.399688 0.580208 0.39375
13 0.675 0.362812 0.706875 0.351719 0.761667 0.351719 0.804375 0.355781 0.825625 0.36375 0.83625 0.376719 0.821667 0.499688 0.793542 0.511719 0.744375 0.511719 0.757708 0.397813 0.741667 0.38375 0.677708 0.369688
13 0.73625 0.54375 0.726875 0.659844 0.720208 0.672813 0.692292 0.687812 0.63625 0.690781 0.640208 0.561719 0.672292 0.559688 0.706875 0.55375 0.73625 0.542812
13 0.745833 0.514062 0.776042 0.514687 0.799167 0.510625 0.82 0.500781 0.801458 0.614844 0.791458 0.622969 0.763542 0.632188 0.731875 0.634531 0.742083 0.514062
13 0.832083 0.446719 0.866042 0.454844 0.878333 0.471562 0.869792 0.574062 0.843542 0.586719 0.823542 0.589063 0.808125 0.587969 0.830417 0.447969