13 0.307708 0.0210938 0.323333 0.134063 0.318958 0.144531 0.227292 0.148438 0.205417 0.151719 0.200625 0.146094 0.181875 0.0617188 0.181875 0.0267188 0.201042 0.0154687 0.269583 0.0146875 0.305 0.0203125
13 0.44125 0.0090625 0.455625 0.127969 0.449792 0.139219 0.378958 0.140781 0.336042 0.145625 0.324792 0.132812 0.308333 0.0215625 0.311458 0.0170313 0.346875 0.0065625 0.370417 0.00375 0.403125 0.0034375 0.443333 0.0090625
13 0.467917 0.0009375 0.584792 0.0009375 0.587917 0.0328125 0.584792 0.0359375 0.586875 0.117969 0.582708 0.130781 0.510208 0.132812 0.4675 0.137656 0.460417 0.126719 0.445417 0.013125 0.4675 0
13 0.453333 0.140313 0.456042 0.169375 0.453333 0.170156 0.458125 0.17375 0.465625 0.248125 0.456667 0.260937 0.355208 0.265313 0.34625 0.252969 0.333333 0.148438 0.3725 0.141094 0.451667 0.142031
13 0.584167 0.134375 0.58625 0.160938 0.5825 0.161719 0.588958 0.166875 0.588958 0.244844 0.579375 0.255312 0.54125 0.258594 0.478125 0.259375 0.471042 0.249688 0.461875 0.141562 0.53 0.133906 0.583125 0.132344
13 0.720208 0.123594 0.719167 0.150781 0.715833 0.152656 0.720625 0.156562 0.714167 0.244844 0.698333 0.248125 0.626458 0.252344 0.600833 0.250625 0.595625 0.243594 0.59 0.166563 0.593958 0.161719 0.590833 0.161094 0.590833 0.133281 0.615833 0.128281 0.696667 0.121875
13 0.329792 0.147344 0.33125 0.174375 0.337292 0.177187 0.346875 0.254531 0.337292 0.264062 0.331042 0.265937 0.233125 0.268125 0.224167 0.260156 0.212292 0.181094 0.208542 0.18 0.203333 0.152344 0.258333 0.147812 0.327917 0.147812
13 0.681458 0.0115625 0.703333 0.0182812 0.702708 0.0423437 0.69875 0.0434375 0.707292 0.0510938 0.703333 0.121562 0.655833 0.123438 0.600417 0.129219 0.590833 0.124844 0.588958 0.0265625 0.6075 0.0192187 0.648125 0.0125 0.684583 0.0110937
13 0.405208 0.499062 0.402083 0.506719 0.418125 0.611406 0.411042 0.619219 0.384167 0.630312 0.357708 0.630781 0.340417 0.627344 0.330625 0.622031 0.30375 0.504375 0.308125 0.499062 0.335208 0.490937 0.363542 0.488906 0.387917 0.490469 0.398125 0.495156
13 0.488333 0.491406 0.500417 0.497188 0.504375 0.503437 0.501042 0.510156 0.513333 0.613438 0.496667 0.626875 0.477292 0.63125 0.434792 0.627344 0.42 0.621563 0.403958 0.501563 0.4175 0.495156 0.48375 0.489844
13 0.598125 0.49625 0.605208 0.5025 0.609167 0.61875 0.594375 0.632656 0.579583 0.636094 0.548125 0.636094 0.532708 0.633594 0.513958 0.621094 0.501042 0.504844 0.52625 0.493281 0.541667 0.490937 0.559583 0.489375 0.586042 0.492812
13 0.673542 0.483594 0.699167 0.487969 0.716458 0.496719 0.715208 0.615313 0.706875 0.625938 0.692708 0.630312 0.655417 0.632188 0.625833 0.624531 0.61625 0.618125 0.608542 0.500469 0.614375 0.494219 0.625833 0.488906 0.672083 0.483594
13 0.415208 0.618281 0.423542 0.704375 0.336042 0.700937 0.323125 0.625 0.347292 0.629063 0.382083 0.629687 0.415625 0.616875
13 0.510625 0.618906 0.518333 0.705313 0.427708 0.704063 0.416875 0.618906 0.432083 0.629063 0.446875 0.630938 0.491458 0.627344 0.500833 0.624688 0.508125 0.617656
13 0.609792 0.625 0.612083 0.704063 0.52 0.704063 0.512917 0.623594 0.52375 0.631406 0.54875 0.637031 0.57375 0.637031 0.59375 0.632969 0.607708 0.623906
13 0.614792 0.622344 0.624583 0.628594 0.641458 0.634062 0.670208 0.637031 0.703125 0.630312 0.712083 0.624688 0.713958 0.705313 0.61875 0.704375 0.614375 0.622344