13 0.597292 0.355156 0.565625 0.362656 0.560625 0.462812 0.534375 0.46375 0.497708 0.460781 0.488333 0.454063 0.484792 0.447344 0.482708 0.356406 0.493333 0.346406 0.533333 0.344531 0.577292 0.345469 0.594792 0.351406
13 0.696458 0.368438 0.671458 0.378125 0.66125 0.48375 0.647292 0.486406 0.619583 0.487187 0.583542 0.482969 0.569583 0.476094 0.563125 0.464219 0.563958 0.36625 0.581667 0.360781 0.626042 0.355938 0.680625 0.358594 0.694583 0.364219
13 0.819583 0.379531 0.805833 0.492031 0.790833 0.50875 0.748333 0.515625 0.6825 0.51 0.660417 0.492031 0.669583 0.380938 0.683542 0.375312 0.746458 0.369844 0.7825 0.370469 0.812292 0.378125
13 0.90625 0.516719 0.88625 0.675312 0.874167 0.678125 0.7975 0.661406 0.775208 0.64625 0.766875 0.632344 0.784375 0.52125 0.806667 0.511406 0.845625 0.507344 0.881667 0.511406
13 0.784375 0.514219 0.777917 0.519844 0.765 0.623281 0.750208 0.6275 0.725208 0.628125 0.694583 0.624688 0.677083 0.619844 0.663958 0.611406 0.658542 0.5975 0.663958 0.4975 0.703958 0.513594 0.731667 0.517031 0.760417 0.517031 0.78625 0.512813
13 0.66125 0.495469 0.656667 0.588594 0.616875 0.589219 0.59375 0.587187 0.575208 0.5775 0.567708 0.565625 0.563958 0.475312 0.56875 0.479531 0.597292 0.489219 0.655625 0.489219
13 0.560417 0.46625 0.560417 0.560781 0.540833 0.560781 0.497292 0.551094 0.490833 0.542031 0.485417 0.454531 0.497292 0.461406 0.516875 0.464844 0.544583 0.467031 0.555625 0.465625
13 0.842083 0.857187 0.852083 0.86125 0.83125 0.999062 0.738542 1 0.750417 0.88625 0.760208 0.864687 0.777708 0.85375 0.814583 0.846562 0.840208 0.855
13 0.745 0.809844 0.774167 0.824531 0.775208 0.847813 0.768542 0.857031 0.749792 0.872812 0.736458 0.969531 0.718542 0.972813 0.690833 0.967812 0.6675 0.955313 0.6575 0.941094 0.660833 0.820312 0.6775 0.809531 0.714167 0.804531
13 0.656458 0.906094 0.648542 0.980312 0.639792 0.988594 0.588542 0.952812 0.589792 0.866094 0.598542 0.883594 0.620833 0.901094 0.638542 0.906094 0.655208 0.904531
13 0.592917 0.858906 0.587292 0.932656 0.5775 0.941875 0.52875 0.903281 0.525417 0.834844 0.530625 0.827656 0.536458 0.839219 0.548542 0.85125 0.590417 0.860313
13 0.701458 0.795781 0.660208 0.814531 0.657083 0.901875 0.651875 0.904219 0.640417 0.904219 0.622292 0.900938 0.599167 0.884062 0.596667 0.873437 0.597917 0.774531 0.604375 0.764844 0.624167 0.755312 0.656458 0.754219 0.678958 0.761562 0.69875 0.774062
13 0.629167 0.750938 0.597708 0.766875 0.594583 0.776563 0.590625 0.85375 0.569375 0.852187 0.5475 0.846406 0.536667 0.831094 0.530833 0.736094 0.539167 0.725938 0.570625 0.71625 0.597708 0.719219 0.618333 0.725938 0.625417 0.734063 0.626042 0.744688