22 0.618437 0.00395833 0.876094 0.00979167 0.870156 0.02375 0.858281 0.0314583 0.834531 0.039375 0.828594 0.0433333 0.828594 0.0472917 0.815312 0.049375 0.806406 0.0552083 0.707344 0.0552083 0.685156 0.0472917 0.674687 0.0472917 0.662813 0.039375 0.657031 0.039375 0.6525 0.0335417 0.624375 0.0177083 0.615469 0
22 0.617031 0.0177083 0.6525 0.0533333 0.682188 0.063125 0.751719 0.063125 0.772344 0.0572917 0.800469 0.0552083 0.847969 0.0375 0.849375 0.0335417 0.865625 0.02375 0.874531 0.02375 0.876094 0.20125 0.873125 0.20125 0.870156 0.209167 0.858281 0.218958 0.803438 0.232917 0.799063 0.236875 0.775312 0.236875 0.770937 0.240833 0.730938 0.240833 0.705781 0.236875 0.699844 0.230833 0.689531 0.228958 0.686562 0.222917 0.679219 0.221042 0.677656 0.217083 0.658438 0.205208 0.633281 0.171667 0.627344 0.171667 0.608125 0.01375
22 0.631719 0.191458 0.654062 0.215 0.677656 0.230833 0.710313 0.240833 0.778281 0.240833 0.785781 0.236875 0.800469 0.236875 0.816875 0.228958 0.825781 0.228958 0.8375 0.221042 0.843437 0.221042 0.852344 0.213125 0.86125 0.21125 0.862656 0.207292 0.873125 0.207292 0.876094 0.378958 0.873125 0.386875 0.867188 0.386875 0.858281 0.394792 0.843437 0.39875 0.842031 0.4025 0.833125 0.4025 0.830156 0.406458 0.822813 0.406458 0.818281 0.410417 0.717656 0.406458 0.696875 0.400625 0.695469 0.396667 0.685156 0.392708 0.673281 0.380833 0.648125 0.345417 0.628906 0.181458
22 0.655469 0.368958 0.667344 0.384792 0.673281 0.384792 0.673281 0.38875 0.680625 0.392708 0.689531 0.392708 0.704375 0.400625 0.716094 0.400625 0.7325 0.408542 0.750156 0.410417 0.82125 0.408542 0.836094 0.400625 0.846406 0.400625 0.855312 0.392708 0.868594 0.390833 0.871562 0.574375 0.836094 0.59 0.797656 0.59 0.772344 0.582292 0.760625 0.582292 0.741406 0.574375 0.7325 0.574375 0.699844 0.558542 0.696875 0.550625 0.690937 0.54875 0.689531 0.542708 0.685156 0.540833 0.685156 0.534792 0.680625 0.532917 0.670312 0.51125 0.667344 0.51125 0.649531 0.36125
22 0.608125 0 0.614062 0.0729167 0.585938 0.0947917 0.578437 0.0947917 0.577031 0.09875 0.532656 0.106458 0.526719 0.110417 0.513437 0.110417 0.497031 0.116458 0.448281 0.116458 0.418594 0.108542 0.395 0.0947917 0.3875 0.086875 0.383125 0.086875 0.360938 0.06125 0.352187 0.01 0.357031 0.001875
22 0.368281 0.07875 0.375625 0.0895833 0.408437 0.111667 0.470156 0.12125 0.502969 0.12125 0.54 0.1075 0.559531 0.106042 0.580156 0.0991667 0.591406 0.09375 0.604844 0.08 0.616094 0.0772917 0.637656 0.235 0.607812 0.265 0.570937 0.280208 0.559531 0.281458 0.551406 0.287083 0.473281 0.287083 0.432031 0.273333 0.413594 0.259583 0.392969 0.232292 0.380625 0.22125 0.362187 0.071875
22 0.382812 0.235 0.398125 0.254167 0.404375 0.255417 0.413594 0.26375 0.440312 0.2775 0.472187 0.285625 0.516406 0.285625 0.570937 0.2775 0.598594 0.266458 0.623281 0.25 0.623281 0.247292 0.635625 0.237708 0.654062 0.404792 0.63875 0.425417 0.587344 0.447292 0.585313 0.451458 0.573906 0.456875 0.555469 0.4625 0.486562 0.46375 0.450625 0.450208 0.433125 0.436458 0.409531 0.407708 0.379688 0.225417
22 0.130937 0.0225 0.168906 0.0389583 0.201875 0.0402083 0.250156 0.0320833 0.275781 0.0239583 0.299531 0.0129167 0.307656 0.001875 0.351875 0.001875 0.373437 0.138958 0.370469 0.138958 0.361094 0.15 0.341562 0.160833 0.304688 0.177292 0.290156 0.17875 0.282969 0.182917 0.228594 0.189792 0.194687 0.189792 0.177187 0.188333 0.160781 0.181458 0.143281 0.170417 0.126719 0.15 0.12375 0.0170833
22 0.135 0.171875 0.168906 0.19375 0.217188 0.196458 0.271719 0.188333 0.296406 0.181458 0.323125 0.170417 0.32625 0.166458 0.347812 0.159583 0.36625 0.144375 0.370469 0.144375 0.392969 0.3075 0.374531 0.322708 0.374531 0.325417 0.349844 0.336458 0.329219 0.352708 0.292344 0.36375 0.240937 0.3625 0.213125 0.356875 0.21 0.352708 0.190469 0.347292 0.168906 0.332292 0.1525 0.3075 0.1525 0.303542 0.144219 0.289792 0.128906 0.165
22 0.128281 0.987292 0.128281 0.669375 0.181563 0.693125 0.232031 0.95375 0.229063 0.955625 0.229063 0.959583 0.217188 0.9675 0.208281 0.969375 0.193437 0.979375 0.192031 0.983333 0.17125 0.989167 0.166875 0.993125 0.126875 0.993125
22 0.402187 0.787917 0.619844 0.884583 0.631563 0.99125 0.433281 0.995208 0.402187 0.797708
22 0.624219 0.890625 0.815156 0.979375 0.825625 0.997083 0.633125 0.99125 0.62125 0.890625