22 0.134219 0.801875 0.160469 0.823333 0.164531 0.997708 0.127031 0.998542 0.126562 0.797917
22 0.167969 0.842917 0.179375 0.844792 0.189375 0.854375 0.194375 0.99625 0.161562 0.99625 0.16 0.844792
22 0.191406 0.83625 0.219375 0.835417 0.232187 0.839167 0.256406 0.859167 0.262188 0.995208 0.195781 0.995208 0.189375 0.853542 0.187188 0.845833
22 0.262188 0.845833 0.267813 0.842083 0.280625 0.842083 0.292813 0.846875 0.302187 0.997083 0.264219 0.99625 0.255781 0.8525
22 0.287188 0.810625 0.287812 0.798333 0.293594 0.793542 0.322031 0.791667 0.347031 0.800208 0.365 0.818333 0.369219 0.997083 0.302813 0.99625 0.293594 0.817292
22 0.366406 0.811667 0.372812 0.802083 0.409219 0.802917 0.424219 0.80875 0.434844 0.820208 0.440625 0.997083 0.372031 0.995208 0.368438 0.822083
22 0.434844 0.817292 0.442031 0.805833 0.462812 0.805 0.480625 0.80875 0.502031 0.821042 0.509062 0.82875 0.51125 0.997083 0.440625 0.997083 0.437031 0.827708
22 0.512656 0.862083 0.519844 0.862917 0.52625 0.86875 0.527656 0.998125 0.512031 0.998125 0.512031 0.859167
22 0.532188 0.860208 0.54375 0.855208 0.564375 0.8575 0.578906 0.861875 0.591719 0.872917 0.594688 0.998542 0.528906 0.998542 0.526875 0.867917
22 0.5975 0.865833 0.605 0.858542 0.628125 0.858542 0.650312 0.867292 0.661562 0.879583 0.661875 0.998958 0.595469 0.998958 0.592969 0.874583
22 0.673125 0.998542 0.661875 0.998958 0.660781 0.90875 0.668125 0.913125 0.673906 0.916875 0.673125 0.998542 0.674063 0.997083 0.675312 0.915417 0.681875 0.909167 0.686094 0.905208 0.70625 0.905208 0.725313 0.909167 0.737187 0.917083 0.739531 0.921875 0.737812 0.996458 0.674063 0.997083
22 0.74375 0.911458 0.75625 0.906042 0.7675 0.905208 0.785937 0.9075 0.798438 0.917083 0.799687 0.997083 0.738906 0.997917 0.738438 0.919375
22 0.796719 0.878125 0.800313 0.869583 0.810312 0.861458 0.837187 0.862292 0.849687 0.865417 0.858594 0.872708 0.862656 0.880625 0.863281 0.996458 0.800781 0.997917 0.799063 0.888542
22 0.860938 0.848958 0.863281 0.995625 0.874531 0.997083 0.873281 0.82375 0.868125 0.824167 0.862656 0.838542