22 0.792031 0.00291667 0.875938 0.00625 0.869844 0.164167 0.85 0.164167 0.841406 0.160833 0.827812 0.154167 0.826562 0.150833 0.808125 0.144375 0.794531 0.13125
22 0.800781 0.144375 0.85625 0.159167 0.85875 0.1625 0.869844 0.164167 0.872344 0.168958 0.871094 0.37125 0.848906 0.367917 0.841406 0.361458 0.836562 0.361458 0.831563 0.354792 0.826562 0.354792 0.802031 0.336667 0.784687 0.317083 0.792031 0.141042
22 0.788438 0.328542 0.793281 0.335208 0.798281 0.335208 0.798281 0.338333 0.808125 0.341667 0.826562 0.354792 0.843906 0.356458 0.85 0.361458 0.86125 0.361458 0.873437 0.367917 0.869844 0.565417 0.8525 0.56375 0.85125 0.560417 0.841406 0.55875 0.829063 0.550625 0.826562 0.545625 0.822969 0.545625 0.820469 0.540625 0.794531 0.525833 0.772344 0.504583 0.779687 0.325208
22 0.779687 0.50625 0.782188 0.512708 0.798281 0.529167 0.817969 0.539167 0.832812 0.552292 0.86125 0.565417 0.868594 0.565417 0.871094 0.56875 0.868594 0.771042 0.85375 0.767708 0.821719 0.749583 0.788438 0.716667 0.787188 0.711667 0.782188 0.710208 0.772344 0.696875 0.765 0.692083 0.771094 0.50625
22 0.7625 0.696875 0.76625 0.696875 0.787188 0.715 0.806875 0.723333 0.836562 0.749583 0.866094 0.764375 0.869844 0.769375 0.869844 0.955208 0.855 0.953542 0.838906 0.940417 0.831563 0.93875 0.830313 0.93375 0.824219 0.932083 0.821719 0.927292 0.793281 0.9125 0.768594 0.889375 0.75875 0.874583 0.752656 0.858125 0.755156 0.692083
22 0.755156 0.87125 0.75875 0.872917 0.768594 0.889375 0.776094 0.894375 0.776094 0.897708 0.790937 0.905833 0.790937 0.909167 0.795781 0.910833 0.798281 0.915625 0.805625 0.917292 0.835313 0.93875 0.85 0.94375 0.85625 0.950208 0.863594 0.950208 0.872344 0.955208 0.871094 0.99625 0.746406 0.99625 0.746406 0.869583
22 0.790156 0.00625 0.788594 0.150208 0.782656 0.152292 0.78125 0.158125 0.767969 0.160208 0.7575 0.166042 0.739844 0.167917 0.732344 0.173958 0.710156 0.177917 0.659844 0.179792 0.625781 0.179792 0.608125 0.173958 0.587344 0.173958 0.569531 0.166042 0.557656 0.166042 0.538438 0.158125 0.526563 0.158125 0.510313 0.150208 0.495625 0.148333 0.489687 0.142292 0.468906 0.134375 0.462969 0.126667 0.454063 0.122708 0.454063 0.00625
22 0.458594 0.126667 0.461562 0.126667 0.470313 0.138333 0.474844 0.138333 0.474844 0.142292 0.489687 0.14625 0.507344 0.158125 0.517813 0.158125 0.522188 0.162083 0.544375 0.166042 0.547344 0.17 0.565156 0.173958 0.705781 0.171875 0.745781 0.164167 0.765 0.15625 0.782656 0.158125 0.782656 0.347708 0.770937 0.363333 0.766406 0.363333 0.759062 0.37125 0.751563 0.37125 0.736875 0.379167 0.723437 0.379167 0.720625 0.383125 0.710156 0.383125 0.704219 0.387083 0.647969 0.387083 0.599219 0.38125 0.575469 0.37125 0.568125 0.37125 0.562188 0.365417 0.541406 0.363333 0.534062 0.3575 0.522188 0.355417 0.520781 0.351667 0.510313 0.347708 0.502969 0.339792 0.495625 0.339792 0.491094 0.33375 0.482188 0.331875 0.477813 0.325833 0.457031 0.314167 0.451094 0.130417
22 0.461562 0.325833 0.461562 0.329792 0.494062 0.347708 0.497031 0.353542 0.504375 0.355417 0.508906 0.361458 0.520781 0.363333 0.526563 0.369375 0.541406 0.37125 0.554688 0.379167 0.565156 0.379167 0.574062 0.385208 0.585781 0.387083 0.6925 0.387083 0.747188 0.375208 0.751563 0.37125 0.7575 0.37125 0.765 0.363333 0.778281 0.363333 0.769375 0.545 0.766406 0.545 0.751563 0.56875 0.735313 0.5825 0.710156 0.592292 0.695312 0.594375 0.686562 0.600208 0.639062 0.600208 0.627344 0.59625 0.6125 0.59625 0.606563 0.592292 0.594688 0.592292 0.582812 0.588333 0.58 0.584375 0.550312 0.576667 0.538438 0.56875 0.531094 0.56875 0.501406 0.552917 0.488125 0.537083 0.480781 0.533125 0.480781 0.529167 0.474844 0.527292 0.473281 0.52125 0.4675 0.519375 0.4675 0.513333 0.462969 0.513333 0.452656 0.503542 0.449688 0.495625 0.44375 0.489792 0.454063 0.32
22 0.446719 0.515417 0.451094 0.515417 0.462969 0.53125 0.474844 0.539167 0.479219 0.546875 0.488125 0.550833 0.489687 0.554792 0.495625 0.554792 0.505938 0.562708 0.513281 0.562708 0.526563 0.570625 0.534062 0.570625 0.547344 0.578542 0.591719 0.586458 0.600625 0.592292 0.674687 0.590417 0.70125 0.586458 0.717656 0.578542 0.733906 0.576667 0.74125 0.570625 0.747188 0.570625 0.754531 0.562708 0.760469 0.562708 0.754531 0.728542 0.750156 0.730417 0.74875 0.740417 0.742812 0.744375 0.742812 0.748333 0.725 0.760208 0.713125 0.775833 0.704219 0.779792 0.702813 0.78375 0.66875 0.797708 0.622812 0.797708 0.597656 0.791667 0.578437 0.791667 0.547344 0.781875 0.545937 0.777917 0.505938 0.752292 0.5 0.744375 0.495625 0.744375 0.485156 0.734375 0.457031 0.696875 0.452656 0.695 0.451094 0.689167 0.446719 0.689167 0.445156 0.68125 0.440781 0.677292 0.437812 0.667292 0.440781 0.5075
22 0.44375 0.692917 0.46 0.720625 0.47625 0.7325 0.477813 0.736458 0.482188 0.736458 0.482188 0.740417 0.492656 0.744375 0.494062 0.748333 0.511875 0.760208 0.568125 0.78375 0.577031 0.78375 0.591719 0.789792 0.640625 0.787708 0.647969 0.78375 0.659844 0.78375 0.671719 0.775833 0.689531 0.773958 0.695312 0.767917 0.722031 0.760208 0.74875 0.736458 0.742812 0.902292 0.74125 0.916042 0.738281 0.917917 0.735313 0.929792 0.732344 0.929792 0.732344 0.93375 0.729375 0.93375 0.729375 0.937708 0.726406 0.937708 0.725 0.941667 0.720625 0.941667 0.717656 0.947708 0.6925 0.965417 0.577031 0.965417 0.565156 0.959375 0.550312 0.9575 0.545937 0.951667 0.525156 0.939792 0.52375 0.935833 0.505938 0.925833 0.464531 0.886458 0.452656 0.872708 0.44375 0.85875 0.44375 0.854792 0.440781 0.854792 0.437812 0.685208
22 0.440781 0.874583 0.448125 0.880417 0.48375 0.92 0.510313 0.941667 0.519219 0.94375 0.52375 0.949583 0.542969 0.953542 0.545937 0.9575 0.566563 0.959375 0.575469 0.963333 0.631719 0.963333 0.642031 0.959375 0.656875 0.959375 0.659844 0.955417 0.667188 0.955417 0.707188 0.939792 0.738281 0.917917 0.738281 0.998958 0.440781 0.996875 0.440781 0.874583 0.357656 0.166042 0.251719 0.167292 0.236406 0.166042 0.198281 0.155 0.163437 0.138542 0.143906 0.125 0.139063 0.006875 0.147656 0.00145833 0.450156 0.00145833 0.452187 0.115208 0.444062 0.131667 0.435781 0.137292 0.357656 0.166042
22 0.143906 0.130417 0.152031 0.133125 0.162344 0.142708 0.197344 0.156458 0.27125 0.178333 0.332969 0.177083 0.386406 0.166042 0.434688 0.144167 0.444062 0.133125 0.449219 0.133125 0.444062 0.334583 0.407031 0.357917 0.402969 0.357917 0.390625 0.368958 0.355625 0.379792 0.315469 0.379792 0.303125 0.375625 0.279531 0.374375 0.264062 0.368958 0.218906 0.363333 0.189062 0.351042 0.160312 0.330417 0.145937 0.313958 0.143906 0.144167
22 0.151094 0.329167 0.160312 0.34 0.185938 0.35375 0.224062 0.359375 0.299063 0.377083 0.349375 0.377083 0.361719 0.374375 0.417344 0.3525 0.432656 0.341458 0.442969 0.34 0.439844 0.50875 0.4275 0.534792 0.402969 0.555208 0.357656 0.571667 0.320625 0.573125 0.295 0.568958 0.258906 0.568958 0.217813 0.557917 0.192188 0.544375 0.171563 0.527917 0.15625 0.505833 0.153125 0.505833 0.142813 0.483958 0.140781 0.483958 0.144844 0.322292
22 0.145937 0.503125 0.179844 0.540208 0.192188 0.549792 0.218906 0.562083 0.264062 0.573125 0.326875 0.573125 0.351562 0.567708 0.401875 0.55125 0.430625 0.530625 0.426563 0.699167 0.394687 0.730625 0.344375 0.753958 0.325781 0.756667 0.249688 0.753958 0.212656 0.743125 0.198281 0.734792 0.179844 0.715625 0.165469 0.7075 0.151094 0.69375 0.139688 0.671875 0.137656 0.499167
22 0.142813 0.685417 0.151094 0.700625 0.169531 0.714167 0.169531 0.717083 0.26 0.759583 0.301094 0.759583 0.377188 0.743125 0.402969 0.732083 0.414219 0.721042 0.420312 0.7075 0.426563 0.706042 0.429688 0.859583 0.411094 0.895208 0.399844 0.9075 0.354531 0.93625 0.329844 0.943125 0.324844 0.947292 0.246719 0.945833 0.227188 0.940417 0.19625 0.923958 0.166406 0.8925 0.145937 0.860833 0.13875 0.844375 0.136719 0.678542
22 0.140781 0.865 0.141719 0.856875 0.144844 0.858125 0.15 0.877292 0.179844 0.919792 0.205469 0.937708 0.211719 0.937708 0.216875 0.943125 0.222969 0.943125 0.23125 0.948542 0.284687 0.948542 0.300156 0.943125 0.330937 0.940417 0.361719 0.932292 0.391562 0.915833 0.413125 0.89375 0.421406 0.877292 0.424531 0.877292 0.424531 0.996667 0.153125 0.995208 0.15 0.9925 0.143906 0.971875 0.13875 0.876042