22 0.872344 0 0.873906 0.19875 0.827969 0.19875 0.779219 0.182917 0.759844 0.182917 0.72875 0.175208 0.715469 0.167292 0.706562 0.167292 0.691875 0.159375 0.685937 0.159375 0.678438 0.153333 0.662188 0.1475 0.662188 0.143542 0.65625 0.143542 0.650312 0.135625 0.645937 0.135625 0.64 0.127708 0.634062 0.125833 0.631094 0.119792 0.625156 0.117917 0.622188 0.111875 0.614844 0.11 0.608906 0.102083 0.604531 0.102083 0.601562 0.09625 0.595625 0.09625 0.597031 0.008125 0.613281 0.00125
22 0.594062 0.10875 0.613438 0.119792 0.638594 0.145417 0.662188 0.153333 0.681406 0.165208 0.697813 0.169167 0.700625 0.173125 0.717031 0.175208 0.725938 0.181042 0.751094 0.182917 0.759844 0.188958 0.774687 0.190833 0.789531 0.19875 0.802812 0.19875 0.80875 0.202708 0.859062 0.202708 0.862031 0.19875 0.875313 0.19875 0.869375 0.453333 0.822031 0.451458 0.811719 0.445417 0.762813 0.439583 0.6725 0.403958 0.660781 0.392292 0.65625 0.392292 0.65625 0.388333 0.651875 0.388333 0.647344 0.380417 0.634062 0.3725 0.631094 0.366458 0.611875 0.34875 0.608906 0.34875 0.594062 0.328958 0.591094 0.317292
22 0.590469 0.342917 0.607031 0.362083 0.625469 0.375625 0.625469 0.378542 0.642969 0.393542 0.705625 0.427708 0.736563 0.434583 0.758125 0.444167 0.769375 0.445625 0.773594 0.449792 0.811562 0.457917 0.873281 0.457917 0.872188 0.681458 0.802344 0.68 0.727187 0.658125 0.689219 0.644375 0.6625 0.630625 0.625469 0.601875 0.624531 0.597708 0.61625 0.590833 0.588438 0.548333 0.584375 0.5375 0.584375 0.336042
22 0.589531 0.547083 0.594688 0.5525 0.595625 0.559375 0.602812 0.571667 0.63375 0.60875 0.695469 0.648542 0.701562 0.648542 0.735469 0.665 0.742656 0.665 0.787969 0.681458 0.873281 0.684167 0.873281 0.918542 0.868125 0.918542 0.87125 0.9225 0.812656 0.9225 0.738594 0.902083 0.676875 0.871875 0.65125 0.85125 0.632656 0.829375 0.592656 0.762292 0.583281 0.740208 0.58125 0.544375
22 0.222969 0.00583333 0.219219 0.00583333 0.222812 0.00104167 0.222969 0.00583333 0.222969 0.00583333 0.592344 0.00104167 0.592344 0.124167 0.585156 0.126667 0.583437 0.13375 0.578125 0.13375 0.570937 0.143125 0.558594 0.145625 0.551406 0.152708 0.539062 0.152708 0.515937 0.159792 0.515937 0.162083 0.492812 0.164583 0.483906 0.171667 0.393281 0.169167 0.393281 0.166875 0.384531 0.166875 0.37375 0.162083 0.357812 0.162083 0.357812 0.159792 0.350781 0.159792 0.336562 0.152708 0.315156 0.150417 0.304531 0.143125 0.286719 0.140833 0.285 0.136042 0.274375 0.13375 0.267188 0.128958 0.265469 0.124167 0.252969 0.121875 0.245938 0.114792 0.237031 0.1125 0.231719 0.105417 0.224531 0.105417 0.222969 0.00583333
22 0.227188 0.116667 0.244375 0.126458 0.249375 0.133125 0.2975 0.152917 0.357969 0.162708 0.423281 0.166042 0.449219 0.170833 0.48125 0.169167 0.498594 0.161042 0.529375 0.154375 0.5725 0.133125 0.589844 0.133125 0.589844 0.139583 0.587344 0.14125 0.58 0.343542 0.563906 0.366667 0.550312 0.376458 0.529375 0.383125 0.520781 0.389583 0.514531 0.389583 0.509687 0.39625 0.503437 0.39625 0.494844 0.402917 0.4875 0.402917 0.472656 0.409375 0.396094 0.407708 0.281406 0.376458 0.254375 0.356667 0.253125 0.351875 0.229687 0.325417 0.219844 0.309167 0.216094 0.2975 0.220938 0.108333
22 0.217344 0.325417 0.222187 0.335417 0.232031 0.341875 0.234531 0.346875 0.259219 0.361667 0.261719 0.366667 0.282656 0.381458 0.286406 0.381458 0.287656 0.386458 0.29625 0.387917 0.319688 0.40125 0.334531 0.404375 0.337031 0.407708 0.468906 0.414375 0.496094 0.407708 0.540469 0.381458 0.584844 0.350208 0.5825 0.36 0.58125 0.555833 0.5725 0.572292 0.549063 0.596875 0.528125 0.605208 0.526875 0.608333 0.503437 0.618333 0.496094 0.624792 0.457813 0.631458 0.442969 0.637917 0.39 0.637917 0.376406 0.633125 0.350469 0.631458 0.325781 0.624792 0.29625 0.611667 0.277813 0.598542 0.265469 0.585417 0.253125 0.57875 0.238281 0.562292 0.224688 0.539375 0.213594 0.315625
22 0.227188 0.545833 0.227188 0.549167 0.235781 0.5575 0.237031 0.563958 0.239531 0.563958 0.246875 0.577083 0.264219 0.590417 0.271563 0.598542 0.271563 0.601875 0.280156 0.608333 0.329531 0.629792 0.385 0.642917 0.440625 0.642917 0.470156 0.629792 0.498594 0.623125 0.504687 0.618333 0.514531 0.616667 0.518281 0.611667 0.556562 0.590417 0.568906 0.575417 0.5775 0.575417 0.5775 0.764583 0.5725 0.774583 0.568906 0.77625 0.562656 0.794167 0.560156 0.794167 0.545469 0.818958 0.505938 0.853542 0.472656 0.87 0.457813 0.873125 0.3925 0.871667 0.3875 0.868333 0.355469 0.865 0.313594 0.846875 0.295 0.827083 0.29125 0.827083 0.290156 0.822292 0.266719 0.804167 0.248125 0.77125 0.233281 0.735 0.232031 0.721875 0.227188 0.71375 0.222187 0.536042
22 0.127188 0.00645833 0.213594 0.00479167 0.211094 0.0672917 0.2075 0.070625 0.20625 0.0770833 0.176563 0.106667 0.127188 0.124792
22 0.135937 0.128125 0.151875 0.12 0.179062 0.113333 0.180313 0.11 0.20125 0.100208 0.20375 0.0935417 0.2075 0.0935417 0.213594 0.0870833 0.211094 0.304167 0.208594 0.304167 0.20625 0.312292 0.191406 0.327083 0.156875 0.350208 0.151875 0.356667 0.145781 0.356667 0.133438 0.363333 0.127188 0.363333 0.127188 0.133125
22 0.132187 0.361667 0.138281 0.356667 0.148281 0.355208 0.151875 0.350208 0.158125 0.350208 0.166719 0.343542 0.175313 0.341875 0.176563 0.337083 0.180313 0.337083 0.182812 0.332083 0.195156 0.323958 0.20375 0.312292 0.212344 0.310625 0.211094 0.498125 0.20625 0.517917 0.20125 0.52125 0.20125 0.52625 0.1975 0.527917 0.196406 0.532708 0.170469 0.560625 0.166719 0.560625 0.161719 0.567292 0.142031 0.57875 0.128438 0.58375 0.127188 0.37
22 0.135937 0.57875 0.151875 0.572292 0.162969 0.562292 0.176563 0.555833 0.191406 0.539375 0.1975 0.527917 0.2 0.527917 0.2025 0.517917 0.2075 0.511458 0.214844 0.511458 0.213594 0.705417 0.211094 0.707083 0.208594 0.718542 0.20625 0.718542 0.20625 0.723542 0.196406 0.735 0.180313 0.764583 0.165469 0.777917 0.165469 0.781042 0.135937 0.7975 0.130937 0.7975 0.127188 0.582083