22 0.831719 0.004375 0.871094 0.004375 0.869844 0.208333 0.868594 0.201875 0.86 0.195208 0.820469 0.195208 0.824219 0.009375
22 0.737969 0.00125 0.822969 0.00270833 0.822969 0.149167 0.819375 0.1475 0.814375 0.136042 0.802031 0.122917 0.799531 0.11625 0.783594 0.103125 0.76875 0.0964583 0.731719 0.098125 0.730469 0.00125
22 0.836719 0.195833 0.870781 0.207708 0.872344 0.675417 0.8175 0.62625 0.8175 0.195833
22 0.740625 0.10125 0.762813 0.10125 0.786406 0.108958 0.787969 0.115 0.793906 0.116875 0.807188 0.132708 0.810156 0.132708 0.819063 0.148542 0.810156 0.628125 0.72875 0.562917 0.730156 0.0972917 0.731719 0.0991667
22 0.647344 0.004375 0.673906 0.00645833 0.684375 0.014375 0.68875 0.014375 0.696094 0.0222917 0.703594 0.0241667 0.706562 0.03 0.710938 0.03 0.713906 0.0379167 0.72125 0.04 0.724219 0.0458333 0.72875 0.0479167 0.730156 0.0558333 0.722813 0.55125 0.639844 0.499792 0.638437 0.00645833
22 0.530312 0.415 0.527344 0.00833333 0.527344 0.0025 0.629531 0.004375 0.636875 0.495833 0.530312 0.415 0.524062 0.414167 0.405625 0.323542 0.404219 0.00520833 0.410469 0.001875 0.519688 0.005625 0.524062 0.414167
22 0.404219 0.329792 0.272187 0.228958 0.267969 0.00333333 0.397813 0.00333333 0.404219 0.329792 0.34875 0.72875 0.368438 0.73375 0.400469 0.746875 0.402969 0.751667 0.410469 0.753333 0.425156 0.768125 0.430156 0.78125 0.428906 0.998542 0.311719 0.998542 0.303125 0.735208 0.307969 0.727083 0.34875 0.72875
22 0.4425 0.794583 0.460938 0.794583 0.509062 0.807708 0.54 0.830625 0.544844 0.998542 0.431406 0.996875 0.435156 0.789583
22 0.553438 0.845417 0.565781 0.845417 0.610313 0.85875 0.613906 0.863542 0.622656 0.865208 0.63 0.875 0.638594 0.878333 0.634844 0.996875 0.548594 0.995208 0.544844 0.842292
22 0.650938 0.899792 0.675625 0.904792 0.682969 0.909583 0.692969 0.909583 0.725 0.927708 0.725 0.996875 0.641094 0.996875 0.642344 0.898125
22 0.742188 0.940833 0.773125 0.949167 0.777969 0.953958 0.798906 0.962292 0.805156 0.96875 0.802656 0.998542 0.731094 0.996875 0.733594 0.9425