22 0.437031 0.00520833 0.441875 0.487083 0.417344 0.500208 0.376563 0.500208 0.347031 0.49375 0.335938 0.487083 0.333437 0.482292 0.314375 0.00208333
22 0.441719 0.00395833 0.490937 0.003125 0.545156 0.010625 0.548125 0.473333 0.535937 0.482708 0.520156 0.488542 0.470937 0.489375 0.443906 0.48 0.439531 0.005
22 0.554531 0.0145833 0.597969 0.0202083 0.610938 0.026875 0.630156 0.026875 0.640156 0.0316667 0.640156 0.462708 0.632969 0.471458 0.614531 0.48 0.579531 0.480833 0.550156 0.472292 0.546563 0.010625
22 0.724375 0.0516667 0.724375 0.466667 0.717187 0.472292 0.701562 0.477083 0.656562 0.474167 0.640937 0.465625 0.63875 0.0335417
22 0.722969 0.0516667 0.800781 0.0620833 0.797187 0.458958 0.781562 0.470417 0.742969 0.469375 0.724375 0.46375 0.722187 0.050625
22 0.802812 0.0691667 0.869375 0.0802083 0.863594 0.458958 0.855781 0.464792 0.832969 0.465625 0.812187 0.46375 0.796563 0.457083
22 0.337344 0.496667 0.36 0.507708 0.389688 0.509167 0.419531 0.502292 0.435 0.493958 0.444219 0.495417 0.451406 0.957292 0.443281 0.976458 0.435 0.983333 0.418594 0.990208 0.383594 0.994167 0.357969 0.990208 0.346562 0.984583 0.332187 0.505
22 0.4525 0.487083 0.474062 0.493958 0.503906 0.493958 0.529531 0.488542 0.545 0.478958 0.552187 0.478958 0.553281 0.484375 0.555312 0.93125 0.537813 0.958542 0.532656 0.96 0.523438 0.969583 0.511094 0.97375 0.475156 0.971042 0.462812 0.964167 0.453437 0.954583 0.444219 0.484375
22 0.55625 0.474792 0.58 0.483125 0.617969 0.481667 0.641563 0.474792 0.640625 0.896875 0.638594 0.905208 0.62625 0.921667 0.609687 0.93125 0.582031 0.9325 0.554219 0.921667 0.547031 0.472083
22 0.646719 0.470625 0.657031 0.47625 0.7125 0.47625 0.724844 0.472083 0.724844 0.870833 0.719688 0.89 0.708437 0.90375 0.700156 0.906458 0.657031 0.90375 0.641563 0.891458 0.638594 0.470625
22 0.732031 0.469375 0.746406 0.47625 0.765937 0.47625 0.783438 0.472083 0.797813 0.46375 0.789687 0.851667 0.783438 0.863958 0.771094 0.87375 0.759844 0.877708 0.721719 0.87375 0.725938 0.4625
22 0.795469 0.610417 0.794375 0.5925 0.800938 0.461042 0.81125 0.466667 0.833906 0.466667 0.85125 0.46375 0.855469 0.459792 0.865781 0.459792 0.8575 0.825625 0.845156 0.848958 0.835938 0.853125 0.815312 0.853125 0.791719 0.843542 0.792344 0.650417