22 0.532656 0.004375 0.837656 0.00229167 0.837656 0.172083 0.825781 0.164167 0.82125 0.15625 0.816875 0.154375 0.816875 0.150417 0.807969 0.148333 0.805 0.1425 0.793125 0.140625 0.781406 0.132708 0.770937 0.132708 0.762031 0.126667 0.744375 0.124792 0.735469 0.11875 0.713281 0.114792 0.646719 0.114792 0.585938 0.124792 0.574062 0.132708 0.568125 0.132708 0.562344 0.140625 0.557813 0.140625 0.551875 0.148333 0.548906 0.148333 0.548906 0.152292 0.545937 0.152292 0.542969 0.160208 0.532656 0.172083
22 0.54 0.168125 0.544531 0.162292 0.544531 0.15625 0.550469 0.152292 0.550469 0.148333 0.556406 0.140625 0.562344 0.138542 0.56375 0.132708 0.568125 0.132708 0.577031 0.124792 0.590469 0.122708 0.597813 0.116875 0.615625 0.116875 0.628906 0.112917 0.728125 0.116875 0.775469 0.134583 0.781406 0.140625 0.787344 0.140625 0.794687 0.148333 0.805 0.152292 0.806563 0.15625 0.816875 0.158333 0.818281 0.162292 0.839063 0.176042 0.830156 0.363542 0.799063 0.349792 0.767969 0.33 0.722187 0.322083 0.662969 0.322083 0.651094 0.326042 0.621406 0.326042 0.597813 0.33 0.584531 0.337917 0.578594 0.337917 0.572656 0.345833 0.568125 0.345833 0.559375 0.35375 0.553438 0.35375 0.538594 0.363542 0.537031 0.178125
22 0.538594 0.359583 0.5475 0.349792 0.557813 0.345833 0.566719 0.337917 0.572656 0.337917 0.575625 0.333958 0.584531 0.333958 0.591875 0.33 0.639219 0.33 0.651094 0.328125 0.661406 0.322083 0.71625 0.324167 0.723594 0.33 0.738438 0.33 0.753281 0.335833 0.781406 0.339792 0.809531 0.35375 0.834688 0.379375 0.830156 0.57875 0.818281 0.574792 0.809531 0.566875 0.790156 0.564792 0.784375 0.558958 0.762031 0.556875 0.751719 0.551042 0.585938 0.551042 0.559375 0.558958 0.537031 0.576667 0.534219 0.369375
22 0.544531 0.574792 0.568125 0.558958 0.612656 0.547083 0.6525 0.547083 0.668906 0.551042 0.736875 0.551042 0.759219 0.558958 0.785781 0.562917 0.791719 0.566875 0.816875 0.566875 0.824219 0.572708 0.833125 0.574792 0.836094 0.586667 0.839063 0.588542 0.839063 0.772083 0.782813 0.75625 0.591875 0.75625 0.572656 0.764167 0.56375 0.764167 0.562344 0.768125 0.542969 0.774167 0.538594 0.582708
22 0.585938 0.750417 0.698438 0.752292 0.719219 0.75625 0.805 0.75625 0.815469 0.758333 0.822813 0.764167 0.831719 0.764167 0.840625 0.772083 0.847969 0.969375 0.813906 0.969375 0.770937 0.977292 0.662969 0.977292 0.651094 0.98125 0.593281 0.98125 0.562344 0.975417 0.556406 0.969375 0.550469 0.969375 0.54 0.787917 0.54 0.774167 0.550469 0.764167 0.556406 0.764167 0.566719 0.75625 0.575625 0.75625 0.585938 0.750417 0.532656 0.19375 0.5075 0.183958 0.488281 0.172083 0.455625 0.164167 0.446875 0.160208 0.445312 0.15625 0.41125 0.146458 0.312031 0.146458 0.269219 0.154375 0.267656 0.158333 0.263281 0.158333 0.263281 0.162292 0.260313 0.162292 0.255781 0.170208 0.252969 0.170208 0.244062 0.185833 0.239844 0.0110417 0.255469 0.004375 0.511875 0.00625 0.513437 0.0102083 0.52375 0.0122917 0.526719 0.018125 0.529687 0.018125 0.532656 0.19375
22 0.2425 0.197708 0.257344 0.181875 0.257344 0.178125 0.263281 0.176042 0.263281 0.172083 0.281094 0.160208 0.286875 0.160208 0.288438 0.15625 0.329844 0.152292 0.350625 0.146458 0.381719 0.146458 0.386094 0.150417 0.420156 0.154375 0.424531 0.158333 0.435 0.158333 0.440937 0.162292 0.455625 0.162292 0.472031 0.170208 0.473438 0.174167 0.494219 0.18 0.495625 0.183958 0.506094 0.187917 0.5075 0.191875 0.516406 0.195833 0.517813 0.201667 0.522344 0.201667 0.525312 0.209583 0.528281 0.209583 0.534219 0.399167 0.529687 0.399167 0.525312 0.39125 0.476406 0.361667 0.446875 0.359583 0.436406 0.35375 0.384687 0.351667 0.375781 0.347708 0.325469 0.347708 0.320937 0.351667 0.304688 0.351667 0.301719 0.355625 0.276562 0.359583 0.273594 0.363542 0.257344 0.3675 0.25 0.375417 0.239531 0.379375 0.239531 0.207708
22 0.244062 0.369375 0.25875 0.359583 0.26625 0.359583 0.275156 0.351667 0.286875 0.351667 0.289844 0.347708 0.29875 0.347708 0.303281 0.34375 0.375781 0.341875 0.408281 0.345833 0.414219 0.349792 0.460156 0.359583 0.464531 0.365625 0.477969 0.3675 0.486719 0.375417 0.494219 0.375417 0.500156 0.38125 0.510469 0.383333 0.513437 0.389167 0.52375 0.393125 0.52375 0.397083 0.535625 0.401042 0.537031 0.604375 0.532656 0.604375 0.52375 0.596458 0.494219 0.588542 0.477969 0.580625 0.460156 0.580625 0.429063 0.56875 0.41125 0.56875 0.405312 0.564792 0.387656 0.562917 0.328437 0.562917 0.292813 0.566875 0.263281 0.574792 0.261719 0.57875 0.251406 0.582708 0.251406 0.586667 0.244062 0.5925 0.2425 0.38125
22 0.247031 0.596458 0.25 0.584583 0.25875 0.574792 0.281094 0.574792 0.291406 0.572708 0.29875 0.566875 0.317969 0.564792 0.37875 0.564792 0.414219 0.56875 0.423125 0.574792 0.448281 0.576667 0.469062 0.582708 0.485313 0.582708 0.492656 0.584583 0.498594 0.590625 0.535625 0.600417 0.541563 0.80375 0.534219 0.797708 0.519375 0.79375 0.503125 0.79375 0.480781 0.787917 0.45125 0.787917 0.405312 0.78 0.341719 0.778125 0.328437 0.774167 0.292813 0.774167 0.267656 0.778125 0.251406 0.787917 0.245469 0.787917 0.239531 0.600417
22 0.25 0.781875 0.252969 0.778125 0.257344 0.778125 0.25875 0.774167 0.335781 0.776042 0.347656 0.78 0.448281 0.78 0.460156 0.783958 0.475 0.783958 0.480781 0.787917 0.516406 0.791875 0.52375 0.795833 0.537031 0.795833 0.542969 0.801667 0.554844 0.977292 0.5475 0.983333 0.537031 0.985208 0.495625 0.985208 0.485313 0.989167 0.393594 0.989167 0.380156 0.993125 0.294375 0.993125 0.283906 0.99125 0.281094 0.987292 0.264688 0.985208 0.257344 0.977292 0.244062 0.795833 0.247031 0.791875
22 0.168125 0.00708333 0.175625 0.015 0.182969 0.015 0.199219 0.0229167 0.20375 0.0289583 0.222969 0.03875 0.240781 0.0564583 0.242188 0.243958 0.233281 0.243958 0.227344 0.236042 0.200781 0.228333 0.193437 0.220417 0.1875 0.220417 0.151875 0.196667 0.135625 0.196667 0.13125 0.200625 0.128438 0.00854167 0.14125 0.00520833 0.156406 0.00854167 0.167813 0.00708333
22 0.150469 0.198542 0.154844 0.2025 0.171094 0.206458 0.181563 0.214375 0.1875 0.214375 0.190469 0.218333 0.202188 0.220417 0.208125 0.22625 0.22 0.228333 0.222969 0.234167 0.230313 0.236042 0.23625 0.243958 0.242188 0.425625 0.228906 0.423542 0.227344 0.417708 0.222969 0.417708 0.217031 0.409792 0.19625 0.407917 0.174063 0.393958 0.129688 0.393958 0.126719 0.198542
22 0.165313 0.397917 0.185938 0.4 0.193437 0.405833 0.211094 0.407917 0.22 0.41375 0.242188 0.415833 0.239219 0.607083 0.224375 0.605208 0.222969 0.60125 0.217031 0.60125 0.214062 0.597292 0.172656 0.583542 0.141562 0.583542 0.128281 0.589375 0.128281 0.397917
22 0.137187 0.5875 0.145937 0.583542 0.188906 0.583542 0.231875 0.599375 0.240781 0.609167 0.240781 0.792708 0.222969 0.786875 0.188906 0.784792 0.175625 0.778958 0.125312 0.778958 0.129688 0.593333
22 0.134219 0.786875 0.151875 0.778958 0.208125 0.778958 0.246719 0.78875 0.262969 0.988125 0.126719 0.992083 0.125312 0.784792