22 0.646875 0 0.641875 0.0510417 0.577969 0.0535417 0.501563 0.0675 0.464844 0.0860417 0.451562 0.0972917 0.455 0.00395833
22 0.454219 0.0945833 0.467031 0.0852083 0.489844 0.0766667 0.499219 0.07 0.555625 0.055625 0.64125 0.0508333 0.644062 0.0527083 0.644062 0.0670833 0.638437 0.210833 0.632031 0.207083 0.583437 0.207083 0.552813 0.210833 0.510625 0.223125 0.462031 0.245 0.449219 0.254583 0.447813 0.10125
22 0.452813 0.247917 0.507031 0.22125 0.542812 0.210833 0.570625 0.206042 0.637656 0.207083 0.642031 0.358333 0.60125 0.356458 0.560625 0.366042 0.532813 0.366042 0.492812 0.371667 0.473438 0.378333 0.449219 0.3925 0.448594 0.2575
22 0.295781 0.162292 0.32125 0.141875 0.352813 0.129167 0.395 0.124375 0.444375 0.126667 0.447969 0.271042 0.348594 0.275 0.324844 0.281458 0.290313 0.29875 0.289687 0.169583
22 0.291563 0.292917 0.300937 0.282708 0.351406 0.266667 0.372031 0.264375 0.443906 0.266667 0.445625 0.267917 0.448281 0.393542 0.399375 0.395833 0.3275 0.405 0.300937 0.413958 0.288125 0.426667 0.286406 0.302083
22 0.456094 0.39 0.470469 0.381875 0.476719 0.381875 0.482812 0.376458 0.510625 0.370833 0.518906 0.365417 0.568125 0.36 0.583594 0.354375 0.616563 0.354375 0.639062 0.358542 0.635 0.5025 0.456094 0.521667 0.450938 0.398333
22 0.295781 0.0214583 0.300937 0.0185417 0.300937 0.0145833 0.304063 0.0145833 0.307031 0.00895833 0.325313 0.00208333 0.342344 0.00479167 0.355 0.0025 0.453125 0.00354167 0.444844 0.131042 0.428437 0.124167 0.395469 0.124167 0.325625 0.143333 0.306094 0.151667 0.289687 0.163958 0.290625 0.0295833
22 0.296406 0.421458 0.325156 0.407708 0.345625 0.406458 0.352813 0.402292 0.404219 0.396875 0.419688 0.39125 0.443281 0.392708 0.4475 0.396875 0.453594 0.522917 0.296406 0.544792 0.29125 0.429792
22 0.155469 0.00208333 0.29125 0.00208333 0.292187 0.06375 0.275781 0.0541667 0.224375 0.055625 0.204844 0.0610417 0.186406 0.070625 0.170938 0.0720833 0.162656 0.07875 0.154531 0.098125 0.154531 0.00479167
22 0.153438 0.0939583 0.158594 0.0829167 0.187344 0.0664583 0.232656 0.0583333 0.290156 0.0622917 0.288125 0.188542 0.272656 0.184375 0.22125 0.188542 0.191562 0.198125 0.185312 0.203542 0.179219 0.203542 0.154531 0.218542 0.154531 0.104792
22 0.159688 0.215833 0.16375 0.208958 0.172031 0.203542 0.214062 0.1925 0.232656 0.19125 0.240781 0.187083 0.279844 0.187083 0.289219 0.189792 0.292187 0.195417 0.287031 0.307708 0.260313 0.307708 0.194531 0.31875 0.179219 0.324167 0.168906 0.3325 0.168906 0.335208 0.1575 0.340625 0.1525 0.222708
22 0.164688 0.335208 0.177031 0.324167 0.212031 0.313125 0.25625 0.306458 0.286094 0.309167 0.289219 0.4325 0.259375 0.431042 0.233594 0.43375 0.223281 0.439375 0.187344 0.444792 0.166875 0.455833 0.1575 0.344792
22 0.172969 0.454375 0.179219 0.4475 0.197656 0.440625 0.247969 0.43375 0.289219 0.43375 0.297344 0.544792 0.169844 0.563958 0.165781 0.463958
22 0.661406 0.7025 0.659375 0.832708 0.655312 0.836875 0.641875 0.845208 0.577187 0.854792 0.516563 0.853333 0.486719 0.845208 0.481563 0.839583 0.474375 0.838333 0.470313 0.720417 0.483594 0.708125 0.512344 0.697083 0.586406 0.690208 0.645 0.691667 0.658281 0.7025 0.659375 0.708125
22 0.472344 0.709375 0.473281 0.834167 0.439375 0.838333 0.400312 0.838333 0.317031 0.82875 0.314063 0.724583 0.317031 0.724583 0.319062 0.718958 0.342813 0.709375 0.371563 0.708125 0.417812 0.697083 0.460938 0.695625 0.47125 0.697083 0.478437 0.7025
22 0.189531 0.727292 0.205 0.71625 0.248125 0.71625 0.26875 0.712083 0.314063 0.713542 0.311875 0.724583 0.316094 0.824583 0.293438 0.834167 0.266719 0.838333 0.224531 0.838333 0.186563 0.83 0.181406 0.728542
22 0.474531 0.838542 0.530156 0.855625 0.577344 0.855625 0.615 0.846458 0.641563 0.844167 0.66125 0.833958 0.650938 0.953958 0.62875 0.962917 0.581562 0.972083 0.510469 0.971042 0.485625 0.962917 0.471875 0.948125 0.466719 0.841875
22 0.322031 0.831667 0.352031 0.831667 0.380312 0.837292 0.473594 0.833958 0.471094 0.9425 0.453906 0.951667 0.441094 0.953958 0.387969 0.95625 0.352813 0.951667 0.316094 0.935625 0.314375 0.829375
22 0.198594 0.837292 0.267188 0.831667 0.311719 0.831667 0.316094 0.932083 0.310937 0.936667 0.256875 0.940208 0.232969 0.940208 0.192656 0.932083 0.185 0.837292
22 0.478281 0.955625 0.4875 0.96125 0.553125 0.973542 0.6075 0.969792 0.646719 0.9575 0.648125 0.9975 0.471094 0.998333 0.470469 0.951667
22 0.323281 0.94125 0.344687 0.951667 0.368281 0.955625 0.438281 0.955625 0.460469 0.948958 0.468281 0.949792 0.468281 0.9975 0.316875 0.998333 0.315469 0.943125
22 0.202656 0.938333 0.314063 0.9375 0.312656 0.996458 0.194062 0.999375 0.194844 0.936458
22 0.134844 0.924167 0.162031 0.920417 0.177656 0.914583 0.192031 0.914583 0.194844 0.998333 0.12625 0.996458 0.127031 0.926875
22 0.135 0.833958 0.173125 0.820208 0.184375 0.820208 0.191562 0.913333 0.127812 0.922917 0.127812 0.829792
22 0.128906 0.7275 0.151562 0.716458 0.188594 0.717917 0.181406 0.7275 0.184375 0.824792 0.144375 0.835833 0.126875 0.835833 0.125781 0.737083