22 0.850938 0.00208333 0.771094 0.00375 0.773906 0.065 0.785781 0.0472917 0.810937 0.0216667 0.850938 0.00208333 0.850938 0.00208333 0.862656 0.001875 0.850938 0.001875 0.850938 0.00208333
22 0.588438 0.00354167 0.765469 0 0.768437 0.113958 0.754063 0.0739583 0.739844 0.053125 0.719062 0.0379167 0.700625 0.0320833 0.670625 0.0320833 0.638437 0.0416667 0.612031 0.0654167 0.597031 0.09125 0.590625 0.093125 0.589844 0.00354167
22 0.424219 0.141667 0.42 0 0.421406 0.00166667 0.592031 0.000833333 0.592812 0.113125 0.563438 0.0854167 0.545625 0.076875 0.527031 0.073125 0.481406 0.073125 0.467812 0.0816667 0.447813 0.104583 0.424219 0.141667 0.5 0.5 0.5 0.5
22 0.2525 0.00291667 0.254688 0.000833333 0.419219 0.000833333 0.426406 0.15125 0.415 0.136875 0.388594 0.113125 0.352187 0.0979167 0.32 0.096875 0.306562 0.101667 0.289375 0.113125 0.262969 0.155833 0.2525 0.00291667 0.249375 0.00125 0.26125 0.171042 0.239219 0.158333 0.218438 0.151875 0.189844 0.14875 0.171406 0.155208 0.151875 0.175 0.134531 0.00291667 0.249375 0.00125
22 0.18 0.649583 0.177187 0.645625 0.128281 0.6475 0.126875 0.177917 0.134219 0.181875 0.152031 0.187708 0.155 0.19375 0.18 0.649583 0.18 0.649583 0.180156 0.649583 0.180156 0.653542 0.18 0.649583
22 0.155156 0.170417 0.167969 0.155625 0.209219 0.154583 0.241719 0.160208 0.258906 0.173958 0.287031 0.64 0.269062 0.630833 0.243438 0.627292 0.200625 0.636458 0.185156 0.646875 0.156094 0.187708 0.1475 0.175
22 0.435313 0.396667 0.402813 0.365833 0.379688 0.352083 0.363281 0.34875 0.339375 0.34875 0.305156 0.358958 0.28875 0.371458 0.275156 0.394375 0.263125 0.164792 0.263906 0.153333 0.263906 0.144167 0.267344 0.135208 0.281094 0.114583 0.292187 0.105417 0.317969 0.09625 0.338438 0.09625 0.359844 0.100833 0.407031 0.12375 0.424219 0.139583 0.430156 0.171667 0.435313 0.396667 0.5 0.5 0.5 0.5
22 0.428437 0.131667 0.445625 0.09625 0.466094 0.0779167 0.483281 0.0722917 0.514062 0.0722917 0.562031 0.0860417 0.575781 0.0952083 0.589531 0.111042 0.592969 0.12375 0.599844 0.369167 0.575781 0.352083 0.535469 0.337292 0.497031 0.337292 0.473906 0.344167 0.462656 0.351042 0.439531 0.3875 0.427656 0.143125
22 0.599375 0.347292 0.592031 0.100625 0.593281 0.0891667 0.599375 0.074375 0.609219 0.0629167 0.614219 0.048125 0.619219 0.0447917 0.621563 0.038125 0.643906 0.025 0.711719 0.0266667 0.736406 0.038125 0.749844 0.0529167 0.762188 0.079375 0.768437 0.103958 0.770937 0.327708 0.768437 0.327708 0.767188 0.321042 0.757344 0.307917 0.74125 0.294792 0.725313 0.289792 0.698125 0.289792 0.667344 0.294792 0.6475 0.302917 0.64625 0.30625 0.627812 0.316042 0.610469 0.334167 0.604375 0.345625 0.599375 0.347292 0.5 0.5 0.5 0.5
22 0.775781 0.06125 0.806719 0.0233333 0.827656 0.00520833 0.83625 0.001875 0.870781 0.001875 0.872031 0.00520833 0.869531 0.24875 0.8325 0.24875 0.811562 0.256875 0.811562 0.260208 0.806719 0.261875 0.791875 0.28 0.777031 0.314375 0.772188 0.0710417
22 0.439063 0.608958 0.394687 0.589167 0.365 0.584167 0.330469 0.584167 0.310781 0.595625 0.288594 0.630208 0.275 0.401667 0.27625 0.390208 0.282344 0.378542 0.295938 0.36375 0.313281 0.357292 0.326875 0.345625 0.3725 0.345625 0.399531 0.358958 0.415625 0.372083 0.419375 0.378542 0.422969 0.378542 0.435313 0.393333 0.445156 0.61875 0.439063 0.608958 0.5 0.5 0.5 0.5
22 0.133125 0.653333 0.138125 0.65 0.159062 0.65 0.1825 0.659792 0.207187 0.995417 0.129375 0.995417 0.125781 0.648333
22 0.192344 0.643333 0.194844 0.638542 0.209687 0.631875 0.229375 0.631875 0.239219 0.635208 0.275 0.636875 0.286094 0.645 0.308281 0.997083 0.209687 0.99875 0.185 0.648333
22 0.294687 0.62375 0.305781 0.612083 0.316875 0.610625 0.316875 0.607292 0.321875 0.603958 0.345313 0.594167 0.397187 0.597292 0.409531 0.603958 0.415625 0.603958 0.434063 0.61375 0.435313 0.617083 0.441563 0.617083 0.447656 0.62375 0.453906 0.850625 0.440312 0.840833 0.432969 0.840833 0.421719 0.834167 0.389688 0.834167 0.357656 0.840833 0.336719 0.840833 0.302187 0.852292 0.291094 0.633542
22 0.308281 0.858958 0.320625 0.845625 0.331719 0.8425 0.434063 0.844167 0.4575 0.853958 0.46625 0.99875 0.309531 0.99875 0.300937 0.86375
22 0.437656 0.381458 0.46125 0.347083 0.485 0.334792 0.518906 0.334792 0.537344 0.338958 0.554844 0.348542 0.584688 0.355417 0.597969 0.36625 0.603125 0.377292 0.611406 0.59375 0.567187 0.569167 0.520937 0.569167 0.514687 0.574583 0.500312 0.576042 0.49625 0.58 0.480781 0.581458 0.469531 0.586875 0.458125 0.596458 0.447969 0.614375 0.436562 0.392292
22 0.445937 0.611667 0.459219 0.5925 0.47875 0.574583 0.515781 0.56375 0.538438 0.56375 0.566094 0.569167 0.607187 0.59375 0.613438 0.602083 0.620625 0.826875 0.604219 0.817292 0.58875 0.813125 0.532188 0.813125 0.500312 0.82125 0.468438 0.837708 0.458125 0.837708 0.448906 0.62125
22 0.465469 0.839167 0.47875 0.828125 0.520937 0.811667 0.570312 0.813125 0.618594 0.826875 0.626719 0.996667 0.469531 0.995417 0.463281 0.850208
22 0.602187 0.345625 0.615469 0.330625 0.659687 0.297708 0.674063 0.296458 0.6875 0.290833 0.712031 0.290833 0.720313 0.296458 0.742969 0.301875 0.763437 0.318333 0.768594 0.318333 0.778906 0.553958 0.745 0.533542 0.724375 0.529375 0.691563 0.529375 0.64625 0.543125 0.626719 0.56375 0.613438 0.586875 0.609375 0.586875 0.602187 0.365 0.599062 0.355417
22 0.616563 0.585625 0.632969 0.558125 0.66375 0.537708 0.684375 0.530833 0.7275 0.530833 0.754219 0.541667 0.760469 0.547292 0.766563 0.547292 0.78 0.558125 0.778906 0.788333 0.758437 0.7775 0.746094 0.7775 0.742969 0.774792 0.680312 0.77875 0.667969 0.782917 0.655625 0.7925 0.647344 0.793958 0.625781 0.815833 0.619531 0.817292 0.612344 0.602083 0.610313 0.5925
22 0.620625 0.813125 0.628906 0.800833 0.645312 0.789792 0.691563 0.774792 0.757344 0.7775 0.777969 0.788333 0.785156 0.804792 0.792344 0.996667 0.628906 0.996667 0.621719 0.824167
22 0.776875 0.324167 0.784062 0.296667 0.814844 0.258333 0.845781 0.241875 0.8725 0.240417 0.8725 0.505 0.859062 0.502292 0.834375 0.510417 0.827187 0.516042 0.819063 0.517292 0.784062 0.540625 0.775781 0.335
22 0.786094 0.542083 0.794375 0.531042 0.821094 0.514583 0.855 0.505 0.873437 0.506458 0.873437 0.748958 0.856094 0.750417 0.851875 0.754375 0.825156 0.762708 0.792344 0.783333 0.787188 0.783333 0.782969 0.552917
22 0.793281 0.784583 0.803594 0.77375 0.822031 0.762708 0.828281 0.762708 0.847813 0.751667 0.8725 0.748958 0.8725 0.991667 0.796406 0.998333 0.786094 0.78875