22 0.869844 0.003125 0.871406 0.220417 0.8625 0.220417 0.853594 0.214375 0.841719 0.214375 0.818125 0.2025 0.80625 0.190625 0.800313 0.18875 0.795937 0.180833 0.792969 0.180833 0.788438 0.168958 0.784062 0.168958 0.812187 0.003125
22 0.627188 0.00520833 0.805781 0.004375 0.779531 0.182917 0.776563 0.182917 0.76625 0.198542 0.758906 0.200625 0.758906 0.204583 0.705625 0.204583 0.684844 0.198542 0.671563 0.198542 0.67 0.194583 0.65375 0.190625 0.647813 0.182917 0.641875 0.182917 0.640469 0.178958 0.628594 0.175 0.622656 0.167083 0.612344 0.163125 0.610781 0.159167 0.604844 0.159167 0.625625 0.00125
22 0.438125 0.00270833 0.62375 0.0025 0.602344 0.167292 0.593906 0.178542 0.579531 0.188542 0.562188 0.194375 0.538906 0.196458 0.494219 0.189167 0.4675 0.175833 0.443125 0.156667 0.426719 0.135 0.437656 0.000625
22 0.258437 0.0025 0.436875 0.00104167 0.420937 0.153333 0.417969 0.160417 0.398906 0.178542 0.3775 0.185833 0.316719 0.180208 0.280469 0.161875 0.251406 0.127917 0.256719 0.00333333
22 0.125781 0.00104167 0.255469 0.00104167 0.247187 0.12875 0.235937 0.15 0.218594 0.164375 0.19125 0.170625 0.139531 0.170625 0.126406 0.161875
22 0.132812 0.1725 0.15 0.177083 0.183438 0.174792 0.201406 0.170208 0.221875 0.156458 0.22875 0.155208 0.239063 0.142708 0.247656 0.14625 0.225312 0.435208 0.222812 0.43625 0.217656 0.452292 0.203125 0.470625 0.1825 0.485417 0.169687 0.49 0.139688 0.491042 0.126875 0.484167 0.125156 0.167917
22 0.257812 0.140417 0.273281 0.159792 0.28875 0.170208 0.306719 0.179375 0.327344 0.185 0.3675 0.18375 0.388125 0.179375 0.412031 0.168958 0.417187 0.161042 0.420625 0.161042 0.393281 0.439792 0.389844 0.443125 0.382969 0.467083 0.362344 0.485417 0.340156 0.494583 0.305 0.494583 0.283594 0.48875 0.271563 0.483125 0.252812 0.466042 0.240781 0.44875 0.232187 0.429375 0.250156 0.138125
22 0.468594 0.18375 0.501094 0.19875 0.53375 0.19875 0.574844 0.192917 0.587656 0.187292 0.599688 0.175833 0.560312 0.467083 0.550781 0.491042 0.540625 0.501458 0.509687 0.512708 0.494375 0.515 0.468594 0.512708 0.425 0.49 0.412969 0.475208 0.396719 0.445417 0.422344 0.171042 0.254219 0.171042 0.254219 0.003125 0.430625 0.003125 0.430625 0.153958
22 0.700469 0.521875 0.690156 0.5275 0.6675 0.5275 0.641875 0.521875 0.618281 0.511042 0.588438 0.491875 0.564688 0.461667 0.60375 0.168333 0.611094 0.17375 0.631563 0.191667 0.692187 0.217708 0.741563 0.21625 0.76 0.209375 0.765156 0.203958 0.771406 0.203958 0.718906 0.498542 0.706562 0.516458 0.7025 0.516458 0.700469 0.521875 0.798594 0.8425 0.799687 0.843958 0.872656 0.8425 0.872656 0.967292 0.844844 0.964583 0.8325 0.959167 0.828438 0.953542 0.817187 0.948125 0.806875 0.933125 0.783281 0.908333 0.798594 0.8425
22 0.781719 0.179375 0.790937 0.177917 0.797031 0.188958 0.806406 0.197083 0.834062 0.209375 0.840312 0.209375 0.855625 0.218958 0.871094 0.220417 0.871094 0.520625 0.862813 0.526042 0.854688 0.52875 0.824844 0.52875 0.785781 0.519167 0.739531 0.483542 0.727187 0.465833 0.727187 0.456042 0.778594 0.188958
22 0.643437 0.838542 0.795469 0.843958 0.775 0.938542 0.76875 0.948125 0.747188 0.959167 0.704063 0.959167 0.688594 0.953542 0.666094 0.937083 0.6475 0.915208 0.644375 0.915208 0.637188 0.902917 0.643437 0.835625
22 0.493906 0.82625 0.49125 0.826042 0.494375 0.823333 0.493906 0.82625 0.493906 0.82625 0.640313 0.837083 0.622812 0.931667 0.610469 0.946667 0.602344 0.953542 0.598125 0.953542 0.594062 0.959167 0.553906 0.959167 0.534375 0.953542 0.503594 0.9275 0.49125 0.908333 0.485156 0.889167 0.493906 0.82625
22 0.336719 0.819375 0.334063 0.819167 0.337031 0.816458 0.336719 0.819375 0.336719 0.819375 0.49125 0.8275 0.47375 0.930208 0.458437 0.948125 0.438906 0.959167 0.432656 0.959167 0.424375 0.964583 0.400781 0.964583 0.383281 0.953542 0.351406 0.928958 0.337031 0.909792 0.329844 0.889167 0.336719 0.819375
22 0.179844 0.805625 0.335 0.8125 0.322656 0.919375 0.30625 0.94125 0.289844 0.952292 0.269219 0.959167 0.237344 0.959167 0.228125 0.95625 0.208594 0.942708 0.189062 0.920625 0.174687 0.887708 0.179844 0.802917
22 0.126094 0.932708 0.126875 0.804792 0.18 0.805833 0.168906 0.902917 0.162031 0.915417 0.151719 0.924583 0.125156 0.937292